2024-07-03 02:53:23.295, 0.66969126, 7.7330046, 5.6676993, -0.11384666, -0.0077883024, -0.037643462, 0.78734785, 7.933994, 5.709835, -14.868751, 19.6875, -24.6375, 4.5923605, -74.1819704
2024-07-03 02:53:24.302, 0.5593223, 7.637292, 5.8375897, 0.03939965, 0.014202199, 0.04146126, 0.73791915, 7.723427, 5.9978786, -15.150001, 21.825, -24.337502, 4.5923605, -74.1819704
2024-07-03 02:53:25.310, 0.7199405, 7.6755767, 6.136992, -0.039094225, 0.10888352, 0.07322531, 0.72778267, 7.656845, 6.0838675, -11.71875, 21.900002, -26.118752, 4.5923605, -74.1819704
2024-07-03 02:53:26.319, 0.40378883, 7.553543, 5.9288163, 0.008857286, 0.057572354, -0.058717694, 0.6056092, 7.643793, 6.1135955, -9.20625, 20.8875, -28.7625, 4.5923605, -74.1819704
2024-07-03 02:53:27.327, -0.051146585, 7.307082, 5.8016977, -0.15530792, 0.035581853, 0.12056598, 0.51157266, 7.624865, 6.1457396, -11.118751, 19.125, -28.368752, 4.5923605, -74.1819704
2024-07-03 02:53:28.340, -0.9056834, 5.8250275, 7.9827557, -0.13660072, 0.009315421, 0.07536328, -0.59227556, 6.005659, 7.729919, 9.375, 28.556252, -26.550001, 4.5923605, -74.1819704
2024-07-03 02:53:29.352, -0.21385853, 4.3908296, 7.513463, -0.62077355, -0.17241164, -0.0052685575, -0.6990728, 5.4822183, 8.1010475, 11.71875, 28.5375, -24.075, 4.5923605, -74.1819704
2024-07-03 02:53:30.361, -0.2976073, 3.5482569, 8.593225, -0.53846186, -0.26923093, 0.6814001, -0.044828344, 3.8162541, 9.033525, 21.675001, 24.6375, -15.168751, 4.5923605, -74.1819704
2024-07-03 02:53:31.368, 1.6944175, 1.058525, 9.342776, -0.020997874, -0.04382829, -0.46493113, 2.1890285, 0.9950067, 9.507287, 26.325, 24.768751, -9.6, 4.5923605, -74.1819704
2024-07-03 02:53:32.377, 2.6781666, 0.38554356, 9.122337, 0.17645851, -0.037414394, 0.23265645, 2.1536326, 0.9770006, 9.517233, 21.9375, 26.531252, -9.450001, 4.5923605, -74.1819704
2024-07-03 02:53:33.385, 1.7997017, 1.137488, 9.876675, 0.122322164, 0.05971032, -0.031840414, 1.9387774, 1.2399269, 9.532791, 23.41875, 26.56875, -10.200001, 4.5923605, -74.1819704
2024-07-03 02:53:34.392, 0.6266204, 4.7620163, 8.650652, 0.09300149, -0.066124216, 0.04359922, 1.0929562, 4.6593623, 8.5595665, 8.306251, 28.556252, -22.1625, 4.5923605, -74.1819704
2024-07-03 02:53:35.397, 0.619442, 3.9960139, 9.153444, -0.23907034, 0.1201842, 0.3740676, 0.81516284, 4.000552, 8.91636, 7.5937505, 32.175003, -22.95, 4.5923605, -74.1819704
2024-07-03 02:53:36.404, 1.416551, 1.0127622, 9.605987, -0.048104223, 0.022448637, 0.0264955, 1.6281307, 0.9685213, 9.62193, 25.875002, 37.706253, -15.01875, 4.5923605, -74.1819704
2024-07-03 02:53:37.417, 1.0884352, 0.88354975, 9.879067, 0.04940227, 0.07559235, 0.02985516, 1.1460397, 0.7600218, 9.709754, 25.050001, 38.081253, -12.937501, 4.5923605, -74.1819704
2024-07-03 02:53:38.432, 0.9927223, 0.50787663, 10.142278, -0.17118995, 0.07559235, 0.05428905, 1.1689489, 0.5090447, 9.723416, 25.3875, 38.49375, -12.825001, 4.5923605, -74.1819704
2024-07-03 02:53:39.447, 0.8539386, 0.91465646, 9.704092, 0.040010497, -0.004428643, 0.021608721, 0.8882279, 0.90463364, 9.724355, 26.04375, 38.90625, -13.70625, 4.5923605, -74.1819704
2024-07-03 02:53:40.461, 0.23629123, 0.7926225, 9.97478, -0.06467345, -0.2948865, -0.64146596, 0.9653059, -0.02234887, 9.758999, 19.03125, 47.550003, -14.250001, 4.5923605, -74.1819704
2024-07-03 02:53:41.477, 0.212363, 0.20129621, 9.366704, 0.04191939, -0.08047912, 0.06345176, 0.2678323, -0.093022384, 9.80255, 8.962501, 50.925003, -12.31875, 4.5923605, -74.1819704
2024-07-03 02:53:42.491, -0.369392, 1.3360924, 8.792128, -0.36498123, -0.712706, -0.5055525, 0.57562745, 2.239913, 9.530049, -1.3875, 33.675003, -27.843752, 4.5923605, -74.1819704
2024-07-03 02:53:43.503, -0.33110684, -0.81625164, -0.25034907, -0.6154286, -0.33581328, -0.67628425, 0.83311564, -0.6002311, 9.752746, 2.68125, 59.737503, -23.0625, 4.5923605, -74.1819704
2024-07-03 02:53:44.516, 0.32004002, -0.51206404, 9.859925, 1.5271181E-4, 0.0010689828, 5.344914E-4, 0.4889991, -0.5406689, 9.779517, -0.675, 57.750004, -6.3375, 4.5923605, -74.1819704
2024-07-03 02:53:45.529, 0.31046873, -0.485743, 9.850353, 5.344914E-4, 0.0014507623, -1.5271181E-4, 0.34726113, -0.49403808, 9.78804, -0.375, 58.0875, -6.20625, 4.5923605, -74.1819704
2024-07-03 02:53:46.539, 0.29850462, -0.5383851, 9.843175, -0.0014507623, -3.0542363E-4, 0.0017561859, 0.32785612, -0.48459506, 9.789181, -0.71250004, 57.843754, -6.5062504, 4.5923605, -74.1819704
2024-07-03 02:53:47.551, 0.32243285, -0.50009996, 9.864711, -5.344914E-4, 6.1084726E-4, 1.5271181E-4, 0.3292155, -0.48497218, 9.789117, -0.54375005, 57.91875, -6.80625, 4.5923605, -74.1819704
2024-07-03 02:53:48.560, 0.36311084, -0.48095736, 9.8886385, 7.635591E-5, 2.2906772E-4, -1.5271181E-4, 0.3285777, -0.48433867, 9.789169, -0.58125, 57.581253, -6.9750004, 4.5923605, -74.1819704
2024-07-03 02:53:49.567, 0.29850462, -0.47856453, 9.77827, 9.926268E-4, -0.0, 2.2906772E-4, 0.32909298, -0.48414963, 9.789162, -0.73125005, 57.91875, -6.7312503, 4.5923605, -74.1819704
2024-07-03 02:53:50.580, 0.3080759, -0.5168497, 9.850353, -7.635591E-4, 6.8720314E-4, 1.5271181E-4, 0.32680774, -0.48796004, 9.789049, -0.63750005, 57.7125, -6.6562505, 4.5923605, -74.1819704
2024-07-03 02:53:51.591, 0.3272185, -0.5096712, 9.869496, 0.0, 1.5271181E-4, 2.2906772E-4, 0.32935464, -0.48531398, 9.789095, -0.99375004, 57.750004, -6.9187503, 4.5923605, -74.1819704
2024-07-03 02:53:52.604, 0.35114673, -0.46899325, 9.893424, 6.8720314E-4, -0.0, -7.635591E-5, 0.3296825, -0.48653293, 9.789023, -1.1437501, 58.0125, -6.8625, 4.5923605, -74.1819704
2024-07-03 02:53:53.618, 0.32482567, -0.47377887, 9.864711, 4.5813544E-4, -1.5271181E-4, -3.8177954E-4, 0.32899806, -0.48515984, 9.789114, -1.125, 57.825, -7.1250005, 4.5923605, -74.1819704
2024-07-03 02:53:54.629, 0.360718, -0.46660042, 9.8886385, 1.5271181E-4, 7.635591E-5, -2.2906772E-4, 0.32588202, -0.48554564, 9.7892, -0.73125005, 57.54375, -6.5062504, 4.5923605, -74.1819704
2024-07-03 02:53:55.644, 0.32961133, -0.47138608, 9.883853, -0.0, 1.5271181E-4, -1.5271181E-4, 0.32991314, -0.48689514, 9.788998, -1.4625001, 58.18125, -6.2625003, 4.5923605, -74.1819704
2024-07-03 02:53:56.657, 0.31286156, -0.46660042, 9.883853, 8.39915E-4, -0.0, -8.39915E-4, 0.33211517, -0.4867985, 9.788929, -1.10625, 58.162502, -6.7500005, 4.5923605, -74.1819704
2024-07-03 02:53:57.669, 0.35832518, -0.47377887, 9.886246, 1.5271181E-4, 7.635591E-5, -3.0542363E-4, 0.33133128, -0.48666164, 9.788961, -1.03125, 58.575, -7.0875, 4.5923605, -74.1819704
2024-07-03 02:53:58.685, 0.39900318, -0.4426722, 9.859925, -0.003206948, 6.8720314E-4, 0.0, 0.33041832, -0.48641697, 9.789004, -1.2750001, 58.312504, -7.18125, 4.5923605, -74.1819704
2024-07-03 02:53:59.700, 0.31286156, -0.51445687, 9.852746, 1.5271181E-4, 7.635591E-5, 4.5813544E-4, 0.3285078, -0.48345074, 9.789215, -1.1812501, 58.050003, -6.9750004, 4.5923605, -74.1819704
2024-07-03 02:54:00.711, 0.30089745, -0.51206404, 9.843175, -7.635591E-5, 3.0542363E-4, -2.2906772E-4, 0.32860935, -0.48391098, 9.789189, -1.29375, 58.218754, -6.9750004, 4.5923605, -74.1819704
2024-07-03 02:54:01.720, 0.3080759, -0.51206404, 9.840782, -1.5271181E-4, -1.5271181E-4, -1.5271181E-4, 0.32709956, -0.48594287, 9.78914, -0.80625004, 57.35625, -6.1687503, 4.5923605, -74.1819704
2024-07-03 02:54:02.733, 0.33200413, -0.4546363, 9.89821, 0.0015271181, 7.635591E-4, -0.0010689828, 0.33160463, -0.4849864, 9.789036, -0.8625, 57.768753, -6.4875, 4.5923605, -74.1819704
2024-07-03 02:54:03.745, 0.32243285, -0.50488555, 9.869496, 8.39915E-4, 0.0013744063, 1.5271181E-4, 0.33052057, -0.48393163, 9.7891245, -0.88125, 57.99375, -6.2625003, 4.5923605, -74.1819704
2024-07-03 02:54:04.759, 0.31286156, -0.52163535, 9.84796, -3.0542363E-4, 3.0542363E-4, 3.8177954E-4, 0.33504224, -0.4852311, 9.788906, -0.95625, 57.975002, -6.43125, 4.5923605, -74.1819704
2024-07-03 02:54:05.772, 0.35832518, -0.4546363, 9.867104, -0.0012216945, 7.635591E-5, 4.5813544E-4, 0.33070824, -0.4834023, 9.7891445, -0.76875, 58.050003, -6.76875, 4.5923605, -74.1819704
2024-07-03 02:54:06.784, 0.34157544, -0.46181476, 9.871889, 0.0012980504, 6.8720314E-4, 1.5271181E-4, 0.33275807, -0.48270556, 9.789109, -0.84375006, 57.600002, -6.3750005, 4.5923605, -74.1819704
2024-07-03 02:54:07.797, 0.32961133, -0.46660042, 9.89821, 0.0053449133, -8.39915E-4, -0.0010689828, 0.33164153, -0.48230928, 9.789166, -1.48125, 57.750004, -7.05, 4.5923605, -74.1819704
2024-07-03 02:54:08.809, 0.35353956, -0.4833502, 9.874282, 7.635591E-5, -2.2906772E-4, -1.5271181E-4, 0.33743322, -0.4906789, 9.788551, -1.0875001, 56.268753, -8.19375, 4.5923605, -74.1819704
2024-07-03 02:54:09.822, 0.32482567, -0.5288138, 9.824033, -2.2906772E-4, -5.344914E-4, 1.5271181E-4, 0.33048385, -0.4829071, 9.789176, -1.48125, 57.112503, -7.8750005, 4.5923605, -74.1819704
2024-07-03 02:54:10.835, 0.30089745, -2.7912276, 9.653843, -2.7271276, -0.25067645, 1.126097, 0.29750714, -2.707343, 9.420837, 1.3687501, 56.268753, -2.0625, 4.5923605, -74.1819704
2024-07-03 02:54:11.848, -8.217252, 1.4581263, -0.9616156, -1.0603545, 0.08284616, 0.37895438, -9.078117, 1.752516, -3.2690783, 13.275001, 31.275002, 18.16875, 4.5923605, -74.1819704
2024-07-03 02:54:12.861, 1.9025931, 4.848158, 7.322037, 1.2873605, -0.36490488, -0.67231375, 1.331493, 5.5600953, 7.967613, -3.525, 30.0375, -27.018751, 4.5923605, -74.1819704
2024-07-03 02:54:13.943, -1.0564312, 7.2807612, 8.277371, 0.102316916, 1.3846381, -0.7361473, -2.080845, 7.065941, 6.4740214, -5.25, 21.16875, -31.218752, 4.5923605, -74.1819704
2024-07-03 02:54:14.958, -2.2848465, 6.0116677, 7.4177504, -0.31924406, 0.009544488, 0.047264308, -2.5049205, 6.0386233, 7.309636, -7.2937503, 19.66875, -35.643753, 4.5923605, -74.1819704
2024-07-03 02:54:15.965, -0.65922266, 6.018846, 9.244371, -0.12140589, -0.506316, -0.23219831, -0.5584172, 5.605211, 8.027464, -12.0, 25.181252, -36.80625, 4.5923605, -74.1819704
2024-07-03 02:54:16.974, -1.9806589, 5.506483, 7.879864, 0.7951704, -0.79891187, -0.68056023, -1.998214, 5.998896, 7.496051, -9.75, 21.13125, -38.71875, 4.5923605, -74.1819704
2024-07-03 02:54:17.987, -1.4419748, 6.330212, 7.772187, 0.06642964, -0.08269345, -0.03642177, -1.4535766, 6.284407, 7.3867264, -16.1625, 17.60625, -36.206253, 4.5923605, -74.1819704
2024-07-03 02:54:18.999, 1.3495519, 7.228119, 5.933602, 0.06864396, -1.1339616, 0.16912833, 0.9669289, 6.782276, 7.0168476, -25.48125, 14.606251, -29.1, 4.5923605, -74.1819704
2024-07-03 02:54:20.013, -0.73100734, -6.411269, -7.923533, -1.7522917, -0.24548425, -0.16072918, -1.2034909, -6.217528, -7.4876122, -9.4875, -2.2875001, 25.050001, 4.5923605, -74.1819704
2024-07-03 02:54:21.027, 0.38703907, -6.480661, -7.0112696, 0.051234815, -0.21341476, -0.006795676, 0.22571278, -6.459278, -7.375443, -9.0, -6.8812504, 24.4125, 4.5923605, -74.1819704
2024-07-03 02:54:22.038, 1.5002998, -6.5285172, -6.719345, -0.0045813546, 0.043751936, -0.027564483, 1.2318757, -6.478026, -7.258653, -15.993751, -4.9875, 21.825, 4.5923605, -74.1819704
2024-07-03 02:54:23.051, 1.0357931, -7.071987, -6.364908, 0.028786177, -0.25495237, -0.0012980504, 0.90383554, -6.641015, -7.1589365, -14.606251, -4.65, 23.456251, 4.5923605, -74.1819704
2024-07-03 02:54:24.066, -0.11335997, -5.8893347, -7.9354973, -0.17966545, 0.0031305922, -0.10544751, 0.16106278, -5.910329, -7.8238387, -7.7250004, -9.0375, 24.618752, 4.5923605, -74.1819704
2024-07-03 02:54:25.078, 1.3375878, -5.2429733, -7.873284, -0.12949961, 0.16103461, 0.015194826, 1.2480049, -5.348509, -8.124428, -12.843751, -11.325001, 19.25625, 4.5923605, -74.1819704
2024-07-03 02:54:26.088, 0.91136634, -5.451149, -9.999307, 0.25586864, 0.030313294, -0.23922306, 0.87911123, -5.349867, -8.171687, -7.1062503, -12.525001, 23.00625, 4.5923605, -74.1819704
2024-07-03 02:54:27.100, 0.32004002, -5.994619, -8.646464, 0.057419643, -0.11079242, 0.014278554, 0.73510885, -6.002776, -7.7198887, -0.1875, -12.750001, 29.268751, 4.5923605, -74.1819704
2024-07-03 02:54:28.114, -1.114158, -5.831907, -7.346564, 0.051540237, 0.13598987, -0.15645325, -0.48026147, -5.993079, -7.747435, 3.8812501, -11.38125, 28.687502, 4.5923605, -74.1819704
2024-07-03 02:54:29.128, 0.51146585, -5.7601223, -8.80469, -0.09491039, 0.21723256, 0.12545276, 0.57736146, -5.5855265, -8.039835, -6.675, -12.31875, 24.056252, 4.5923605, -74.1819704
2024-07-03 02:54:30.140, 1.6390835, -4.4264226, -8.795118, 0.051234815, -0.16393614, -0.17691664, 2.758075, -4.569673, -8.226876, -10.35, -15.58125, 18.73125, 4.5923605, -74.1819704
2024-07-03 02:54:31.157, 1.2394822, -5.623432, -8.8238325, -0.013591352, 0.18638477, -0.026342789, 1.0176866, -5.7003846, -7.9145637, -2.1375, -14.00625, 26.812502, 4.5923605, -74.1819704
2024-07-03 02:54:32.168, 0.7965108, -5.7744794, -6.5494547, -0.11018158, 0.23677967, 0.06986566, 0.69369423, -6.0286293, -7.7035584, -1.125, -11.25, 28.800001, 4.5923605, -74.1819704
2024-07-03 02:54:33.182, 2.6566312, -5.096712, -9.2691965, -5.344914E-4, 0.19860171, 0.054899897, 1.7403105, -5.505436, -7.926656, -11.7375, -12.731251, 22.10625, 4.5923605, -74.1819704
2024-07-03 02:54:34.194, 1.7087744, -4.9340005, -6.3481584, -0.11766446, -0.27480492, -0.17844376, 1.6890726, -5.430637, -7.9890933, -8.606251, -13.6125, 23.23125, 4.5923605, -74.1819704
2024-07-03 02:54:35.210, -0.3717848, -4.3259244, -9.206684, -0.008322794, 0.4310291, -0.72637373, 1.9308249, -4.3747373, -8.561774, -8.512501, -19.837502, 18.65625, 4.5923605, -74.1819704
2024-07-03 02:54:36.222, 3.3699915, -4.234997, -7.8278203, -0.24693501, 0.17691664, 0.29954422, 2.622384, -3.0105064, -8.957138, -26.60625, -14.2875, -0.3, 4.5923605, -74.1819704
2024-07-03 02:54:37.234, 1.4093726, -2.1305094, -6.0107703, -1.3357702, -1.3795222, -0.30763796, 2.0745163, -2.471003, -9.260718, -24.562502, -17.175001, 1.3312501, 4.5923605, -74.1819704
2024-07-03 02:54:38.247, 0.6026922, -0.22731815, -9.855738, -0.14133479, -0.15019207, -0.17141901, 1.4577852, -1.1241053, -9.632322, 10.35, -25.031252, 6.7125, 4.5923605, -74.1819704
2024-07-03 02:54:39.261, 2.0509481, -2.71705, -8.589037, 0.5702259, 0.20379391, -0.43286163, 2.3173804, -2.831525, -9.098494, 26.19375, -12.093751, 16.725, 4.5923605, -74.1819704
2024-07-03 02:54:40.273, 2.9129624, -3.6867416, -9.867702, -0.38025242, -0.1349209, 0.32153472, 2.6961904, -3.8288693, -8.616304, 24.16875, -10.14375, 22.10625, 4.5923605, -74.1819704
2024-07-03 02:54:41.289, 3.1713872, -1.9295124, -8.242078, 0.40789327, 0.46279314, -0.010155336, 4.073617, -2.6218352, -8.526548, 16.25625, -17.306252, 17.23125, 4.5923605, -74.1819704
2024-07-03 02:54:42.302, 3.7746778, -4.553242, -7.8493557, -0.16531055, 0.12407835, 0.30259845, 4.139557, -4.3085375, -7.776307, 1.9125, -18.46875, 19.575, 4.5923605, -74.1819704
2024-07-03 02:54:43.315, 0.119042926, -2.7912276, -9.180363, 0.08574768, -0.03993414, 0.20089239, 0.19870307, -3.0032759, -9.333341, 6.3, -23.79375, 11.19375, 4.5923605, -74.1819704
2024-07-03 02:54:44.328, -1.9232312, -1.1512468, -11.217852, -0.72171605, 0.02725906, -0.08070819, -1.4829738, -1.4357784, -9.586956, 6.0, -26.062502, 5.925, 4.5923605, -74.1819704
2024-07-03 02:54:45.342, -0.032004002, -3.519244, -11.550753, 0.11102149, -0.008475506, -0.1543153, 0.9078907, -3.2323682, -9.214005, 7.4062505, -23.90625, 10.931251, 4.5923605, -74.1819704
2024-07-03 02:54:46.355, 3.9831524, -6.087939, -6.925128, -0.07062922, -0.15294088, -0.05841227, 4.1122866, -6.415659, -6.172424, -6.2250004, -13.14375, 24.0, 4.5923605, -74.1819704
2024-07-03 02:54:47.368, -0.24017957, -9.9089775, 3.2449665, 0.8076164, 1.1015103, 0.029244313, -1.4329578, -8.876309, 3.915118, 10.837501, 32.7, 27.0375, 4.5923605, -74.1819704
2024-07-03 02:54:48.386, 0.6122635, -8.745467, 5.083552, -0.81769544, -0.065284304, 0.49325916, -0.4214618, -8.6370945, 4.6252956, 21.225, 41.456253, 16.275002, 4.5923605, -74.1819704
2024-07-03 02:54:49.399, -0.9272188, -9.815658, -0.549751, -0.84044945, 0.12804885, -0.056579728, -0.85485303, -9.755507, -0.51931953, 16.518751, 15.843751, 44.325, 4.5923605, -74.1819704
2024-07-03 02:54:50.411, -1.4036896, -9.674481, -0.049351968, -0.011071607, -0.055205323, -0.007406523, -0.9830544, -9.724837, -0.79470074, 15.168751, 14.587501, 43.36875, 4.5923605, -74.1819704
2024-07-03 02:54:51.423, -1.2649059, -9.853943, -0.6693921, -0.017638214, 0.10605835, 0.010308048, -0.99595845, -9.717255, -0.8679943, 17.831251, 14.212501, 39.9375, 4.5923605, -74.1819704
2024-07-03 02:54:52.435, -0.6664011, -9.920941, -1.0788639, -0.05070032, 0.017790927, 0.008780929, -0.88723654, -9.726941, -0.87739956, 14.3625, 12.093751, 43.65, 4.5923605, -74.1819704
2024-07-03 02:54:53.446, -0.65682983, -9.8682995, -1.1602199, -2.2906772E-4, -2.2906772E-4, -7.635591E-5, -0.67310584, -9.708328, -1.2106518, 10.575001, 9.95625, 44.456253, 4.5923605, -74.1819704
2024-07-03 02:54:54.457, -0.6975078, -9.918549, -0.67178494, 0.08574768, 0.19738002, -0.005879405, -0.5937521, -9.76403, -0.69394994, 10.368751, 9.20625, 48.80625, 4.5923605, -74.1819704
2024-07-03 02:54:55.470, -0.41485563, -10.026226, -0.7746763, -0.008322794, -0.13919681, -6.8720314E-4, -0.53957707, -9.779832, -0.4838626, 6.76875, 9.056251, 53.550003, 4.5923605, -74.1819704
2024-07-03 02:54:56.482, -0.5587241, -9.937692, -0.32243285, -5.344914E-4, -8.39915E-4, -7.635591E-5, -0.5472345, -9.786058, -0.32245937, 10.087501, 9.450001, 54.000004, 4.5923605, -74.1819704
2024-07-03 02:54:57.492, -0.86979103, -9.91137, -0.48035914, -0.003283304, -0.031076854, 0.0011453386, -0.53544503, -9.786231, -0.33671594, 9.9375, 8.71875, 54.675003, 4.5923605, -74.1819704
2024-07-03 02:54:58.504, -0.51056856, -9.961619, -0.33439696, -2.2906772E-4, -8.39915E-4, -9.926268E-4, -0.5414146, -9.785417, -0.35054734, 9.618751, 9.1875, 53.718754, 4.5923605, -74.1819704
2024-07-03 02:54:59.515, -0.58983076, -9.920941, -0.45403808, -2.2906772E-4, -5.344914E-4, 0.0014507623, -0.5412158, -9.785236, -0.35586196, 10.200001, 9.637501, 53.831253, 4.5923605, -74.1819704
2024-07-03 02:55:00.523, -0.587438, -9.971191, -0.33439696, -2.2906772E-4, 6.8720314E-4, -7.635591E-5, -0.55370706, -9.784581, -0.35463455, 9.28125, 8.512501, 53.49375, 4.5923605, -74.1819704
2024-07-03 02:55:01.549, -0.59940207, -9.928121, -0.47318068, -5.344914E-4, 3.8177954E-4, 2.2906772E-4, -0.5517918, -9.78473, -0.35348973, 9.65625, 8.775001, 53.943752, 4.5923605, -74.1819704
2024-07-03 02:55:02.557, -0.5946164, -9.928121, -0.37986058, -2.2906772E-4, 2.2906772E-4, 6.8720314E-4, -0.55089706, -9.784745, -0.35450938, 10.05, 8.85, 53.925003, 4.5923605, -74.1819704
2024-07-03 02:55:03.567, -0.5416752, -9.949656, -0.2527419, -2.2906772E-4, -1.5271181E-4, -1.5271181E-4, -0.5473661, -9.784898, -0.35575518, 9.65625, 8.3625, 53.287502, 4.5923605, -74.1819704
2024-07-03 02:55:04.572, -0.5392824, -9.928121, -0.33200413, -0.0, -7.635591E-5, -7.635591E-5, -0.55076176, -9.78469, -0.3562264, 9.525001, 9.09375, 53.906254, 4.5923605, -74.1819704
2024-07-03 02:55:05.579, -0.5802595, -9.942477, -0.47318068, 3.0542363E-4, -3.8177954E-4, 9.162709E-4, -0.5454213, -9.78505, -0.35452944, 9.69375, 8.493751, 53.718754, 4.5923605, -74.1819704
2024-07-03 02:55:06.585, -0.52253264, -9.925728, -0.3056831, -2.2906772E-4, -7.635591E-5, -1.5271181E-4, -0.5468764, -9.784948, -0.3551023, 9.39375, 8.606251, 54.131252, 4.5923605, -74.1819704
2024-07-03 02:55:07.594, -0.58504516, -9.925728, -0.45403808, 3.8177954E-4, 1.5271181E-4, -2.2906772E-4, -0.54702574, -9.784881, -0.35672534, 9.9375, 9.20625, 54.300003, 4.5923605, -74.1819704
2024-07-03 02:55:08.605, -0.587438, -9.928121, -0.42532423, -0.0, 7.635591E-5, 0.0011453386, -0.5458061, -9.785004, -0.35522676, 9.7875, 8.700001, 54.61875, 4.5923605, -74.1819704
2024-07-03 02:55:09.615, -0.5802595, -9.932906, -0.4325027, 7.635591E-5, -3.8177954E-4, 6.1084726E-4, -0.542524, -9.7852125, -0.35451388, 9.543751, 8.45625, 54.825, 4.5923605, -74.1819704
2024-07-03 02:55:10.627, -0.56590253, -9.940084, -0.43728834, -4.5813544E-4, 0.0, 2.2906772E-4, -0.5418372, -9.78521, -0.35563916, 10.1625, 8.94375, 54.131252, 4.5923605, -74.1819704
2024-07-03 02:55:11.638, -0.57547385, -9.916156, -0.42532423, 7.635591E-5, -1.5271181E-4, 6.1084726E-4, -0.5437501, -9.785078, -0.3563241, 9.31875, 9.337501, 53.625004, 4.5923605, -74.1819704
2024-07-03 02:55:12.649, -0.50817573, -9.952048, -0.2670988, -0.0, -2.2906772E-4, -1.5271181E-4, -0.54292995, -9.785114, -0.3565647, 9.056251, 9.243751, 54.075, 4.5923605, -74.1819704
2024-07-03 02:55:13.661, -0.56111693, -9.928121, -0.40857446, 0.0, -4.5813544E-4, 3.0542363E-4, -0.5438303, -9.785079, -0.35619134, 9.900001, 9.01875, 54.35625, 4.5923605, -74.1819704
2024-07-03 02:55:14.673, -0.5201398, -9.97837, -0.2335993, 3.0542363E-4, 6.1084726E-4, -1.5271181E-4, -0.54699, -9.785016, -0.35308105, 9.675, 8.55, 54.206253, 4.5923605, -74.1819704
2024-07-03 02:55:15.683, -0.5392824, -9.942477, -0.34396824, -2.2906772E-4, 1.5271181E-4, -7.635591E-5, -0.5428256, -9.785124, -0.35646677, 9.356251, 8.94375, 53.925003, 4.5923605, -74.1819704
2024-07-03 02:55:16.691, -0.5129613, -9.932906, -0.25034907, 3.0542363E-4, -3.8177954E-4, 1.5271181E-4, -0.5456483, -9.784966, -0.35649243, 10.05, 8.962501, 54.093754, 4.5923605, -74.1819704
2024-07-03 02:55:17.700, -0.54406804, -9.937692, -0.37268212, 7.635591E-5, -1.5271181E-4, -3.8177954E-4, -0.54604423, -9.784949, -0.35635388, 9.84375, 8.887501, 53.943752, 4.5923605, -74.1819704
2024-07-03 02:55:18.711, -0.5201398, -9.930513, -0.2551347, 0.0, -0.0, -3.8177954E-4, -0.547806, -9.784896, -0.3551203, 9.50625, 9.5625, 54.3375, 4.5923605, -74.1819704
2024-07-03 02:55:19.722, -0.5488537, -9.913763, -0.3822534, 7.635591E-5, 1.5271181E-4, -0.0014507623, -0.5492338, -9.784796, -0.3557015, 9.168751, 8.85, 54.375004, 4.5923605, -74.1819704
2024-07-03 02:55:20.735, -0.5201398, -9.942477, -0.24795625, 3.8177954E-4, 9.926268E-4, -1.5271181E-4, -0.54144174, -9.785201, -0.35648, 8.8125, 8.75625, 54.24375, 4.5923605, -74.1819704
2024-07-03 02:55:21.746, -0.587438, -9.930513, -0.3894319, -3.0542363E-4, -7.635591E-5, -3.0542363E-4, -0.54278064, -9.785133, -0.35629195, 9.88125, 8.4375, 54.787502, 4.5923605, -74.1819704
2024-07-03 02:55:22.757, -0.5563313, -9.956834, -0.22881366, -7.635591E-5, 6.1084726E-4, 5.344914E-4, -0.54341066, -9.785155, -0.35472733, 9.1875, 8.868751, 54.375004, 4.5923605, -74.1819704
2024-07-03 02:55:23.774, -0.49381876, -9.925728, -0.2961118, 3.8177954E-4, 3.8177954E-4, 7.635591E-4, -0.5400916, -9.785302, -0.35572618, 9.69375, 8.2875, 54.35625, 4.5923605, -74.1819704
2024-07-03 02:55:24.784, -0.58983076, -9.91137, -0.45403808, -1.5271181E-4, 1.5271181E-4, -3.8177954E-4, -0.5453899, -9.784995, -0.356081, 9.6, 9.618751, 54.43125, 4.5923605, -74.1819704
2024-07-03 02:55:25.795, -0.49860442, -9.940084, -0.2961118, -1.5271181E-4, -1.5271181E-4, 5.344914E-4, -0.5321374, -9.785821, -0.3534416, 9.4875, 8.8125, 54.787502, 4.5923605, -74.1819704
2024-07-03 02:55:26.806, -0.2760719, -9.916156, -1.0860424, -0.0029778804, 0.0013744063, -7.635591E-5, -0.53762376, -9.785422, -0.35617712, 9.4875, 8.887501, 54.581253, 4.5923605, -74.1819704
2024-07-03 02:55:27.817, -0.5488537, -9.937692, -0.31286156, -6.1084726E-4, -6.8720314E-4, -7.635591E-5, -0.53682464, -9.785569, -0.35334125, 9.918751, 8.962501, 54.506252, 4.5923605, -74.1819704
2024-07-03 02:55:28.828, -0.5587241, -9.923335, -0.37268212, 0.0011453386, 0.0022906773, 1.5271181E-4, -0.5414061, -9.785029, -0.3611921, 9.5625, 8.512501, 54.956253, 4.5923605, -74.1819704
2024-07-03 02:55:29.838, -0.5201398, -9.968799, -0.23838496, -7.635591E-5, 4.5813544E-4, -1.5271181E-4, -0.5405011, -9.785182, -0.3584308, 9.20625, 8.887501, 54.73125, 4.5923605, -74.1819704
2024-07-03 02:55:30.849, -0.56350976, -9.918549, -0.38464624, -3.0542363E-4, -2.2906772E-4, 3.0542363E-4, -0.5380141, -9.785368, -0.35708126, 9.150001, 8.75625, 55.162502, 4.5923605, -74.1819704
2024-07-03 02:55:31.860, -0.5201398, -9.940084, -0.23838496, -3.0542363E-4, -7.635591E-5, 7.635591E-5, -0.5385759, -9.785334, -0.35714543, 9.450001, 8.94375, 54.862503, 4.5923605, -74.1819704
2024-07-03 02:55:32.870, -0.5512465, -9.916156, -0.31046873, 1.5271181E-4, 0.0011453386, -4.5813544E-4, -0.5387965, -9.785242, -0.35935107, 9.58125, 8.587501, 55.406254, 4.5923605, -74.1819704
2024-07-03 02:55:33.881, -0.5706882, -9.892228, -0.28384858, -9.162709E-4, -8.39915E-4, -7.635591E-5, -0.54132485, -9.785149, -0.3580723, 9.4875, 8.25, 55.143753, 4.5923605, -74.1819704
2024-07-03 02:55:34.892, -0.57547385, -9.923335, -0.3702893, 3.8177954E-4, 3.8177954E-4, -1.5271181E-4, -0.54120976, -9.785122, -0.35898924, 9.618751, 8.64375, 54.693752, 4.5923605, -74.1819704
2024-07-03 02:55:35.903, -0.5129613, -9.949656, -0.15702899, 7.635591E-4, -9.162709E-4, -4.5813544E-4, -0.54002476, -9.78522, -0.3580886, 9.28125, 8.325001, 54.037502, 4.5923605, -74.1819704
2024-07-03 02:55:36.913, -0.5488537, -9.9089775, -0.45882374, 3.0542363E-4, 7.635591E-5, -3.0542363E-4, -0.5390427, -9.785213, -0.3597419, 9.65625, 8.231251, 55.0875, 4.5923605, -74.1819704
2024-07-03 02:55:37.925, -0.5201398, -9.952048, -0.2961118, 3.0542363E-4, -3.0542363E-4, 2.2906772E-4, -0.54032516, -9.785132, -0.3600198, 9.28125, 8.38125, 54.975002, 4.5923605, -74.1819704
2024-07-03 02:55:38.936, -0.50817573, -9.94487, -0.4755735, -0.002443389, -3.0542363E-4, 1.5271181E-4, -0.53971297, -9.785292, -0.35658792, 9.356251, 8.868751, 54.787502, 4.5923605, -74.1819704
2024-07-03 02:55:39.947, -0.54646087, -9.935299, -0.4325027, 7.635591E-5, 6.1084726E-4, -2.2906772E-4, -0.53725755, -9.78533, -0.35926652, 10.012501, 9.1125, 54.825, 4.5923605, -74.1819704
2024-07-03 02:55:40.957, -0.5706882, -9.923335, -0.46839502, 6.8720314E-4, 2.2906772E-4, -1.5271181E-4, -0.53886074, -9.785249, -0.35907552, 9.5625, 8.2875, 54.825, 4.5923605, -74.1819704
2024-07-03 02:55:41.969, -0.5512465, -9.918549, -0.37746778, 6.1084726E-4, 0.0, -2.2906772E-4, -0.5392695, -9.785225, -0.3590818, 9.28125, 9.1125, 54.956253, 4.5923605, -74.1819704
2024-07-03 02:55:42.979, -0.6017949, -9.920941, -0.43968117, -6.1084726E-4, -6.8720314E-4, 7.635591E-5, -0.53936, -9.785207, -0.35943174, 9.6, 8.925, 55.143753, 4.5923605, -74.1819704
2024-07-03 02:55:43.989, -0.5563313, -9.937692, -0.39421752, -2.2906772E-4, -0.0, 3.0542363E-4, -0.53859085, -9.78524, -0.35973296, 9.58125, 7.93125, 55.256252, 4.5923605, -74.1819704
2024-07-03 02:55:45.003, -0.50099725, -9.947263, -0.2551347, -3.0542363E-4, -8.39915E-4, -4.5813544E-4, -0.5388671, -9.785277, -0.3582583, 9.4875, 8.137501, 55.162502, 4.5923605, -74.1819704
2024-07-03 02:55:46.016, -0.5297111, -9.947263, -0.39900318, 3.8177954E-4, 3.0542363E-4, -1.5271181E-4, -0.53956, -9.785141, -0.36093953, 9.50625, 8.587501, 54.506252, 4.5923605, -74.1819704
2024-07-03 02:55:47.028, -0.52253264, -9.932906, -0.24077778, 0.0012980504, 9.162709E-4, -3.8177954E-4, -0.53845257, -9.7852335, -0.36009914, 9.4125, 8.962501, 54.61875, 4.5923605, -74.1819704
2024-07-03 02:55:48.040, -0.5563313, -9.930513, -0.39661035, -3.0542363E-4, -0.0, 5.344914E-4, -0.5386993, -9.785326, -0.35718432, 9.46875, 8.55, 54.956253, 4.5923605, -74.1819704
2024-07-03 02:55:49.051, -0.51535416, -9.949656, -0.2670988, 3.8177954E-4, -7.635591E-5, 1.5271181E-4, -0.5402733, -9.785178, -0.35884857, 9.58125, 8.0625, 54.881252, 4.5923605, -74.1819704
2024-07-03 02:55:50.061, -0.56111693, -9.930513, -0.38464624, -3.0542363E-4, 6.1084726E-4, 2.2906772E-4, -0.5414864, -9.785106, -0.35900453, 9.76875, 8.38125, 54.6375, 4.5923605, -74.1819704
2024-07-03 02:55:51.073, -0.5249255, -9.961619, -0.23599213, 2.2906772E-4, 6.1084726E-4, -1.5271181E-4, -0.5405722, -9.785115, -0.36010396, 9.712501, 7.7812505, 54.412502, 4.5923605, -74.1819704
2024-07-03 02:55:52.084, -0.5587241, -9.930513, -0.41575295, -7.635591E-5, 6.1084726E-4, 1.5271181E-4, -0.53842455, -9.785212, -0.36072493, 9.6, 8.71875, 55.125004, 4.5923605, -74.1819704
2024-07-03 02:55:53.095, -0.56350976, -9.91137, -0.4660022, 1.5271181E-4, 0.0012980504, -4.5813544E-4, -0.5395408, -9.785218, -0.35886848, 9.712501, 8.625, 55.256252, 4.5923605, -74.1819704
2024-07-03 02:55:54.106, -0.56111693, -9.935299, -0.39182472, -3.0542363E-4, -4.5813544E-4, -2.2906772E-4, -0.5387227, -9.785227, -0.3598686, 9.4875, 8.418751, 55.031254, 4.5923605, -74.1819704
2024-07-03 02:55:55.118, -0.5488537, -9.923335, -0.45403808, 3.8177954E-4, 5.344914E-4, 1.5271181E-4, -0.5379441, -9.78523, -0.36094785, 9.3, 8.00625, 55.0125, 4.5923605, -74.1819704
2024-07-03 02:55:56.127, -0.5344968, -9.918549, -0.30329028, 9.162709E-4, -6.8720314E-4, -7.635591E-5, -0.5395885, -9.785189, -0.3596081, 9.31875, 8.45625, 54.80625, 4.5923605, -74.1819704
2024-07-03 02:55:57.138, -0.5563313, -9.918549, -0.47078785, 0.0, -7.635591E-5, -7.635591E-5, -0.53802246, -9.785261, -0.35996932, 9.4125, 8.775001, 55.0875, 4.5923605, -74.1819704
2024-07-03 02:55:58.149, -0.49860442, -9.925728, -0.27667013, 1.5271181E-4, 4.5813544E-4, -1.5271181E-4, -0.5395453, -9.78517, -0.3601789, 9.50625, 8.587501, 55.425003, 4.5923605, -74.1819704
2024-07-03 02:55:59.160, -0.5563313, -9.937692, -0.4325027, 3.8177954E-4, -2.2906772E-4, 7.635591E-4, -0.53712296, -9.785262, -0.36128908, 9.39375, 7.55625, 55.55625, 4.5923605, -74.1819704
2024-07-03 02:56:00.171, -0.5033901, -9.949656, -0.293719, 0.0, -0.0, 8.39915E-4, -0.5370749, -9.785305, -0.36019322, 9.20625, 8.981251, 55.518753, 4.5923605, -74.1819704
2024-07-03 02:56:01.183, -0.5129613, -9.940084, -0.3152544, -6.1084726E-4, 2.2906772E-4, 3.0542363E-4, -0.5385228, -9.78527, -0.35897478, 8.887501, 8.793751, 55.4625, 4.5923605, -74.1819704
2024-07-03 02:56:02.193, -0.58983076, -9.956834, -0.40857446, 0.004352287, 0.0038941512, 6.8720314E-4, -0.5391971, -9.785191, -0.3601308, 9.168751, 8.325001, 55.425003, 4.5923605, -74.1819704
2024-07-03 02:56:03.204, -0.4866403, -9.983155, -0.31046873, -1.5271181E-4, -0.00503949, -7.635591E-4, -0.5420895, -9.784993, -0.3611461, 9.09375, 8.55, 55.162502, 4.5923605, -74.1819704
2024-07-03 02:56:04.214, -0.52253264, -9.937692, -0.27667013, 7.635591E-5, 1.5271181E-4, -3.0542363E-4, -0.541387, -9.785068, -0.36018792, 9.31875, 8.7375, 55.0875, 4.5923605, -74.1819704
2024-07-03 02:56:05.226, -0.5512465, -9.918549, -0.45882374, 3.8177954E-4, -2.2906772E-4, -3.8177954E-4, -0.53935486, -9.785181, -0.36015996, 9.39375, 8.56875, 55.518753, 4.5923605, -74.1819704
2024-07-03 02:56:06.237, -0.6999006, -9.810872, -0.18813568, 6.1084726E-4, 1.5271181E-4, 6.1084726E-4, -0.5404147, -9.785224, -0.35738653, 9.46875, 8.606251, 54.975002, 4.5923605, -74.1819704
2024-07-03 02:56:07.247, -0.48424748, -9.904192, -0.3056831, 0.0020616094, -0.004275931, 9.926268E-4, -0.540131, -9.785092, -0.3614209, 9.356251, 8.3625, 55.55625, 4.5923605, -74.1819704
2024-07-03 02:56:08.265, -0.5563313, -9.920941, -0.45882374, -3.0542363E-4, -1.5271181E-4, -7.635591E-5, -0.5397681, -9.785157, -0.360191, 9.9375, 8.08125, 55.65, 4.5923605, -74.1819704
2024-07-03 02:56:09.281, -0.6448657, -9.964012, -0.18335004, 0.0021379655, -0.0036650836, -7.635591E-5, -0.53813386, -9.7852125, -0.36112848, 9.825001, 7.93125, 55.74375, 4.5923605, -74.1819704
2024-07-03 02:56:10.290, -0.5249255, -9.940084, -0.28863424, -2.2906772E-4, 3.8177954E-4, -0.0, -0.54092884, -9.785114, -0.35961446, 9.431251, 7.8562503, 55.3875, 4.5923605, -74.1819704
2024-07-03 02:56:11.301, -0.587438, -9.923335, -0.22642085, 7.635591E-4, -6.8720314E-4, 2.2906772E-4, -0.54124606, -9.785103, -0.35947326, 8.512501, 7.7625003, 56.175003, 4.5923605, -74.1819704
2024-07-03 02:56:12.312, -0.5057829, -9.935299, -0.2216352, 7.635591E-5, 0.001603474, 0.0012216945, -0.5409852, -9.785216, -0.35676107, 8.606251, 7.0875, 56.268753, 4.5923605, -74.1819704
2024-07-03 02:56:13.323, -0.51535416, -9.930513, -0.3080759, 7.635591E-5, -3.8177954E-4, -3.0542363E-4, -0.5412712, -9.785085, -0.35990888, 9.28125, 8.118751, 55.93125, 4.5923605, -74.1819704
2024-07-03 02:56:14.332, -0.54406804, -9.947263, -0.28145576, -0.0, -7.635591E-5, 7.635591E-5, -0.54247797, -9.785091, -0.3578702, 8.775001, 8.08125, 55.29375, 4.5923605, -74.1819704
2024-07-03 02:56:15.342, -0.5201398, -9.920941, -0.3056831, 1.5271181E-4, 1.5271181E-4, 2.2906772E-4, -0.5417791, -9.785101, -0.35867688, 9.58125, 7.65, 55.575, 4.5923605, -74.1819704
2024-07-03 02:56:16.353, -0.53688955, -9.9089775, -0.22642085, -3.0542363E-4, 6.8720314E-4, 2.2906772E-4, -0.54032093, -9.785117, -0.36041495, 9.4125, 8.2875, 55.29375, 4.5923605, -74.1819704
2024-07-03 02:56:17.365, -0.53210396, -9.925728, -0.31286156, 0.0, 6.8720314E-4, -5.344914E-4, -0.54217136, -9.784975, -0.3615153, 9.31875, 8.400001, 55.068752, 4.5923605, -74.1819704
2024-07-03 02:56:18.377, -0.5706882, -9.925728, -0.43010986, 7.635591E-5, 3.0542363E-4, 1.5271181E-4, -0.5400468, -9.785211, -0.35830632, 9.1125, 8.025001, 55.237503, 4.5923605, -74.1819704
2024-07-03 02:56:19.387, -0.57547385, -9.920941, -0.42771706, 0.0, -3.8177954E-4, -7.635591E-5, -0.53875375, -9.785287, -0.3581933, 8.8125, 8.512501, 55.10625, 4.5923605, -74.1819704
2024-07-03 02:56:20.397, -0.53688955, -9.930513, -0.30329028, 7.635591E-5, -2.2906772E-4, -0.0, -0.5382215, -9.785271, -0.35941765, 9.13125, 8.325001, 55.65, 4.5923605, -74.1819704
2024-07-03 02:56:21.408, -0.573081, -9.91137, -0.44207397, 3.0542363E-4, 4.5813544E-4, 2.2906772E-4, -0.5370779, -9.785312, -0.36000633, 9.1875, 8.118751, 54.9, 4.5923605, -74.1819704
2024-07-03 02:56:22.420, -0.56350976, -9.913763, -0.40857446, -2.2906772E-4, -3.8177954E-4, 0.0, -0.53740585, -9.785361, -0.35814834, 9.84375, 8.400001, 55.800003, 4.5923605, -74.1819704
2024-07-03 02:56:23.431, -0.5778667, -9.925728, -0.44207397, 2.2906772E-4, -3.0542363E-4, -3.8177954E-4, -0.5373945, -9.785362, -0.3581594, 9.168751, 8.418751, 55.575, 4.5923605, -74.1819704
2024-07-03 02:56:24.441, -0.54406804, -9.932906, -0.3822534, 7.635591E-5, 3.0542363E-4, -1.5271181E-4, -0.53740615, -9.785319, -0.35930622, 9.1875, 8.512501, 55.74375, 4.5923605, -74.1819704
2024-07-03 02:56:25.451, -0.56829536, -9.923335, -0.4660022, -6.1084726E-4, -3.0542363E-4, -2.2906772E-4, -0.5385759, -9.785228, -0.36006066, 9.09375, 7.8187504, 55.48125, 4.5923605, -74.1819704
2024-07-03 02:56:26.461, -0.5344968, -9.930513, -0.3487539, -2.2906772E-4, -2.2906772E-4, -4.5813544E-4, -0.53838325, -9.785273, -0.3591143, 9.0, 8.0625, 55.29375, 4.5923605, -74.1819704
2024-07-03 02:56:27.471, -0.58504516, -9.937692, -0.4660022, 2.2906772E-4, 3.8177954E-4, -7.635591E-5, -0.540443, -9.78525, -0.3566502, 8.700001, 7.65, 55.3875, 4.5923605, -74.1819704
2024-07-03 02:56:28.481, -0.56590253, -9.925728, -0.36789647, -0.0, -2.2906772E-4, 1.5271181E-4, -0.53969514, -9.785238, -0.35809523, 9.3, 8.26875, 55.631252, 4.5923605, -74.1819704
2024-07-03 02:56:29.491, -0.58983076, -9.918549, -0.43968117, 1.5271181E-4, -0.0, 6.8720314E-4, -0.5391365, -9.785206, -0.35981917, 9.1875, 8.7375, 55.275, 4.5923605, -74.1819704
2024-07-03 02:56:30.501, -0.53210396, -9.935299, -0.32482567, -7.635591E-4, 3.8177954E-4, -0.0011453386, -0.5455869, -9.784955, -0.35690147, 9.31875, 7.9125004, 55.256252, 4.5923605, -74.1819704
2024-07-03 02:56:31.512, -0.58265233, -9.928121, -0.45164528, 7.635591E-5, 0.0, -3.8177954E-4, -0.54515195, -9.784911, -0.35878202, 8.925, 8.925, 55.031254, 4.5923605, -74.1819704
2024-07-03 02:56:32.523, -0.5344968, -9.923335, -0.30329028, -3.0542363E-4, 4.5813544E-4, 3.0542363E-4, -0.5471748, -9.784806, -0.35853425, 9.225, 8.400001, 56.081253, 4.5923605, -74.1819704
2024-07-03 02:56:33.534, -0.56350976, -9.925728, -0.42532423, 6.1084726E-4, 4.5813544E-4, -0.001603474, -0.55211586, -9.784423, -0.36140516, 9.50625, 8.400001, 55.2, 4.5923605, -74.1819704
2024-07-03 02:56:34.543, -0.53210396, -9.975977, -0.29132617, 9.162709E-4, -0.0013744063, -0.0022143214, -0.5533209, -9.784467, -0.3583781, 9.618751, 8.15625, 55.331253, 4.5923605, -74.1819704
2024-07-03 02:56:35.550, -0.58983076, -9.916156, -0.41336012, -7.635591E-5, -1.5271181E-4, -6.8720314E-4, -0.55125254, -9.784803, -0.35231683, 8.775001, 8.0625, 55.312504, 4.5923605, -74.1819704
2024-07-03 02:56:36.558, -0.5778667, -9.897014, -0.4109673, 6.1084726E-4, 7.635591E-4, -3.8177954E-4, -0.55197, -9.784662, -0.35509765, 8.7375, 8.8125, 55.218754, 4.5923605, -74.1819704
2024-07-03 02:56:37.568, -0.5587241, -9.928121, -0.34396824, 6.1084726E-4, 7.635591E-4, -3.8177954E-4, -0.55197, -9.784662, -0.35509765, 9.65625, 8.325001, 55.143753, 4.5923605, -74.1819704
2024-07-03 02:56:38.578, -0.6017949, -9.9089775, -0.42532423, 6.1084726E-4, 7.635591E-4, -3.8177954E-4, -0.55197, -9.784662, -0.35509765, 9.375, 8.493751, 55.0875, 4.5923605, -74.1819704
2024-07-03 02:56:39.584, -0.54406804, -9.892228, -0.35353956, 6.1084726E-4, 7.635591E-4, -3.8177954E-4, -0.55197, -9.784662, -0.35509765, 8.887501, 8.868751, 55.48125, 4.5923605, -74.1819704
2024-07-03 02:56:40.591, -0.66161543, -9.8682995, -0.4229314, 6.1084726E-4, 7.635591E-4, -3.8177954E-4, -0.55197, -9.784662, -0.35509765, 9.150001, 7.9687505, 55.74375, 4.5923605, -74.1819704
2024-07-03 02:56:41.603, -0.517747, -9.928121, -0.3272185, 6.1084726E-4, 7.635591E-4, -3.8177954E-4, -0.55197, -9.784662, -0.35509765, 9.431251, 8.2875, 55.575, 4.5923605, -74.1819704
2024-07-03 02:56:42.614, -0.587438, -9.940084, -0.44207397, 6.1084726E-4, 7.635591E-4, -3.8177954E-4, -0.55197, -9.784662, -0.35509765, 8.868751, 8.85, 55.275, 4.5923605, -74.1819704
2024-07-03 02:56:43.624, -0.56111693, -9.928121, -0.32961133, 6.1084726E-4, 7.635591E-4, -3.8177954E-4, -0.55197, -9.784662, -0.35509765, 8.981251, 7.6125, 55.575, 4.5923605, -74.1819704
2024-07-03 02:56:44.635, -0.5946164, -9.913763, -0.43010986, 6.1084726E-4, 7.635591E-4, -3.8177954E-4, -0.55197, -9.784662, -0.35509765, 9.225, 8.587501, 55.143753, 4.5923605, -74.1819704
2024-07-03 02:56:45.647, -0.56111693, -9.932906, -0.3702893, 6.1084726E-4, 7.635591E-4, -3.8177954E-4, -0.55197, -9.784662, -0.35509765, 9.243751, 8.493751, 54.937504, 4.5923605, -74.1819704
2024-07-03 02:56:46.653, -0.59700924, -9.920941, -0.44207397, 6.1084726E-4, 7.635591E-4, -3.8177954E-4, -0.55197, -9.784662, -0.35509765, 9.450001, 8.306251, 55.537502, 4.5923605, -74.1819704
2024-07-03 02:56:47.661, -0.56829536, -9.916156, -0.3367898, 6.1084726E-4, 7.635591E-4, -3.8177954E-4, -0.55197, -9.784662, -0.35509765, 9.075001, 8.0625, 55.48125, 4.5923605, -74.1819704
2024-07-03 02:56:48.672, -0.587438, -9.920941, -0.43489552, 6.1084726E-4, 7.635591E-4, -3.8177954E-4, -0.55197, -9.784662, -0.35509765, 8.90625, 8.306251, 55.706253, 4.5923605, -74.1819704
2024-07-03 02:56:49.683, -0.57547385, -9.937692, -0.34636107, 6.1084726E-4, 7.635591E-4, -3.8177954E-4, -0.55197, -9.784662, -0.35509765, 9.075001, 8.90625, 55.312504, 4.5923605, -74.1819704
2024-07-03 02:56:50.694, -0.587438, -9.918549, -0.43728834, 6.1084726E-4, 7.635591E-4, -3.8177954E-4, -0.55197, -9.784662, -0.35509765, 9.375, 8.4375, 54.862503, 4.5923605, -74.1819704
2024-07-03 02:56:51.703, -0.573081, -9.930513, -0.36311084, 6.1084726E-4, 7.635591E-4, -3.8177954E-4, -0.55197, -9.784662, -0.35509765, 9.1125, 8.793751, 54.881252, 4.5923605, -74.1819704
2024-07-03 02:56:52.715, -0.58504516, -9.920941, -0.47078785, 6.1084726E-4, 7.635591E-4, -3.8177954E-4, -0.55197, -9.784662, -0.35509765, 9.225, 8.175, 55.10625, 4.5923605, -74.1819704
2024-07-03 02:56:53.725, -0.573081, -9.937692, -0.37986058, 6.1084726E-4, 7.635591E-4, -3.8177954E-4, -0.55197, -9.784662, -0.35509765, 9.28125, 8.418751, 55.237503, 4.5923605, -74.1819704
2024-07-03 02:56:54.736, -0.58265233, -9.9089775, -0.4444668, 6.1084726E-4, 7.635591E-4, -3.8177954E-4, -0.55197, -9.784662, -0.35509765, 9.50625, 8.681251, 55.48125, 4.5923605, -74.1819704
2024-07-03 02:56:55.747, -0.57547385, -9.932906, -0.401396, 6.1084726E-4, 7.635591E-4, -3.8177954E-4, -0.55197, -9.784662, -0.35509765, 9.056251, 8.8125, 54.91875, 4.5923605, -74.1819704
2024-07-03 02:56:56.758, -0.5922236, -9.925728, -0.4325027, 6.1084726E-4, 7.635591E-4, -3.8177954E-4, -0.55197, -9.784662, -0.35509765, 9.225, 8.55, 55.537502, 4.5923605, -74.1819704
2024-07-03 02:56:57.768, -0.53210396, -9.94487, -0.3056831, 6.1084726E-4, 7.635591E-4, -3.8177954E-4, -0.55197, -9.784662, -0.35509765, 9.243751, 8.45625, 55.237503, 4.5923605, -74.1819704
2024-07-03 02:56:58.778, -0.5802595, -9.920941, -0.4229314, 6.1084726E-4, 7.635591E-4, -3.8177954E-4, -0.55197, -9.784662, -0.35509765, 9.76875, 8.400001, 55.162502, 4.5923605, -74.1819704
2024-07-03 02:56:59.788, -0.5563313, -9.916156, -0.41336012, 6.1084726E-4, 7.635591E-4, -3.8177954E-4, -0.55197, -9.784662, -0.35509765, 9.09375, 8.137501, 55.218754, 4.5923605, -74.1819704
2024-07-03 02:57:00.799, -0.57547385, -9.913763, -0.42053857, 6.1084726E-4, 7.635591E-4, -3.8177954E-4, -0.55197, -9.784662, -0.35509765, 9.3, 8.94375, 55.312504, 4.5923605, -74.1819704
2024-07-03 02:57:01.809, -0.5946164, -9.920941, -0.43010986, 6.1084726E-4, 7.635591E-4, -3.8177954E-4, -0.55197, -9.784662, -0.35509765, 9.31875, 8.55, 54.99375, 4.5923605, -74.1819704
2024-07-03 02:57:02.819, -0.573081, -9.918549, -0.40857446, 6.1084726E-4, 7.635591E-4, -3.8177954E-4, -0.55197, -9.784662, -0.35509765, 9.225, 7.8, 55.36875, 4.5923605, -74.1819704
2024-07-03 02:57:03.829, -0.573081, -9.920941, -0.43728834, 6.1084726E-4, 7.635591E-4, -3.8177954E-4, -0.55197, -9.784662, -0.35509765, 9.450001, 8.493751, 54.937504, 4.5923605, -74.1819704
2024-07-03 02:57:04.839, -0.56590253, -9.916156, -0.41336012, 6.1084726E-4, 7.635591E-4, -3.8177954E-4, -0.55197, -9.784662, -0.35509765, 8.981251, 8.64375, 55.125004, 4.5923605, -74.1819704
2024-07-03 02:57:05.849, -0.59940207, -9.920941, -0.44207397, 6.1084726E-4, 7.635591E-4, -3.8177954E-4, -0.55197, -9.784662, -0.35509765, 8.962501, 8.887501, 55.312504, 4.5923605, -74.1819704
2024-07-03 02:57:06.861, -0.5706882, -9.916156, -0.3894319, 6.1084726E-4, 7.635591E-4, -3.8177954E-4, -0.55197, -9.784662, -0.35509765, 9.675, 8.6625, 55.425003, 4.5923605, -74.1819704
2024-07-03 02:57:07.871, -0.58983076, -9.913763, -0.43728834, 6.1084726E-4, 7.635591E-4, -3.8177954E-4, -0.55197, -9.784662, -0.35509765, 9.0, 8.64375, 55.275, 4.5923605, -74.1819704
2024-07-03 02:57:08.880, -0.5587241, -9.923335, -0.37268212, 6.1084726E-4, 7.635591E-4, -3.8177954E-4, -0.55197, -9.784662, -0.35509765, 9.4125, 8.231251, 55.725002, 4.5923605, -74.1819704
2024-07-03 02:57:09.890, -0.57547385, -9.916156, -0.43728834, 6.1084726E-4, 7.635591E-4, -3.8177954E-4, -0.55197, -9.784662, -0.35509765, 8.962501, 8.137501, 55.237503, 4.5923605, -74.1819704
2024-07-03 02:57:10.902, -0.5512465, -9.923335, -0.36789647, 6.1084726E-4, 7.635591E-4, -3.8177954E-4, -0.55197, -9.784662, -0.35509765, 9.337501, 8.231251, 55.050003, 4.5923605, -74.1819704
2024-07-03 02:57:11.911, -0.5392824, -9.964012, -0.27667013, 6.1084726E-4, 7.635591E-4, -3.8177954E-4, -0.55197, -9.784662, -0.35509765, 9.13125, 8.19375, 55.275, 4.5923605, -74.1819704
2024-07-03 02:57:12.919, -0.5488537, -9.920941, -0.34636107, 6.1084726E-4, 7.635591E-4, -3.8177954E-4, -0.55197, -9.784662, -0.35509765, 9.356251, 8.1, 55.3875, 4.5923605, -74.1819704
2024-07-03 02:57:13.929, -0.57547385, -9.920941, -0.4444668, 6.1084726E-4, 7.635591E-4, -3.8177954E-4, -0.55197, -9.784662, -0.35509765, 9.50625, 8.8125, 55.256252, 4.5923605, -74.1819704
2024-07-03 02:57:14.940, -0.5392824, -9.947263, -0.32961133, 6.1084726E-4, 7.635591E-4, -3.8177954E-4, -0.55197, -9.784662, -0.35509765, 9.28125, 8.3625, 55.29375, 4.5923605, -74.1819704
2024-07-03 02:57:15.951, -0.56350976, -9.930513, -0.44685963, 6.1084726E-4, 7.635591E-4, -3.8177954E-4, -0.55197, -9.784662, -0.35509765, 9.76875, 8.1, 54.693752, 4.5923605, -74.1819704
2024-07-03 02:57:16.960, -0.54406804, -9.940084, -0.32961133, 6.1084726E-4, 7.635591E-4, -3.8177954E-4, -0.55197, -9.784662, -0.35509765, 9.58125, 8.25, 55.2, 4.5923605, -74.1819704
2024-07-03 02:57:17.970, -0.5706882, -9.920941, -0.45164528, 6.1084726E-4, 7.635591E-4, -3.8177954E-4, -0.55197, -9.784662, -0.35509765, 9.637501, 8.15625, 55.275, 4.5923605, -74.1819704
2024-07-03 02:57:18.980, -0.54406804, -9.9089775, -0.3080759, 6.1084726E-4, 7.635591E-4, -3.8177954E-4, -0.55197, -9.784662, -0.35509765, 9.431251, 8.6625, 55.29375, 4.5923605, -74.1819704
2024-07-03 02:57:19.990, -0.5587241, -9.91137, -0.44685963, 6.1084726E-4, 7.635591E-4, -3.8177954E-4, -0.55197, -9.784662, -0.35509765, 9.637501, 8.493751, 55.143753, 4.5923605, -74.1819704
2024-07-03 02:57:21.000, -0.5297111, -9.940084, -0.31286156, 6.1084726E-4, 7.635591E-4, -3.8177954E-4, -0.55197, -9.784662, -0.35509765, 9.225, 8.231251, 55.143753, 4.5923605, -74.1819704
2024-07-03 02:57:22.011, -0.58504516, -9.925728, -0.43489552, 6.1084726E-4, 7.635591E-4, -3.8177954E-4, -0.55197, -9.784662, -0.35509765, 9.356251, 8.512501, 55.162502, 4.5923605, -74.1819704
2024-07-03 02:57:23.021, -0.5512465, -9.932906, -0.29132617, 6.1084726E-4, 7.635591E-4, -3.8177954E-4, -0.55197, -9.784662, -0.35509765, 9.09375, 8.793751, 54.862503, 4.5923605, -74.1819704
2024-07-03 02:57:24.032, -0.58504516, -9.925728, -0.41814575, 6.1084726E-4, 7.635591E-4, -3.8177954E-4, -0.55197, -9.784662, -0.35509765, 9.50625, 8.3625, 55.312504, 4.5923605, -74.1819704
2024-07-03 02:57:25.041, -0.5273183, -9.942477, -0.293719, 6.1084726E-4, 7.635591E-4, -3.8177954E-4, -0.55197, -9.784662, -0.35509765, 9.01875, 8.38125, 54.825, 4.5923605, -74.1819704
2024-07-03 02:57:26.053, -0.55393845, -9.940084, -0.32961133, 6.1084726E-4, 7.635591E-4, -3.8177954E-4, -0.55197, -9.784662, -0.35509765, 9.28125, 9.0375, 54.675003, 4.5923605, -74.1819704
2024-07-03 02:57:27.063, -0.5297111, -9.928121, -0.2670988, 6.1084726E-4, 7.635591E-4, -3.8177954E-4, -0.55197, -9.784662, -0.35509765, 9.375, 8.493751, 55.162502, 4.5923605, -74.1819704
2024-07-03 02:57:28.080, -0.55393845, -9.949656, -0.3272185, 6.1084726E-4, 7.635591E-4, -3.8177954E-4, -0.55197, -9.784662, -0.35509765, 9.6, 8.7375, 55.3875, 4.5923605, -74.1819704
2024-07-03 02:57:29.089, -0.58504516, -9.923335, -0.44925246, 6.1084726E-4, 7.635591E-4, -3.8177954E-4, -0.55197, -9.784662, -0.35509765, 9.09375, 8.231251, 54.73125, 4.5923605, -74.1819704
2024-07-03 02:57:30.101, -0.5587241, -9.935299, -0.3487539, 6.1084726E-4, 7.635591E-4, -3.8177954E-4, -0.55197, -9.784662, -0.35509765, 9.4125, 9.168751, 54.656254, 4.5923605, -74.1819704
2024-07-03 02:57:31.110, -0.57547385, -9.930513, -0.44207397, 6.1084726E-4, 7.635591E-4, -3.8177954E-4, -0.55197, -9.784662, -0.35509765, 8.64375, 8.231251, 55.350002, 4.5923605, -74.1819704
2024-07-03 02:57:32.124, -0.573081, -9.937692, -0.35114673, 6.1084726E-4, 7.635591E-4, -3.8177954E-4, -0.55197, -9.784662, -0.35509765, 9.056251, 8.418751, 54.91875, 4.5923605, -74.1819704
2024-07-03 02:57:33.135, -0.5802595, -9.9089775, -0.45403808, 6.1084726E-4, 7.635591E-4, -3.8177954E-4, -0.55197, -9.784662, -0.35509765, 9.1875, 8.606251, 55.18125, 4.5923605, -74.1819704
2024-07-03 02:57:34.144, -0.56350976, -9.932906, -0.3487539, 6.1084726E-4, 7.635591E-4, -3.8177954E-4, -0.55197, -9.784662, -0.35509765, 9.3, 8.85, 55.74375, 4.5923605, -74.1819704
2024-07-03 02:57:35.156, -0.5922236, -9.920941, -0.45403808, 6.1084726E-4, 7.635591E-4, -3.8177954E-4, -0.55197, -9.784662, -0.35509765, 9.450001, 8.775001, 55.218754, 4.5923605, -74.1819704
2024-07-03 02:57:36.167, -0.5587241, -9.925728, -0.32961133, 6.1084726E-4, 7.635591E-4, -3.8177954E-4, -0.55197, -9.784662, -0.35509765, 9.39375, 7.5937505, 55.612503, 4.5923605, -74.1819704
2024-07-03 02:57:37.177, -0.58265233, -9.9089775, -0.44925246, 6.1084726E-4, 7.635591E-4, -3.8177954E-4, -0.55197, -9.784662, -0.35509765, 9.618751, 8.231251, 54.43125, 4.5923605, -74.1819704
2024-07-03 02:57:38.186, -0.5512465, -9.923335, -0.33200413, 6.1084726E-4, 7.635591E-4, -3.8177954E-4, -0.55197, -9.784662, -0.35509765, 9.731251, 8.512501, 55.125004, 4.5923605, -74.1819704
2024-07-03 02:57:39.201, -0.5778667, -9.918549, -0.44207397, 6.1084726E-4, 7.635591E-4, -3.8177954E-4, -0.55197, -9.784662, -0.35509765, 9.168751, 8.775001, 55.350002, 4.5923605, -74.1819704
2024-07-03 02:57:40.211, -0.5416752, -9.937692, -0.29850462, 6.1084726E-4, 7.635591E-4, -3.8177954E-4, -0.55197, -9.784662, -0.35509765, 9.618751, 8.34375, 54.6375, 4.5923605, -74.1819704
2024-07-03 02:57:41.219, -0.53210396, -9.937692, -0.28863424, 6.1084726E-4, 7.635591E-4, -3.8177954E-4, -0.55197, -9.784662, -0.35509765, 9.243751, 8.25, 54.581253, 4.5923605, -74.1819704
2024-07-03 02:57:42.232, -0.5273183, -9.94487, -0.3080759, 6.1084726E-4, 7.635591E-4, -3.8177954E-4, -0.55197, -9.784662, -0.35509765, 8.90625, 8.45625, 54.73125, 4.5923605, -74.1819704
2024-07-03 02:57:43.241, -0.5297111, -9.940084, -0.30329028, 6.1084726E-4, 7.635591E-4, -3.8177954E-4, -0.55197, -9.784662, -0.35509765, 9.1125, 8.681251, 54.862503, 4.5923605, -74.1819704
2024-07-03 02:57:44.251, -0.53688955, -9.94487, -0.293719, 6.1084726E-4, 7.635591E-4, -3.8177954E-4, -0.55197, -9.784662, -0.35509765, 9.6, 8.681251, 54.581253, 4.5923605, -74.1819704
2024-07-03 02:57:45.260, -0.5488537, -9.952048, -0.31046873, 6.1084726E-4, 7.635591E-4, -3.8177954E-4, -0.55197, -9.784662, -0.35509765, 9.28125, 8.26875, 54.80625, 4.5923605, -74.1819704
2024-07-03 02:57:46.272, -0.52253264, -9.923335, -0.27188447, 6.1084726E-4, 7.635591E-4, -3.8177954E-4, -0.55197, -9.784662, -0.35509765, 9.39375, 8.493751, 54.525, 4.5923605, -74.1819704
2024-07-03 02:57:47.281, -0.5488537, -9.940084, -0.32243285, 6.1084726E-4, 7.635591E-4, -3.8177954E-4, -0.55197, -9.784662, -0.35509765, 9.5625, 8.700001, 54.600002, 4.5923605, -74.1819704
2024-07-03 02:57:48.291, -0.52253264, -9.959227, -0.293719, 6.1084726E-4, 7.635591E-4, -3.8177954E-4, -0.55197, -9.784662, -0.35509765, 9.431251, 8.3625, 55.050003, 4.5923605, -74.1819704
2024-07-03 02:57:49.301, -0.56590253, -9.956834, -0.31764722, 6.1084726E-4, 7.635591E-4, -3.8177954E-4, -0.55197, -9.784662, -0.35509765, 9.262501, 8.45625, 54.656254, 4.5923605, -74.1819704
2024-07-03 02:57:50.311, -0.53688955, -9.949656, -0.27667013, 6.1084726E-4, 7.635591E-4, -3.8177954E-4, -0.55197, -9.784662, -0.35509765, 9.28125, 8.85, 55.068752, 4.5923605, -74.1819704
2024-07-03 02:57:51.320, -0.5587241, -9.928121, -0.40618163, 6.1084726E-4, 7.635591E-4, -3.8177954E-4, -0.55197, -9.784662, -0.35509765, 9.075001, 8.2875, 54.525, 4.5923605, -74.1819704
2024-07-03 02:57:52.329, -0.53688955, -9.937692, -0.27667013, 6.1084726E-4, 7.635591E-4, -3.8177954E-4, -0.55197, -9.784662, -0.35509765, 9.262501, 8.700001, 55.29375, 4.5923605, -74.1819704
2024-07-03 02:57:53.339, -0.5587241, -9.923335, -0.37507495, 6.1084726E-4, 7.635591E-4, -3.8177954E-4, -0.55197, -9.784662, -0.35509765, 9.4125, 7.8, 55.237503, 4.5923605, -74.1819704
2024-07-03 02:57:54.349, -0.53688955, -9.923335, -0.2623132, 6.1084726E-4, 7.635591E-4, -3.8177954E-4, -0.55197, -9.784662, -0.35509765, 9.39375, 9.01875, 54.525, 4.5923605, -74.1819704
2024-07-03 02:57:55.360, -0.54646087, -9.918549, -0.36789647, 6.1084726E-4, 7.635591E-4, -3.8177954E-4, -0.55197, -9.784662, -0.35509765, 9.65625, 8.306251, 55.331253, 4.5923605, -74.1819704
2024-07-03 02:57:56.370, -0.5201398, -9.942477, -0.2670988, 6.1084726E-4, 7.635591E-4, -3.8177954E-4, -0.55197, -9.784662, -0.35509765, 9.39375, 8.231251, 54.35625, 4.5923605, -74.1819704
2024-07-03 02:57:57.379, -0.5344968, -9.923335, -0.35593235, 6.1084726E-4, 7.635591E-4, -3.8177954E-4, -0.55197, -9.784662, -0.35509765, 9.637501, 8.83125, 54.9, 4.5923605, -74.1819704
2024-07-03 02:57:58.390, -0.5344968, -9.94487, -0.25992036, 6.1084726E-4, 7.635591E-4, -3.8177954E-4, -0.55197, -9.784662, -0.35509765, 9.28125, 8.2875, 55.162502, 4.5923605, -74.1819704
2024-07-03 02:57:59.403, -0.573081, -9.935299, -0.37507495, 6.1084726E-4, 7.635591E-4, -3.8177954E-4, -0.55197, -9.784662, -0.35509765, 9.150001, 8.512501, 55.068752, 4.5923605, -74.1819704
2024-07-03 02:58:00.413, -0.5344968, -9.949656, -0.26949164, 6.1084726E-4, 7.635591E-4, -3.8177954E-4, -0.55197, -9.784662, -0.35509765, 9.20625, 8.962501, 54.487503, 4.5923605, -74.1819704
2024-07-03 02:58:01.422, -0.56350976, -9.935299, -0.38703907, 6.1084726E-4, 7.635591E-4, -3.8177954E-4, -0.55197, -9.784662, -0.35509765, 8.90625, 8.15625, 54.393753, 4.5923605, -74.1819704
2024-07-03 02:58:02.434, -0.5392824, -9.949656, -0.27667013, 6.1084726E-4, 7.635591E-4, -3.8177954E-4, -0.55197, -9.784662, -0.35509765, 9.225, 8.83125, 54.7125, 4.5923605, -74.1819704
2024-07-03 02:58:03.445, -0.5563313, -9.928121, -0.39661035, 6.1084726E-4, 7.635591E-4, -3.8177954E-4, -0.55197, -9.784662, -0.35509765, 9.46875, 8.306251, 55.143753, 4.5923605, -74.1819704
2024-07-03 02:58:04.454, -0.5201398, -9.940084, -0.28863424, 6.1084726E-4, 7.635591E-4, -3.8177954E-4, -0.55197, -9.784662, -0.35509765, 9.431251, 9.13125, 55.350002, 4.5923605, -74.1819704
2024-07-03 02:58:05.464, -0.5922236, -9.923335, -0.41336012, 6.1084726E-4, 7.635591E-4, -3.8177954E-4, -0.55197, -9.784662, -0.35509765, 9.356251, 8.625, 54.862503, 4.5923605, -74.1819704
2024-07-03 02:58:06.475, -0.5297111, -9.930513, -0.27667013, 6.1084726E-4, 7.635591E-4, -3.8177954E-4, -0.55197, -9.784662, -0.35509765, 9.543751, 8.26875, 54.750004, 4.5923605, -74.1819704
2024-07-03 02:58:07.484, -0.56829536, -9.925728, -0.40378883, 6.1084726E-4, 7.635591E-4, -3.8177954E-4, -0.55197, -9.784662, -0.35509765, 9.918751, 8.3625, 54.750004, 4.5923605, -74.1819704
2024-07-03 02:58:08.494, -0.5488537, -9.942477, -0.2961118, 6.1084726E-4, 7.635591E-4, -3.8177954E-4, -0.55197, -9.784662, -0.35509765, 9.4875, 8.306251, 54.787502, 4.5923605, -74.1819704
2024-07-03 02:58:09.504, -0.58983076, -9.930513, -0.42053857, 6.1084726E-4, 7.635591E-4, -3.8177954E-4, -0.55197, -9.784662, -0.35509765, 9.806251, 8.2875, 54.7125, 4.5923605, -74.1819704
2024-07-03 02:58:10.515, -0.54646087, -9.940084, -0.29850462, 6.1084726E-4, 7.635591E-4, -3.8177954E-4, -0.55197, -9.784662, -0.35509765, 9.543751, 8.6625, 54.506252, 4.5923605, -74.1819704
2024-07-03 02:58:11.522, -0.5344968, -9.940084, -0.28384858, 6.1084726E-4, 7.635591E-4, -3.8177954E-4, -0.55197, -9.784662, -0.35509765, 9.1125, 8.175, 54.45, 4.5923605, -74.1819704
2024-07-03 02:58:12.531, -0.5512465, -9.952048, -0.32243285, 6.1084726E-4, 7.635591E-4, -3.8177954E-4, -0.55197, -9.784662, -0.35509765, 9.356251, 8.53125, 55.068752, 4.5923605, -74.1819704
2024-07-03 02:58:13.537, -0.53688955, -9.930513, -0.2742773, 6.1084726E-4, 7.635591E-4, -3.8177954E-4, -0.55197, -9.784662, -0.35509765, 9.3, 7.93125, 55.29375, 4.5923605, -74.1819704
2024-07-03 02:58:14.544, -0.55393845, -9.920941, -0.401396, 6.1084726E-4, 7.635591E-4, -3.8177954E-4, -0.55197, -9.784662, -0.35509765, 9.65625, 8.493751, 55.18125, 4.5923605, -74.1819704
2024-07-03 02:58:15.551, -0.5706882, -9.928121, -0.43968117, 6.1084726E-4, 7.635591E-4, -3.8177954E-4, -0.55197, -9.784662, -0.35509765, 9.3, 8.2875, 54.881252, 4.5923605, -74.1819704
2024-07-03 02:58:16.561, -0.5273183, -9.937692, -0.31286156, 6.1084726E-4, 7.635591E-4, -3.8177954E-4, -0.55197, -9.784662, -0.35509765, 9.225, 8.6625, 53.98125, 4.5923605, -74.1819704
2024-07-03 02:58:17.571, -0.5057829, -9.954441, -0.28145576, 6.1084726E-4, 7.635591E-4, -3.8177954E-4, -0.55197, -9.784662, -0.35509765, 9.675, 8.19375, 55.331253, 4.5923605, -74.1819704
2024-07-03 02:58:18.575, -0.54646087, -9.937692, -0.32961133, 6.1084726E-4, 7.635591E-4, -3.8177954E-4, -0.55197, -9.784662, -0.35509765, 9.76875, 8.15625, 54.881252, 4.5923605, -74.1819704
2024-07-03 02:58:19.583, -0.51535416, -9.949656, -0.2742773, 6.1084726E-4, 7.635591E-4, -3.8177954E-4, -0.55197, -9.784662, -0.35509765, 9.4125, 8.71875, 54.73125, 4.5923605, -74.1819704
2024-07-03 02:58:20.592, -0.58504516, -9.930513, -0.33439696, 6.1084726E-4, 7.635591E-4, -3.8177954E-4, -0.55197, -9.784662, -0.35509765, 9.618751, 8.475, 55.18125, 4.5923605, -74.1819704
2024-07-03 02:58:21.600, -0.52253264, -9.949656, -0.27667013, 6.1084726E-4, 7.635591E-4, -3.8177954E-4, -0.55197, -9.784662, -0.35509765, 8.83125, 7.9687505, 54.375004, 4.5923605, -74.1819704
2024-07-03 02:58:22.609, -0.55393845, -9.925728, -0.37746778, 6.1084726E-4, 7.635591E-4, -3.8177954E-4, -0.55197, -9.784662, -0.35509765, 9.5625, 8.90625, 54.7125, 4.5923605, -74.1819704
2024-07-03 02:58:23.620, -0.5392824, -9.937692, -0.2742773, 6.1084726E-4, 7.635591E-4, -3.8177954E-4, -0.55197, -9.784662, -0.35509765, 9.4875, 8.137501, 55.125004, 4.5923605, -74.1819704
2024-07-03 02:58:24.630, -0.5587241, -9.937692, -0.37268212, 6.1084726E-4, 7.635591E-4, -3.8177954E-4, -0.55197, -9.784662, -0.35509765, 9.20625, 8.38125, 54.7125, 4.5923605, -74.1819704
2024-07-03 02:58:25.641, -0.5129613, -9.956834, -0.2670988, 6.1084726E-4, 7.635591E-4, -3.8177954E-4, -0.55197, -9.784662, -0.35509765, 9.4125, 8.71875, 54.61875, 4.5923605, -74.1819704
2024-07-03 02:58:26.651, -0.53210396, -9.932906, -0.36311084, 6.1084726E-4, 7.635591E-4, -3.8177954E-4, -0.55197, -9.784662, -0.35509765, 9.375, 8.71875, 54.43125, 4.5923605, -74.1819704
2024-07-03 02:58:27.660, -0.53688955, -9.942477, -0.28145576, 6.1084726E-4, 7.635591E-4, -3.8177954E-4, -0.55197, -9.784662, -0.35509765, 9.543751, 8.606251, 54.975002, 4.5923605, -74.1819704
2024-07-03 02:58:28.669, -0.5488537, -9.928121, -0.3487539, 6.1084726E-4, 7.635591E-4, -3.8177954E-4, -0.55197, -9.784662, -0.35509765, 9.31875, 8.400001, 55.10625, 4.5923605, -74.1819704
2024-07-03 02:58:29.678, -0.53688955, -9.94487, -0.28384858, 6.1084726E-4, 7.635591E-4, -3.8177954E-4, -0.55197, -9.784662, -0.35509765, 9.375, 8.681251, 54.843754, 4.5923605, -74.1819704
2024-07-03 02:58:30.687, -0.5392824, -9.932906, -0.32961133, 6.1084726E-4, 7.635591E-4, -3.8177954E-4, -0.55197, -9.784662, -0.35509765, 9.46875, 8.56875, 55.050003, 4.5923605, -74.1819704
2024-07-03 02:58:31.696, -0.5416752, -9.942477, -0.27667013, 6.1084726E-4, 7.635591E-4, -3.8177954E-4, -0.55197, -9.784662, -0.35509765, 9.262501, 8.15625, 54.881252, 4.5923605, -74.1819704
2024-07-03 02:58:32.705, -0.5201398, -9.930513, -0.31046873, 6.1084726E-4, 7.635591E-4, -3.8177954E-4, -0.55197, -9.784662, -0.35509765, 9.39375, 8.137501, 54.525, 4.5923605, -74.1819704
2024-07-03 02:58:33.716, -0.56829536, -9.91137, -0.4325027, 6.1084726E-4, 7.635591E-4, -3.8177954E-4, -0.55197, -9.784662, -0.35509765, 9.150001, 8.71875, 55.331253, 4.5923605, -74.1819704
2024-07-03 02:58:34.829, -0.56590253, -9.928121, -0.39421752, 6.1084726E-4, 7.635591E-4, -3.8177954E-4, -0.55197, -9.784662, -0.35509765, 9.993751, 8.64375, 54.7125, 4.5923605, -74.1819704
2024-07-03 02:58:35.839, -0.56829536, -9.928121, -0.37746778, 6.1084726E-4, 7.635591E-4, -3.8177954E-4, -0.55197, -9.784662, -0.35509765, 9.1125, 7.70625, 55.031254, 4.5923605, -74.1819704
2024-07-03 02:58:36.848, -0.587438, -9.918549, -0.44207397, 6.1084726E-4, 7.635591E-4, -3.8177954E-4, -0.55197, -9.784662, -0.35509765, 9.75, 8.212501, 54.6375, 4.5923605, -74.1819704
2024-07-03 02:58:37.861, -0.57547385, -9.932906, -0.3894319, 6.1084726E-4, 7.635591E-4, -3.8177954E-4, -0.55197, -9.784662, -0.35509765, 9.01875, 8.6625, 55.10625, 4.5923605, -74.1819704
2024-07-03 02:58:38.869, -0.5706882, -9.904192, -0.42771706, 6.1084726E-4, 7.635591E-4, -3.8177954E-4, -0.55197, -9.784662, -0.35509765, 9.46875, 8.0625, 55.875004, 4.5923605, -74.1819704
2024-07-03 02:58:39.878, -0.5706882, -9.918549, -0.42053857, 6.1084726E-4, 7.635591E-4, -3.8177954E-4, -0.55197, -9.784662, -0.35509765, 9.6, 8.34375, 55.143753, 4.5923605, -74.1819704
2024-07-03 02:58:40.887, -0.5416752, -9.930513, -0.29850462, 6.1084726E-4, 7.635591E-4, -3.8177954E-4, -0.55197, -9.784662, -0.35509765, 9.65625, 8.38125, 54.825, 4.5923605, -74.1819704
2024-07-03 02:58:41.895, -0.58504516, -9.935299, -0.4325027, 6.1084726E-4, 7.635591E-4, -3.8177954E-4, -0.55197, -9.784662, -0.35509765, 8.64375, 8.3625, 54.862503, 4.5923605, -74.1819704
2024-07-03 02:58:42.904, -0.55393845, -9.932906, -0.31046873, 6.1084726E-4, 7.635591E-4, -3.8177954E-4, -0.55197, -9.784662, -0.35509765, 9.4875, 8.64375, 54.581253, 4.5923605, -74.1819704
2024-07-03 02:58:43.914, -0.5201398, -9.928121, -0.27667013, 6.1084726E-4, 7.635591E-4, -3.8177954E-4, -0.55197, -9.784662, -0.35509765, 9.150001, 8.400001, 55.18125, 4.5923605, -74.1819704
2024-07-03 02:58:44.923, -0.56590253, -9.940084, -0.32482567, 6.1084726E-4, 7.635591E-4, -3.8177954E-4, -0.55197, -9.784662, -0.35509765, 9.356251, 8.4375, 54.581253, 4.5923605, -74.1819704
2024-07-03 02:58:45.932, -0.53688955, -9.940084, -0.27188447, 6.1084726E-4, 7.635591E-4, -3.8177954E-4, -0.55197, -9.784662, -0.35509765, 9.712501, 8.38125, 54.825, 4.5923605, -74.1819704
2024-07-03 02:58:46.940, -0.56590253, -9.930513, -0.3487539, 6.1084726E-4, 7.635591E-4, -3.8177954E-4, -0.55197, -9.784662, -0.35509765, 9.675, 7.9687505, 53.906254, 4.5923605, -74.1819704
2024-07-03 02:58:47.949, -0.58504516, -9.916156, -0.44207397, 6.1084726E-4, 7.635591E-4, -3.8177954E-4, -0.55197, -9.784662, -0.35509765, 9.637501, 8.34375, 55.331253, 4.5923605, -74.1819704
2024-07-03 02:58:48.959, -0.5512465, -9.925728, -0.35832518, 6.1084726E-4, 7.635591E-4, -3.8177954E-4, -0.55197, -9.784662, -0.35509765, 9.637501, 8.7375, 55.2, 4.5923605, -74.1819704
2024-07-03 02:58:49.969, -0.5344968, -9.937692, -0.28145576, 6.1084726E-4, 7.635591E-4, -3.8177954E-4, -0.55197, -9.784662, -0.35509765, 9.243751, 8.775001, 55.050003, 4.5923605, -74.1819704
2024-07-03 02:58:50.977, -0.5563313, -9.935299, -0.35114673, 6.1084726E-4, 7.635591E-4, -3.8177954E-4, -0.55197, -9.784662, -0.35509765, 9.525001, 8.45625, 55.237503, 4.5923605, -74.1819704
2024-07-03 02:58:51.987, -0.59700924, -9.925728, -0.44925246, 6.1084726E-4, 7.635591E-4, -3.8177954E-4, -0.55197, -9.784662, -0.35509765, 9.525001, 7.89375, 55.143753, 4.5923605, -74.1819704
2024-07-03 02:58:52.995, -0.56590253, -9.928121, -0.3272185, 6.1084726E-4, 7.635591E-4, -3.8177954E-4, -0.55197, -9.784662, -0.35509765, 9.4125, 8.512501, 54.975002, 4.5923605, -74.1819704
2024-07-03 02:58:54.004, -0.5778667, -9.920941, -0.44207397, 6.1084726E-4, 7.635591E-4, -3.8177954E-4, -0.55197, -9.784662, -0.35509765, 9.76875, 8.625, 54.6375, 4.5923605, -74.1819704
2024-07-03 02:58:55.014, -0.5512465, -9.928121, -0.32482567, 6.1084726E-4, 7.635591E-4, -3.8177954E-4, -0.55197, -9.784662, -0.35509765, 9.88125, 8.3625, 54.600002, 4.5923605, -74.1819704
2024-07-03 02:58:56.023, -0.5946164, -9.918549, -0.43010986, 6.1084726E-4, 7.635591E-4, -3.8177954E-4, -0.55197, -9.784662, -0.35509765, 9.225, 8.175, 54.468754, 4.5923605, -74.1819704
2024-07-03 02:58:57.037, -0.5392824, -9.932906, -0.28384858, 6.1084726E-4, 7.635591E-4, -3.8177954E-4, -0.55197, -9.784662, -0.35509765, 9.3, 8.56875, 54.73125, 4.5923605, -74.1819704
2024-07-03 02:58:58.048, -0.56829536, -9.918549, -0.42053857, 6.1084726E-4, 7.635591E-4, -3.8177954E-4, -0.55197, -9.784662, -0.35509765, 10.012501, 8.512501, 55.218754, 4.5923605, -74.1819704
2024-07-03 02:58:59.061, -0.54406804, -9.932906, -0.26949164, 6.1084726E-4, 7.635591E-4, -3.8177954E-4, -0.55197, -9.784662, -0.35509765, 9.525001, 8.587501, 54.975002, 4.5923605, -74.1819704
2024-07-03 02:59:00.074, -0.54406804, -9.928121, -0.3152544, 6.1084726E-4, 7.635591E-4, -3.8177954E-4, -0.55197, -9.784662, -0.35509765, 10.125, 8.981251, 54.7125, 4.5923605, -74.1819704
2024-07-03 02:59:01.082, -0.6041877, -9.9089775, -0.43489552, 6.1084726E-4, 7.635591E-4, -3.8177954E-4, -0.55197, -9.784662, -0.35509765, 9.31875, 8.83125, 55.256252, 4.5923605, -74.1819704
2024-07-03 02:59:02.088, -0.5512465, -9.937692, -0.34157544, 6.1084726E-4, 7.635591E-4, -3.8177954E-4, -0.55197, -9.784662, -0.35509765, 9.375, 8.19375, 55.10625, 4.5923605, -74.1819704
2024-07-03 02:59:03.098, -0.53688955, -9.94487, -0.27188447, 6.1084726E-4, 7.635591E-4, -3.8177954E-4, -0.55197, -9.784662, -0.35509765, 9.4875, 8.587501, 55.0875, 4.5923605, -74.1819704
2024-07-03 02:59:04.107, -0.56590253, -9.91137, -0.360718, 6.1084726E-4, 7.635591E-4, -3.8177954E-4, -0.55197, -9.784662, -0.35509765, 9.50625, 8.1, 54.768753, 4.5923605, -74.1819704
2024-07-03 02:59:05.117, -0.55393845, -9.968799, -0.26949164, 6.1084726E-4, 7.635591E-4, -3.8177954E-4, -0.55197, -9.784662, -0.35509765, 9.225, 8.1, 54.843754, 4.5923605, -74.1819704
2024-07-03 02:59:06.126, -0.5563313, -9.937692, -0.36789647, 6.1084726E-4, 7.635591E-4, -3.8177954E-4, -0.55197, -9.784662, -0.35509765, 9.056251, 8.700001, 55.256252, 4.5923605, -74.1819704
2024-07-03 02:59:07.134, -0.54406804, -9.932906, -0.27188447, 6.1084726E-4, 7.635591E-4, -3.8177954E-4, -0.55197, -9.784662, -0.35509765, 9.31875, 8.4375, 55.2, 4.5923605, -74.1819704
2024-07-03 02:59:08.142, -0.5512465, -9.9089775, -0.35114673, 6.1084726E-4, 7.635591E-4, -3.8177954E-4, -0.55197, -9.784662, -0.35509765, 10.21875, 8.606251, 55.143753, 4.5923605, -74.1819704
2024-07-03 02:59:09.150, -0.58504516, -9.920941, -0.4636094, 6.1084726E-4, 7.635591E-4, -3.8177954E-4, -0.55197, -9.784662, -0.35509765, 9.806251, 8.34375, 54.6375, 4.5923605, -74.1819704
2024-07-03 02:59:10.159, -0.56829536, -9.932906, -0.360718, 6.1084726E-4, 7.635591E-4, -3.8177954E-4, -0.55197, -9.784662, -0.35509765, 9.337501, 8.8125, 55.4625, 4.5923605, -74.1819704
2024-07-03 02:59:11.170, -0.58265233, -9.9089775, -0.43968117, 6.1084726E-4, 7.635591E-4, -3.8177954E-4, -0.55197, -9.784662, -0.35509765, 9.637501, 8.418751, 54.375004, 4.5923605, -74.1819704
2024-07-03 02:59:12.179, -0.54406804, -9.930513, -0.33439696, 6.1084726E-4, 7.635591E-4, -3.8177954E-4, -0.55197, -9.784662, -0.35509765, 9.543751, 8.325001, 55.331253, 4.5923605, -74.1819704
2024-07-03 02:59:13.188, -0.5802595, -9.928121, -0.44685963, 6.1084726E-4, 7.635591E-4, -3.8177954E-4, -0.55197, -9.784662, -0.35509765, 9.50625, 7.9687505, 54.73125, 4.5923605, -74.1819704
2024-07-03 02:59:14.197, -0.57547385, -9.937692, -0.38703907, 6.1084726E-4, 7.635591E-4, -3.8177954E-4, -0.55197, -9.784662, -0.35509765, 9.431251, 8.25, 54.787502, 4.5923605, -74.1819704
2024-07-03 02:59:15.206, -0.5802595, -9.932906, -0.44207397, 6.1084726E-4, 7.635591E-4, -3.8177954E-4, -0.55197, -9.784662, -0.35509765, 9.637501, 8.325001, 55.331253, 4.5923605, -74.1819704
2024-07-03 02:59:16.216, -0.5802595, -9.940084, -0.40378883, 6.1084726E-4, 7.635591E-4, -3.8177954E-4, -0.55197, -9.784662, -0.35509765, 9.58125, 8.137501, 54.693752, 4.5923605, -74.1819704
2024-07-03 02:59:17.225, -0.53210396, -9.940084, -0.28145576, 6.1084726E-4, 7.635591E-4, -3.8177954E-4, -0.55197, -9.784662, -0.35509765, 9.637501, 8.75625, 54.956253, 4.5923605, -74.1819704
2024-07-03 02:59:18.234, -0.5587241, -9.920941, -0.40857446, 6.1084726E-4, 7.635591E-4, -3.8177954E-4, -0.55197, -9.784662, -0.35509765, 9.39375, 8.15625, 55.275, 4.5923605, -74.1819704
2024-07-03 02:59:19.243, -0.54646087, -9.935299, -0.30089745, 6.1084726E-4, 7.635591E-4, -3.8177954E-4, -0.55197, -9.784662, -0.35509765, 9.150001, 8.025001, 55.406254, 4.5923605, -74.1819704
2024-07-03 02:59:20.251, -0.517747, -9.940084, -0.28863424, 6.1084726E-4, 7.635591E-4, -3.8177954E-4, -0.55197, -9.784662, -0.35509765, 9.712501, 8.75625, 54.975002, 4.5923605, -74.1819704
2024-07-03 02:59:21.263, -0.5587241, -9.923335, -0.32482567, 6.1084726E-4, 7.635591E-4, -3.8177954E-4, -0.55197, -9.784662, -0.35509765, 9.225, 7.8750005, 55.031254, 4.5923605, -74.1819704
2024-07-03 02:59:22.272, -0.587438, -9.930513, -0.43728834, 6.1084726E-4, 7.635591E-4, -3.8177954E-4, -0.55197, -9.784662, -0.35509765, 9.09375, 8.512501, 55.0125, 4.5923605, -74.1819704
2024-07-03 02:59:23.282, -0.5706882, -9.937692, -0.32243285, 6.1084726E-4, 7.635591E-4, -3.8177954E-4, -0.55197, -9.784662, -0.35509765, 9.356251, 8.2875, 55.237503, 4.5923605, -74.1819704
2024-07-03 02:59:24.289, -0.5129613, -9.940084, -0.27188447, 6.1084726E-4, 7.635591E-4, -3.8177954E-4, -0.55197, -9.784662, -0.35509765, 9.356251, 8.45625, 55.0875, 4.5923605, -74.1819704
2024-07-03 02:59:25.299, -0.55393845, -9.923335, -0.3367898, 6.1084726E-4, 7.635591E-4, -3.8177954E-4, -0.55197, -9.784662, -0.35509765, 9.4875, 7.89375, 54.80625, 4.5923605, -74.1819704
2024-07-03 02:59:26.307, -0.5297111, -9.94487, -0.27906293, 6.1084726E-4, 7.635591E-4, -3.8177954E-4, -0.55197, -9.784662, -0.35509765, 9.243751, 9.09375, 54.73125, 4.5923605, -74.1819704
2024-07-03 02:59:27.316, -0.56111693, -9.916156, -0.36789647, 6.1084726E-4, 7.635591E-4, -3.8177954E-4, -0.55197, -9.784662, -0.35509765, 8.8125, 8.925, 55.068752, 4.5923605, -74.1819704
2024-07-03 02:59:28.324, -0.53688955, -9.94487, -0.25992036, 6.1084726E-4, 7.635591E-4, -3.8177954E-4, -0.55197, -9.784662, -0.35509765, 9.056251, 8.3625, 54.675003, 4.5923605, -74.1819704
2024-07-03 02:59:29.333, -0.55393845, -9.925728, -0.360718, 6.1084726E-4, 7.635591E-4, -3.8177954E-4, -0.55197, -9.784662, -0.35509765, 9.1875, 8.775001, 54.675003, 4.5923605, -74.1819704
2024-07-03 02:59:30.342, -0.58504516, -9.91137, -0.4564309, 6.1084726E-4, 7.635591E-4, -3.8177954E-4, -0.55197, -9.784662, -0.35509765, 9.431251, 8.475, 54.35625, 4.5923605, -74.1819704
2024-07-03 02:59:31.350, -0.5512465, -9.930513, -0.3487539, 6.1084726E-4, 7.635591E-4, -3.8177954E-4, -0.55197, -9.784662, -0.35509765, 9.356251, 8.00625, 54.281254, 4.5923605, -74.1819704
2024-07-03 02:59:32.359, -0.58265233, -9.906585, -0.45164528, 6.1084726E-4, 7.635591E-4, -3.8177954E-4, -0.55197, -9.784662, -0.35509765, 9.75, 8.700001, 54.43125, 4.5923605, -74.1819704
2024-07-03 02:59:33.368, -0.56350976, -9.937692, -0.36311084, 6.1084726E-4, 7.635591E-4, -3.8177954E-4, -0.55197, -9.784662, -0.35509765, 9.31875, 8.681251, 54.975002, 4.5923605, -74.1819704
2024-07-03 02:59:34.377, -0.5778667, -9.916156, -0.43728834, 6.1084726E-4, 7.635591E-4, -3.8177954E-4, -0.55197, -9.784662, -0.35509765, 9.5625, 8.512501, 54.35625, 4.5923605, -74.1819704
2024-07-03 02:59:35.389, -0.56590253, -9.932906, -0.38464624, 6.1084726E-4, 7.635591E-4, -3.8177954E-4, -0.55197, -9.784662, -0.35509765, 9.58125, 8.231251, 54.80625, 4.5923605, -74.1819704
2024-07-03 02:59:36.401, -0.5802595, -9.920941, -0.43728834, 6.1084726E-4, 7.635591E-4, -3.8177954E-4, -0.55197, -9.784662, -0.35509765, 9.4875, 8.1, 54.975002, 4.5923605, -74.1819704
2024-07-03 02:59:37.409, -0.56590253, -9.940084, -0.3894319, 6.1084726E-4, 7.635591E-4, -3.8177954E-4, -0.55197, -9.784662, -0.35509765, 9.46875, 8.45625, 55.031254, 4.5923605, -74.1819704
2024-07-03 02:59:38.416, -0.59940207, -9.918549, -0.4564309, 6.1084726E-4, 7.635591E-4, -3.8177954E-4, -0.55197, -9.784662, -0.35509765, 9.01875, 8.118751, 54.975002, 4.5923605, -74.1819704
2024-07-03 02:59:39.424, -0.573081, -9.928121, -0.39900318, 6.1084726E-4, 7.635591E-4, -3.8177954E-4, -0.55197, -9.784662, -0.35509765, 9.337501, 8.512501, 54.862503, 4.5923605, -74.1819704
2024-07-03 02:59:40.433, -0.52253264, -9.94487, -0.29132617, 6.1084726E-4, 7.635591E-4, -3.8177954E-4, -0.55197, -9.784662, -0.35509765, 9.76875, 8.606251, 55.125004, 4.5923605, -74.1819704
2024-07-03 02:59:41.444, -0.587438, -9.930513, -0.42053857, 6.1084726E-4, 7.635591E-4, -3.8177954E-4, -0.55197, -9.784662, -0.35509765, 8.6625, 8.08125, 54.45, 4.5923605, -74.1819704
2024-07-03 02:59:42.457, -0.58265233, -9.918549, -0.40857446, 6.1084726E-4, 7.635591E-4, -3.8177954E-4, -0.55197, -9.784662, -0.35509765, 9.375, 8.306251, 54.693752, 4.5923605, -74.1819704
2024-07-03 02:59:43.471, -0.5297111, -9.942477, -0.28384858, 6.1084726E-4, 7.635591E-4, -3.8177954E-4, -0.55197, -9.784662, -0.35509765, 9.637501, 8.325001, 55.312504, 4.5923605, -74.1819704
2024-07-03 02:59:44.479, -0.5587241, -9.923335, -0.40378883, 6.1084726E-4, 7.635591E-4, -3.8177954E-4, -0.55197, -9.784662, -0.35509765, 9.31875, 7.9875, 54.99375, 4.5923605, -74.1819704
2024-07-03 02:59:45.488, -0.5802595, -9.920941, -0.43728834, 6.1084726E-4, 7.635591E-4, -3.8177954E-4, -0.55197, -9.784662, -0.35509765, 9.65625, 8.700001, 54.7125, 4.5923605, -74.1819704
2024-07-03 02:59:46.497, -0.56350976, -9.901799, -0.401396, 6.1084726E-4, 7.635591E-4, -3.8177954E-4, -0.55197, -9.784662, -0.35509765, 8.981251, 8.4375, 54.91875, 4.5923605, -74.1819704
2024-07-03 02:59:47.503, -0.6017949, -9.918549, -0.44207397, 6.1084726E-4, 7.635591E-4, -3.8177954E-4, -0.55197, -9.784662, -0.35509765, 9.6, 8.681251, 54.825, 4.5923605, -74.1819704
2024-07-03 02:59:48.512, -0.573081, -9.935299, -0.33918262, 6.1084726E-4, 7.635591E-4, -3.8177954E-4, -0.55197, -9.784662, -0.35509765, 9.900001, 8.53125, 54.956253, 4.5923605, -74.1819704
2024-07-03 02:59:49.519, -0.53210396, -9.930513, -0.2670988, 6.1084726E-4, 7.635591E-4, -3.8177954E-4, -0.55197, -9.784662, -0.35509765, 9.075001, 7.93125, 54.956253, 4.5923605, -74.1819704
2024-07-03 02:59:50.527, -0.56111693, -9.928121, -0.33200413, 6.1084726E-4, 7.635591E-4, -3.8177954E-4, -0.55197, -9.784662, -0.35509765, 9.4125, 8.25, 55.406254, 4.5923605, -74.1819704
2024-07-03 02:59:51.533, -0.5344968, -9.94487, -0.2862414, 6.1084726E-4, 7.635591E-4, -3.8177954E-4, -0.55197, -9.784662, -0.35509765, 9.225, 8.38125, 54.3375, 4.5923605, -74.1819704
2024-07-03 02:59:52.539, -0.56829536, -9.925728, -0.3822534, 6.1084726E-4, 7.635591E-4, -3.8177954E-4, -0.55197, -9.784662, -0.35509765, 9.95625, 8.3625, 55.0875, 4.5923605, -74.1819704
2024-07-03 02:59:53.546, -0.56829536, -9.918549, -0.43968117, 6.1084726E-4, 7.635591E-4, -3.8177954E-4, -0.55197, -9.784662, -0.35509765, 9.58125, 8.493751, 55.29375, 4.5923605, -74.1819704
2024-07-03 02:59:54.554, -0.56350976, -9.942477, -0.32961133, 6.1084726E-4, 7.635591E-4, -3.8177954E-4, -0.55197, -9.784662, -0.35509765, 9.58125, 7.93125, 54.54375, 4.5923605, -74.1819704
2024-07-03 02:59:55.563, -0.53688955, -9.947263, -0.27906293, 6.1084726E-4, 7.635591E-4, -3.8177954E-4, -0.55197, -9.784662, -0.35509765, 9.806251, 8.71875, 54.843754, 4.5923605, -74.1819704
2024-07-03 02:59:56.573, -0.56111693, -9.916156, -0.39900318, 6.1084726E-4, 7.635591E-4, -3.8177954E-4, -0.55197, -9.784662, -0.35509765, 9.4875, 8.45625, 54.525, 4.5923605, -74.1819704
2024-07-03 02:59:57.583, -0.5249255, -9.940084, -0.26949164, 6.1084726E-4, 7.635591E-4, -3.8177954E-4, -0.55197, -9.784662, -0.35509765, 9.5625, 7.89375, 55.125004, 4.5926763, -74.1817237
2024-07-03 02:59:58.590, -0.5587241, -9.925728, -0.35353956, 6.1084726E-4, 7.635591E-4, -3.8177954E-4, -0.55197, -9.784662, -0.35509765, 9.525001, 8.681251, 54.99375, 4.5926765, -74.1817236
2024-07-03 02:59:59.597, -0.5392824, -9.928121, -0.27906293, 6.1084726E-4, 7.635591E-4, -3.8177954E-4, -0.55197, -9.784662, -0.35509765, 9.65625, 8.868751, 54.412502, 4.5926768, -74.1817235
