2024-02-15 17:00:25.083, -0.31914273, 9.528818, -0.8539386, -6.1084726E-4, 3.8177954E-4, 5.344914E-4, -0.33034727, 9.761973, -0.8747155, -29.268751, -199.31252, 11.19375, 4.5633416, -74.1633344
2024-02-15 17:01:07.122, -0.30717862, 9.528818, -0.85872424, 0.0, 3.8177954E-4, 4.5813544E-4, -0.33108953, 9.761749, -0.87694275, -30.150002, -199.40627, 11.981251, 4.5633416, -74.1633344
2024-02-15 17:01:28.835, -0.32392836, 9.533604, -0.86111706, 0.0, -7.635591E-5, -7.635591E-4, -0.33063048, 9.761638, -0.8783523, -29.250002, -199.1625, 10.8, 4.5633416, -74.1633344
2024-02-15 17:01:29.840, -0.32632118, 9.540782, -0.8659027, 4.5813544E-4, 3.8177954E-4, -7.635591E-5, -0.33053926, 9.76177, -0.8769068, -29.75625, -199.18126, 10.950001, 4.5633416, -74.1633344
2024-02-15 17:01:30.844, -0.33589247, 9.531211, -0.85872424, -1.5271181E-4, -3.0542363E-4, -1.5271181E-4, -0.3312982, 9.761678, -0.8776533, -29.5125, -199.14375, 10.950001, 4.5633416, -74.1633344
2024-02-15 17:01:31.845, -0.3167499, 9.535996, -0.85154575, -7.635591E-5, -2.2906772E-4, -6.8720314E-4, -0.33002797, 9.761691, -0.877981, -29.79375, -199.40627, 11.19375, 4.5633416, -74.1633344
2024-02-15 17:01:32.848, -0.32392836, 9.526425, -0.8635099, -7.635591E-5, 3.8177954E-4, -0.0, -0.33034033, 9.761693, -0.8778538, -29.7, -199.57501, 10.950001, 4.5633416, -74.1633344
2024-02-15 17:01:49.073, -0.31914273, 9.524033, -0.85154575, -0.0, -3.0542363E-4, -7.635591E-5, -0.3318779, 9.761659, -0.87765044, -29.250002, -199.25626, 11.587501, 4.5633416, -74.1633344
2024-02-15 17:02:02.734, -0.32153556, 9.533604, -0.8659027, 6.1084726E-4, -3.0542363E-4, -7.635591E-5, -0.3311908, 9.76173, -0.87710017, -29.56875, -199.51875, 11.043751, 4.5633416, -74.1633344
2024-02-15 17:02:03.736, -0.33110684, 9.528818, -0.8563314, -7.635591E-5, 5.344914E-4, 5.344914E-4, -0.3314244, 9.761718, -0.87715876, -29.19375, -199.06876, 11.325001, 4.5633416, -74.1633344
2024-02-15 17:02:06.688, -0.33110684, 9.516854, -0.85872424, -0.0, 3.0542363E-4, -7.635591E-5, -0.33182392, 9.761703, -0.87716705, -29.250002, -199.05, 10.950001, 4.5633416, -74.1633344
2024-02-15 17:03:13.053, -0.32632118, 9.538389, -0.8539386, -1.5271181E-4, -3.0542363E-4, -7.635591E-5, -0.33170366, 9.761779, -0.8763794, -29.41875, -199.425, 11.71875, 4.5633416, -74.1633344
2024-02-15 17:03:14.056, -0.31914273, 9.533604, -0.8563314, -0.0, -3.0542363E-4, 0.0, -0.33267096, 9.76184, -0.8753296, -29.60625, -199.48126, 11.26875, 4.5633416, -74.1633344
2024-02-15 17:03:15.065, -0.32632118, 9.533604, -0.8563314, -1.5271181E-4, -3.0542363E-4, -1.5271181E-4, -0.3292902, 9.761917, -0.87575966, -29.493752, -199.46251, 11.2875, 4.5633416, -74.1633344
2024-02-15 17:03:34.065, -0.32632118, 9.52164, -0.85872424, -7.635591E-5, 3.0542363E-4, 4.5813544E-4, -0.33135366, 9.761789, -0.87639606, -29.23125, -199.425, 11.212501, 4.5633416, -74.1633344
2024-02-15 17:04:16.104, -0.32632118, 9.535996, -0.85154575, -7.635591E-5, -2.2906772E-4, -7.635591E-5, -0.33418468, 9.761608, -0.8773347, -29.2875, -199.14375, 10.275001, 4.5633416, -74.1633344
2024-02-15 17:05:19.177, -0.328714, 9.526425, -0.8563314, -7.635591E-5, -3.8177954E-4, -7.635591E-5, -0.33260086, 9.761853, -0.8752023, -29.5125, -198.93752, 11.0625, 4.5633416, -74.1633344
2024-02-15 17:06:43.047, -0.32632118, 9.535996, -0.8563314, -6.8720314E-4, 7.635591E-5, -1.5271181E-4, -0.33236328, 9.761778, -0.8761262, -29.625002, -198.75002, 11.1, 4.5633416, -74.1633344
2024-02-15 17:07:46.104, -0.328714, 9.531211, -0.85872424, -7.635591E-5, 1.5271181E-4, 5.344914E-4, -0.3324417, 9.761748, -0.8764329, -29.550001, -199.63126, 11.19375, 4.5633416, -74.1633344
2024-02-15 17:08:49.171, -0.32632118, 9.519247, -0.8488538, 6.1084726E-4, 1.5271181E-4, -7.635591E-5, -0.33185905, 9.761625, -0.8780288, -29.38125, -199.38751, 11.19375, 4.5633416, -74.1633344
2024-02-15 17:09:01.849, -0.328714, 9.519247, -0.85872424, -6.8720314E-4, 7.635591E-5, 4.5813544E-4, -0.33157256, 9.76173, -0.8769746, -29.025002, -198.93752, 11.1, 4.5633416, -74.1633344
2024-02-15 17:09:31.100, -0.31914273, 9.535996, -0.85872424, -6.1084726E-4, -9.162709E-4, 0.00167983, -0.30897078, 9.763187, -0.86896235, -29.437502, -199.31252, 11.0625, 4.5633416, -74.1633344
2024-02-15 17:09:32.102, -0.29282168, 9.550353, -0.87308115, -0.0012980504, 0.002519745, -3.0542363E-4, -0.3422686, 9.761839, -0.8716304, -29.625002, -199.59377, 11.25, 4.5633416, -74.1633344
2024-02-15 17:09:33.109, -0.29282168, 9.528818, -0.85872424, 6.1084726E-4, -5.344914E-4, -3.0542363E-4, -0.32614, 9.7627125, -0.86803037, -29.643751, -200.04376, 11.45625, 4.5633416, -74.1633344
2024-02-15 17:09:52.065, -0.3382853, 9.533604, -0.84406817, 0.0, 1.5271181E-4, -0.0013744063, -0.31679732, 9.763241, -0.86553466, -29.5125, -199.06876, 11.606251, 4.5633416, -74.1633344
2024-02-15 17:10:55.197, -0.29042885, 9.531211, -0.8392825, -7.635591E-5, 1.5271181E-4, -7.635591E-5, -0.3179506, 9.763499, -0.86219126, -28.218752, -199.9125, 13.462501, 4.5633416, -74.1633344
2024-02-15 17:11:58.163, -0.060717873, 9.404092, -1.0716854, -0.010002624, 0.044668205, 0.0061084726, -0.35677165, 9.789545, -0.45596683, -29.23125, -200.6625, 14.175, 4.5633416, -74.1633344
2024-02-15 17:12:31.616, 3.6047873, 10.895718, 5.7059846, -0.07795938, -0.4299601, 0.018325418, -0.299318, 9.760058, 0.9066617, -22.5375, -197.98126, -25.593752, 4.5633416, -74.1633344
2024-02-15 17:12:32.620, -1.4120644, 8.932706, 0.41874397, 0.0046577104, 0.1698919, -0.005803049, -0.18596736, 9.758905, 0.94845796, -22.66875, -198.43126, -24.675001, 4.5633416, -74.1633344
2024-02-15 17:12:33.625, -3.8407795, 10.4922285, -3.4824543, 0.017409148, 0.33329353, -0.022906773, -0.35389128, 9.755468, 0.9359406, -22.5, -198.975, -25.050001, 4.5633416, -74.1633344
2024-02-15 17:12:34.628, 1.3567305, 9.643674, 3.4028928, -0.0038177953, 0.11277767, 0.0015271181, -0.5016891, 9.758036, 0.83633006, -21.487501, -198.07501, -24.993752, 4.5645909, -74.1633031
2024-02-15 17:12:35.632, -1.236192, 11.89173, 3.7537405, 0.03917058, 0.006795676, -0.014049487, -0.6398705, 9.754115, 0.7862543, -19.9125, -198.675, -25.781252, 4.564673, -74.1632832
2024-02-15 17:12:36.638, 0.85513496, 9.987043, 1.2852448, -0.028404398, 0.4786752, 0.06627693, -0.8872155, 9.745687, 0.63626266, -17.5125, -199.1625, -25.893751, 4.5647834, -74.1632892
2024-02-15 17:12:37.644, 1.9959131, 9.495318, 4.144967, 0.04359922, -0.19753273, 0.0015271181, -0.8193006, 9.755579, 0.57254624, -16.612501, -199.29376, -24.750002, 4.5648824, -74.1632945
2024-02-15 17:12:38.651, -3.101098, 9.22463, -0.3152544, -0.0096972, -0.07200362, -0.011300675, -1.0080645, 9.74067, 0.5230108, -15.000001, -199.12502, -25.575, 4.564978, -74.1633261
2024-02-15 17:12:39.655, 2.9237301, 8.410771, 1.7270198, -0.037108973, 0.17874917, 0.030236939, -1.0091525, 9.744223, 0.44956514, -13.668751, -199.51875, -24.562502, 4.5650631, -74.1633624
2024-02-15 17:12:40.660, -3.746263, 5.6874404, 0.6221339, -0.05581617, 0.22914408, -0.026571855, -0.83121395, 9.756078, 0.546277, -12.88125, -199.78127, -24.50625, 4.5651516, -74.1633932
2024-02-15 17:12:41.665, -2.4212375, 8.715857, -2.5283163, -0.0047340663, 0.18363595, -0.026571855, -0.8200716, 9.750474, 0.65278506, -12.993751, -199.9125, -25.500002, 4.5652343, -74.163418
2024-02-15 17:12:42.671, -1.6142579, 9.328718, -0.69332033, -0.004428643, -0.074141584, 0.03420745, -1.0105511, 9.724221, 0.76725847, -12.656251, -198.4875, -25.3875, 4.5653142, -74.1634405
2024-02-15 17:12:43.675, -0.66759753, 8.446664, -1.867598, 0.017103724, 0.23006035, 0.039094225, -0.7980586, 9.735624, 0.86666286, -12.0375, -200.08125, -24.993752, 4.5653906, -74.1634672
2024-02-15 17:12:44.679, -1.1859428, 10.110573, 4.61067, -0.04176668, 0.07765396, 0.02260135, -0.6391777, 9.75086, 0.8261679, -13.781251, -199.36876, -24.393751, 4.5654681, -74.1635012
2024-02-15 17:12:45.685, 0.3499503, 8.226225, -1.9010975, -0.010308048, -0.17432053, -0.06933116, -0.5238878, 9.75735, 0.8306826, -15.093751, -200.13751, -24.675001, 4.5655489, -74.1635226
2024-02-15 17:12:46.692, 3.3640096, 12.14537, 0.36131623, -0.016569233, 0.18730104, -0.028404398, -0.496326, 9.737624, 1.0501097, -16.10625, -198.15001, -25.687502, 4.5656377, -74.1635344
2024-02-15 17:12:47.697, -1.0360922, 9.4941225, 2.6751757, 0.06291727, -0.16821207, 0.004275931, -0.45084268, 9.75279, 0.92207366, -17.75625, -199.2375, -25.612501, 4.5657282, -74.1635391
2024-02-15 17:12:48.700, 3.0086753, 6.009275, -1.0106685, -0.023441264, 0.030313294, -0.07177455, -0.10731546, 9.757957, 0.97012347, -19.6875, -198.73126, -24.6, 4.5658172, -74.163539
2024-02-15 17:12:49.709, -2.056033, 8.825927, -0.8874381, -0.024662958, 0.046500746, -0.008551862, -0.061597634, 9.759092, 0.96264887, -20.831251, -199.38751, -24.150002, 4.5659094, -74.163528
2024-02-15 17:12:50.712, -1.559223, 8.46461, -3.109174, 0.05070032, -0.1208714, 0.0018325418, -0.41399053, 9.752564, 0.94153744, -21.675001, -199.21877, -24.656252, 4.5659976, -74.1635124
2024-02-15 17:12:51.718, 0.59551376, 10.550853, 0.9203394, -0.048638713, 0.37391487, 0.011911522, -0.2034643, 9.745184, 1.0772059, -22.893751, -198.15001, -24.656252, 4.5660858, -74.1634886
2024-02-15 17:12:52.722, 2.7308087, 8.180761, 3.1468608, 0.09155073, -0.32306185, -0.0839915, -0.17927341, 9.769902, 0.82900536, -23.53125, -198.84377, -24.750002, 4.5661749, -74.16346
2024-02-15 17:12:53.727, -3.6266217, 9.3155575, 1.221835, -0.0361927, -0.50020754, -0.021379653, -0.48487642, 9.76528, 0.758019, -23.25, -199.89375, -23.400002, 4.5662637, -74.1634367
2024-02-15 17:12:54.734, 0.41694933, 9.6376915, 0.07148558, 0.02893889, -0.18653747, -0.025044737, -0.24584343, 9.765855, 0.859091, -23.587502, -198.975, -24.150002, 4.5663529, -74.1634093
2024-02-15 17:12:55.739, -1.4132608, 13.039687, 3.2162528, -0.24647687, -0.356353, -0.004275931, -0.021212166, 9.756758, 0.98772717, -26.6625, -199.03127, -22.44375, 4.566443, -74.1633764
2024-02-15 17:12:56.743, 4.3061833, 8.842676, 3.6122649, -0.015958386, -0.52494687, -0.020463383, 0.23871528, 9.756059, 0.96577954, -28.687502, -199.46251, -19.331251, 4.566529, -74.1633299
2024-02-15 17:12:57.749, -2.257329, 8.213064, -3.074179, 0.05070032, -0.19905984, -0.014354911, 0.28954503, 9.769412, 0.803197, -29.587502, -200.90627, -16.10625, 4.5665979, -74.1632744
2024-02-15 17:12:58.753, 1.7087744, 10.176375, -0.9484551, -0.013744064, -0.11293039, 0.019547112, 0.584684, 9.76631, 0.6691376, -31.612501, -200.475, -13.668751, 4.5666613, -74.1632058
2024-02-15 17:12:59.758, -3.0580273, 10.693524, -2.3991039, 0.006795676, 0.16653223, -0.014354911, 0.58430874, 9.768812, 0.6318966, -32.943752, -200.34377, -9.58125, 4.5667113, -74.163128
2024-02-15 17:13:00.761, 3.2036905, 10.963913, 4.066004, 0.017409148, -0.4608079, -0.020768806, 0.41126782, 9.778998, 0.61026955, -32.943752, -200.38126, -8.08125, 4.5667477, -74.1630432
2024-02-15 17:13:01.764, -0.9499506, 6.6762743, -3.4477584, 0.0077119465, -0.17615308, -0.032374904, 0.5862349, 9.774433, 0.5358898, -33.956253, -200.86876, -3.9562502, 4.5667745, -74.1629557
2024-02-15 17:13:02.769, 0.28773692, 7.6588273, 2.2262223, -0.07666133, -0.14225106, 0.01099525, 0.6030735, 9.772726, 0.54819953, -33.45, -200.79376, 0.91875005, 4.5667878, -74.162862
2024-02-15 17:13:03.774, -3.947559, 9.527621, -0.3714857, 6.1084726E-4, 0.23922306, -0.03115321, 0.61243165, 9.772655, 0.5390313, -33.206253, -201.16876, 2.7, 4.5667881, -74.1627695
2024-02-15 17:13:05.070, -0.58265233, 10.446765, 3.4100714, -0.008780929, 0.13843326, 0.003970507, 0.26459187, 9.784285, 0.60675275, -32.850002, -201.05626, 3.35625, 4.5667702, -74.1625894
2024-02-15 17:13:08.968, 1.8978075, 11.399706, 3.2042887, 0.023288552, 0.17813833, -0.034818295, -0.31441036, 9.774451, 0.7291412, -33.487503, -199.66876, -2.5875, 4.5667821, -74.1623263
2024-02-15 17:13:10.654, 0.45164528, 8.506484, 0.29072794, 0.03298575, 0.0290916, 0.026571855, -0.71132725, 9.757073, 0.6811153, -32.756252, -199.8, -6.9750004, 4.5668258, -74.1621558
2024-02-15 17:13:12.225, 0.70678, 7.663613, 0.9095717, -0.005955761, 0.19004986, -0.05375456, -0.5129328, 9.7480345, 0.93974394, -32.850002, -200.13751, -8.7375, 4.5668864, -74.1619999
2024-02-15 17:13:13.230, 1.4679967, 8.144869, 1.5523437, 0.057572354, -0.29740626, -0.030236939, -0.67300487, 9.74138, 0.90717626, -32.831253, -200.15627, -7.9125004, 4.5669145, -74.1619307
2024-02-15 17:13:14.234, -0.17676978, 7.39442, -1.6067804, 0.04795151, -0.08941277, -0.0027488125, -0.76244205, 9.732647, 0.92986184, -32.23125, -200.13751, -8.325001, 4.5669387, -74.1618705
2024-02-15 17:13:15.247, -3.5117664, 10.54487, -2.1083758, -0.035887275, 0.48203483, -0.024128467, -1.344838, 9.687602, 0.715663, -31.9125, -200.98126, -11.043751, 4.5669665, -74.161814
2024-02-15 17:13:16.253, -4.17727, 10.852647, -1.5397813, 0.005879405, 0.1506502, 0.0387888, -1.6082721, 9.667155, 0.36049092, -29.775002, -200.83125, -14.962501, 4.5670047, -74.1617642
2024-02-15 17:13:17.257, -1.1536397, 10.864612, -1.6893328, -0.002519745, 0.09597938, 0.029320668, -1.851385, 9.630189, -0.04726694, -27.31875, -201.33751, -17.98125, 4.5670493, -74.1617187
2024-02-15 17:13:18.262, -2.3817558, 9.719048, 0.10737792, -0.0019088977, 0.20073968, -0.005497625, -1.8168534, 9.635453, -0.16576046, -24.73125, -200.49376, -21.7875, 4.5671143, -74.1616752
2024-02-15 17:13:19.269, -0.9391829, 9.489336, 4.016951, 0.018630842, 0.04008685, 0.015271181, -1.7810053, 9.630926, -0.49361557, -22.050001, -200.49376, -22.7625, 4.5671866, -74.1616454
2024-02-15 17:13:20.274, -2.1194427, 8.172386, 0.24376881, 0.005879405, 0.09078717, -0.009162709, -1.7313316, 9.617872, -0.81818044, -18.73125, -200.94376, -23.34375, 4.5672652, -74.1616289
2024-02-15 17:13:21.278, 0.6768697, 9.308379, -0.68255264, 0.01305686, 0.05780142, 0.04550812, -1.7333893, 9.608365, -0.91928697, -16.462502, -201.90001, -24.0, 4.5673461, -74.1616236
2024-02-15 17:13:22.378, -3.6637106, 10.051949, -3.6813576, -0.0071774554, 0.21540001, -0.002443389, -1.5542883, 9.634166, -0.9682075, -14.475, -201.82501, -23.6625, 4.56743, -74.1616295
2024-02-15 17:13:23.384, -0.47946185, 9.483355, -2.3021946, 0.049784053, 0.3522298, -0.019852536, -1.5199356, 9.6301985, -1.0580487, -12.281251, -201.73126, -22.81875, 4.5675149, -74.1616477
2024-02-15 17:13:24.388, -2.3578277, 10.351051, -2.714059, -0.039323293, 0.29847524, 0.035123717, -1.2284915, 9.663174, -1.1332613, -11.793751, -202.8, -21.88125, 4.5675949, -74.1616752
2024-02-15 17:13:25.393, -0.9499506, 10.353444, 0.53599226, 0.016798299, 0.13049224, -0.016798299, -1.3398472, 9.649959, -1.119595, -9.0375, -202.63126, -20.493752, 4.5676705, -74.1617085
2024-02-15 17:13:26.398, -6.433702, 8.284849, -2.9341989, 0.057572354, -0.13431004, -0.015576605, -1.3722146, 9.643617, -1.1349344, -5.9625, -203.175, -19.125, 4.5677404, -74.1617546
2024-02-15 17:13:27.403, -4.0277185, 10.147662, -4.001996, -0.001603474, 0.46951246, -0.005803049, -1.4163153, 9.644926, -1.0676343, -3.7875001, -203.55, -15.975, 4.5677974, -74.1618115
2024-02-15 17:13:28.410, -1.1102697, 6.5659056, -3.1666017, 0.015500249, 0.13690615, 0.018630842, -1.2520248, 9.646824, -1.2416242, -2.7562501, -203.88751, -13.33125, 4.5678472, -74.1618831
2024-02-15 17:13:29.415, -1.2553346, 10.596615, -2.5465615, -0.048944138, 0.20471019, -6.1084726E-4, -0.93546844, 9.688922, -1.1916633, -2.2125, -204.225, -12.225, 4.5678894, -74.1619598
2024-02-15 17:13:30.445, -1.5197415, 8.611769, -4.5861435, 0.04665346, -0.19386765, 0.028404398, -0.81350446, 9.713302, -1.077204, -2.3625002, -204.31876, -11.981251, 4.5679306, -74.1620354
2024-02-15 17:13:31.451, -2.1397817, 8.693125, -0.20249261, -0.041155834, 0.15309359, -3.0542363E-4, -0.69177437, 9.736661, -0.9430066, -2.1375, -204.675, -11.625, 4.5679745, -74.1621099
2024-02-15 17:13:32.456, -0.9200403, 10.628919, 0.7298109, 0.0018325418, 0.14393088, 0.009773556, -0.5898099, 9.764145, -0.69568884, -1.9125, -204.31876, -11.83125, 4.5680139, -74.1621868
2024-02-15 17:13:34.928, 2.5381866, 9.387342, 1.1380863, 0.04573719, -0.1220931, -0.028098974, -0.35642236, 9.78855, -0.47712308, -2.90625, -203.56876, -12.69375, 4.5680803, -74.1623175
2024-02-15 17:13:37.364, -0.6089734, 9.137292, 0.09661021, -0.051463883, 0.1350736, -0.012216945, -0.2682321, 9.80288, 0.044447564, -3.2250001, -203.56876, -14.55, 4.5681741, -74.162482
2024-02-15 17:13:38.370, 2.8208387, 8.815159, 2.7553353, -0.050242186, -0.45103434, 0.025961008, -0.2685251, 9.800445, 0.2226338, -3.7500002, -203.21251, -15.637501, 4.5682038, -74.1625236
2024-02-15 17:13:39.988, -1.1297114, 9.393325, -1.9597218, -7.635591E-5, -0.18653747, -0.0030542363, -0.13716961, 9.798747, 0.36895362, -5.9812503, -202.725, -17.775002, 4.568233, -74.1625579
2024-02-15 17:13:40.995, 0.6098707, 9.631709, -0.657428, 0.022372281, -0.19356222, -0.015882028, 0.3502654, 9.80018, -0.06450442, -9.993751, -203.32501, -21.806252, 4.5682901, -74.1625956
2024-02-15 17:13:41.999, -1.7006987, 8.705089, -3.554239, 0.04886778, -0.035963632, -0.008551862, 0.60092944, 9.767986, -0.6290522, -14.775001, -203.56876, -23.081251, 4.5683251, -74.1626033
2024-02-15 17:13:43.003, -0.8650054, 9.109775, -1.2224332, 0.010537115, -0.22471544, 0.0219905, 0.39529812, 9.746941, -1.0056244, -19.29375, -204.675, -21.581251, 4.5683634, -74.1625991
2024-02-15 17:13:44.009, -0.115752794, 8.508878, -1.6606189, -0.004428643, -0.17615308, 0.039094225, 0.31829044, 9.742376, -1.0747911, -22.706251, -203.34377, -20.587502, 4.5683963, -74.1625886
2024-02-15 17:13:45.012, 0.4755735, 9.514461, -3.1163523, -0.03802524, -0.19753273, 0.08437328, 0.17025279, 9.747028, -1.0662295, -25.35, -203.2875, -18.675001, 4.5684256, -74.1625719
2024-02-15 17:13:46.015, 0.17407785, 9.387342, 0.21864417, -0.029320668, -0.26075542, 0.04123219, 0.18718985, 9.774169, -0.77521867, -29.062502, -203.85, -16.931252, 4.5684539, -74.1625452
2024-02-15 17:13:47.020, 0.13579269, 9.591031, -0.55453664, -0.014354911, -0.154468, 0.003970507, 0.38376293, 9.776495, -0.6657782, -32.5125, -201.37502, -6.01875, 4.5684786, -74.1625069
2024-02-15 17:13:48.024, -0.6113662, 9.128918, -0.8706883, -0.001603474, -0.05612159, -0.014965758, 0.030805154, 9.779544, -0.7279769, -33.862503, -204.26251, -3.1125002, 4.5684933, -74.1624555
2024-02-15 17:13:49.028, 0.51505506, 9.22463, 0.010468599, -0.013133216, 0.054747187, 0.031458635, -0.110234834, 9.780513, -0.70696896, -35.41875, -197.38126, -5.9625, 4.5685028, -74.1624045
2024-02-15 17:13:50.033, 1.5876378, 9.98824, -1.218844, -0.015958386, 0.07887565, 0.028404398, -0.13974696, 9.778468, -0.72968364, -32.775, -199.65001, -4.18125, 4.5685108, -74.1623513
2024-02-15 17:13:51.037, 0.18245272, 9.945169, 1.0770693, -0.05054761, 0.0046577104, -0.014965758, 0.02631921, 9.790443, -0.5629547, -34.331253, -200.34377, -2.9250002, 4.5685183, -74.1622936
2024-02-15 17:13:52.042, -2.338685, 9.84826, -1.5062819, -0.012522369, 0.03153499, -0.008246438, -0.10286716, 9.802864, -0.25230974, -34.74375, -200.41876, -1.9125, 4.5685293, -74.1622342
2024-02-15 17:13:53.047, -2.3422742, 9.482158, -1.6510476, -0.0012980504, 0.16011834, 0.014965758, -0.15479295, 9.80515, -0.07389283, -34.66875, -200.02501, -2.4375, 4.5685361, -74.162177
2024-02-15 17:13:54.051, -4.805685, 11.119447, -4.913063, -0.09009997, 0.40018132, 0.026571855, -0.17031997, 9.802319, 0.23650375, -34.425003, -199.2375, -3.2062502, 4.5685441, -74.1621192
2024-02-15 17:13:55.055, -3.1453655, 9.865009, -0.7375876, -0.02687728, 0.05932854, 0.0018325418, -0.20797025, 9.795867, 0.41001964, -33.43125, -199.21877, -2.7375002, 4.5685521, -74.1620651
2024-02-15 17:13:56.060, 0.38823548, 12.660126, 4.317549, 0.003970507, -0.19783816, 0.009468133, -0.3516061, 9.782374, 0.5932261, -33.693752, -199.6125, -2.53125, 4.5685537, -74.1620171
2024-02-15 17:13:57.065, 0.72711897, 10.0014, 1.6002002, -0.019088976, -0.118428014, -0.045813546, -0.43912032, 9.76748, 0.75756717, -34.443752, -199.5375, -3.6000001, 4.5685527, -74.1619727
2024-02-15 17:13:58.072, 2.0952153, 8.38804, 1.1727822, -0.084755056, -0.13705885, -0.029320668, -0.36482668, 9.768105, 0.7883103, -34.36875, -199.74376, -2.49375, 4.5685601, -74.1619252
2024-02-15 17:13:59.077, -0.75613195, 10.0061865, 1.1751751, -0.04550812, 0.04008685, 0.012522369, -0.35132822, 9.780491, 0.62366056, -34.443752, -197.96251, -2.9625, 4.5685725, -74.161872
2024-02-15 17:14:00.083, 0.6768697, 8.308778, 3.2341988, 0.0046577104, -0.2308239, 0.003970507, -0.38096592, 9.780467, 0.60638034, -33.9375, -200.08125, -3.61875, 4.5685859, -74.1618122
2024-02-15 17:14:01.088, -0.18873389, 9.145667, 0.2425724, 0.022983128, -0.028633466, 0.040926766, -0.36676303, 9.784027, 0.5556063, -34.21875, -205.51875, -2.2687502, 4.5685961, -74.1617487
2024-02-15 17:14:02.094, -1.3103695, 9.460623, 2.053939, -0.011300675, 0.11399937, 0.016798299, -0.36998713, 9.777454, 0.65946853, -33.768753, -196.05, -3.8812501, 4.5686068, -74.1616808
2024-02-15 17:14:03.100, 0.32004002, 10.093823, 3.2557342, 0.040774055, -0.23998661, -0.010384403, -0.37420198, 9.763983, 0.8336674, -34.5, -200.43752, -4.93125, 4.5686166, -74.1616084
2024-02-15 17:14:04.106, 1.3172488, 8.982955, 3.301198, 9.162709E-4, -0.13797513, 0.016798299, -0.3527142, 9.765931, 0.8200946, -33.206253, -196.18126, -3.61875, 4.5686255, -74.1615371
2024-02-15 17:14:05.114, -1.6178472, 9.522836, 0.7860422, 0.0055739814, 0.20715357, 0.015576605, -0.38205, 9.7611885, 0.8623294, -32.5125, -198.43126, -4.3500004, 4.568634, -74.1614686
2024-02-15 17:14:06.119, -1.262513, 9.735797, 2.4595225, 0.009926268, 0.061161082, -0.004275931, -0.31129605, 9.768752, 0.80309093, -33.6375, -199.83751, -4.93125, 4.5686463, -74.1613989
2024-02-15 17:14:07.124, -0.12771691, 9.508479, -0.23958136, 0.0030542363, 0.1790546, -0.010384403, -0.12947124, 9.777173, 0.7486703, -35.325, -198.75002, -2.3812501, 4.5686534, -74.1613313
2024-02-15 17:14:08.129, -1.4623138, 9.582657, 4.452744, -0.0035123718, -0.048180576, -0.0219905, -0.5574378, 9.754598, 0.841104, -32.475002, -200.475, -3.9562502, 4.5686564, -74.1612616
2024-02-15 17:14:09.133, 1.3423735, 10.047163, 1.0854442, 0.035123717, -0.102545984, 0.05314371, -0.65438306, 9.748272, 0.8446024, -32.5875, -202.48126, -2.5687501, 4.5686619, -74.1611984
2024-02-15 17:14:10.137, -4.809274, 9.746565, -6.3996043, 0.048562355, 0.48783788, 0.0555871, -0.3365487, 9.777927, 0.6702792, -32.2125, -199.27501, -1.8937501, 4.5686672, -74.161139
2024-02-15 17:14:13.678, -4.0707893, 9.17797, -0.4408776, -0.08292252, 0.24991289, 0.033902023, -0.33764395, 9.784474, 0.56608564, -34.18125, -200.13751, 0.112500004, 4.5686765, -74.1609584
2024-02-15 17:14:14.977, -0.18993029, 9.92483, -2.7212377, 0.006490252, 0.17752749, -0.0051922016, -0.30320922, 9.76347, 0.8678105, -33.28125, -199.89375, -0.0375, 4.5686784, -74.1609008
2024-02-15 17:14:17.390, -0.23060828, 9.502497, 0.52283174, 9.162709E-4, -0.06711684, 0.016492875, -0.28034085, 9.793261, 0.4287722, -34.143753, -200.7375, -0.28125, 4.5686944, -74.1607619
2024-02-15 17:14:18.396, -1.6070795, 9.322736, 0.46061835, -0.043370154, 0.075821415, 0.003970507, -0.30383044, 9.800049, 0.1926049, -33.05625, -199.425, 1.9875001, 4.5687038, -74.1607116
2024-02-15 17:14:19.401, -0.0212363, 9.478569, 1.911267, -0.016569233, -0.04146126, 0.004886778, -0.31056118, 9.798203, 0.26297265, -33.768753, -199.27501, 0.95625, 4.5687079, -74.1606505
2024-02-15 17:14:22.078, -2.676073, 9.169596, 1.8203398, 0.023288552, 0.18913358, -0.01099525, -0.3456446, 9.785863, 0.53648174, -34.875, -199.76251, 0.63750005, 4.5687099, -74.1604584
2024-02-15 17:14:25.975, 5.527121, 10.363016, -4.3181477, 0.06536066, -0.05673244, -0.012216945, -0.40872645, 9.791821, 0.35154656, -34.162502, -200.40001, -1.5937501, 4.5687227, -74.1602885
2024-02-15 17:14:27.687, 4.663013, 8.223832, 5.528916, 0.011453386, -0.49257195, -0.018936265, -0.21078743, 9.800863, 0.26278386, -33.15, -201.26251, -0.09375, 4.5687372, -74.1601393
2024-02-15 17:14:28.691, -1.1823535, 8.720642, -2.0820549, 0.006490252, -0.099491745, -0.010384403, -0.13971548, 9.785686, 0.62546456, -33.80625, -200.2875, 0.90000004, 4.568737, -74.160056
2024-02-15 17:14:31.013, -1.3247265, 7.166803, -2.7415764, 0.0030542363, 0.12957597, 0.028709821, -0.37276056, 9.756341, 0.91937625, -33.300003, -199.6125, 0.99375004, 4.5687239, -74.1598229
2024-02-15 17:14:33.458, 0.59551376, 9.209077, -0.59641105, -0.02275406, -0.1584385, -0.003970507, -0.33146626, 9.749349, 1.0053555, -32.9625, -199.85626, 0.0375, 4.5687236, -74.1596791
2024-02-15 17:14:35.972, -0.6855437, 9.303594, -3.6391842, 0.019852536, -0.25556323, 0.004275931, -0.2402228, 9.741269, 1.1046981, -32.4375, -201.01875, 1.48125, 4.5687139, -74.1595239
2024-02-15 17:14:37.662, 1.7374884, 10.298409, 2.4966114, -0.037414394, -0.03993414, 0.016492875, -0.50865465, 9.694473, 1.3888334, -32.193752, -201.71251, 3.91875, 4.5686937, -74.1593728
2024-02-15 17:14:38.670, -0.9164511, 8.014461, -3.4106696, 0.04573719, -0.059175827, -0.015271181, -0.4631141, 9.714171, 1.2612611, -35.11875, -200.53127, 5.08125, 4.5686862, -74.1593031
2024-02-15 17:14:40.986, -1.1727822, 9.05474, -0.1594218, 0.028328042, 0.10330954, 0.019547112, -0.832038, 9.718312, 1.0161245, -32.775, -201.09377, 0.28125, 4.5686821, -74.1591716
2024-02-15 17:14:43.973, -3.711567, 8.599805, -1.5577276, 0.07032379, -0.36246148, -0.01343864, -0.7932696, 9.757017, 0.5845625, -33.16875, -200.2875, -4.5750003, 4.568708, -74.1589825
2024-02-15 17:14:47.970, -1.646561, 7.502097, -0.47078785, 0.033291176, 0.0782648, 0.0051922016, -1.2872243, 9.721682, 0.048435215, -27.50625, -199.63126, -19.3125, 4.568862, -74.15874
2024-02-15 17:14:51.141, -0.24376881, 10.352248, 0.034396827, 0.009926268, 0.4166742, 0.032374904, -0.8144021, 9.733919, 0.8706043, -24.656252, -198.01875, -22.875, 4.5691368, -74.1585893
2024-02-15 17:14:52.145, -0.27966115, 9.240184, 4.3701916, -0.030542362, -0.12300937, 0.031764057, -0.8019633, 9.710141, 1.1137421, -24.0375, -198.00002, -23.60625, 4.5692016, -74.1585555
2024-02-15 17:14:53.262, -6.4360948, 9.362218, 5.028517, -0.14675605, -0.112014115, 0.0076355906, -0.8342912, 9.700529, 1.172213, -23.550001, -197.13751, -24.243752, 4.5692622, -74.1585294
2024-02-15 17:14:54.267, -0.102592275, 10.254143, -15.914963, 0.20310672, 1.3558519, -0.04031592, -1.0346001, 9.690774, 1.0903611, -23.8875, -197.94376, -24.300001, 4.5693275, -74.1585073
2024-02-15 17:14:55.273, -3.318845, 8.57468, -2.376372, 0.009009997, 0.26365694, 0.049784053, -1.0278797, 9.690368, 1.1002772, -19.81875, -197.21251, -26.98125, 4.5693997, -74.1584929
2024-02-15 17:14:57.333, -2.1720848, 8.980562, -3.2264223, -0.07322531, 0.10514209, 0.023823043, -0.8121694, 9.700941, 1.1842748, -19.48125, -197.79376, -26.212502, 4.5695572, -74.1584761
2024-02-15 17:14:58.337, -0.8662018, 9.331111, 2.353042, 0.055434387, 0.14973393, 0.008551862, -0.7504893, 9.676546, 1.4041419, -19.25625, -197.81252, -27.056252, 4.5696383, -74.1584676
2024-02-15 17:14:59.992, -1.593919, 9.328718, 1.3992031, -0.07230905, 0.1790546, -0.007330167, -0.6991994, 9.665612, 1.5024757, -19.35, -197.98126, -26.081251, 4.5697198, -74.1584618
2024-02-15 17:15:03.991, 3.115156, 10.357034, 3.8410785, 0.08284616, -0.5417452, -0.012216945, -0.5373318, 9.681711, 1.4649705, -19.650002, -197.90627, -22.6875, 4.5700143, -74.1584394
2024-02-15 17:15:07.982, -1.9950159, 10.15484, -1.2236297, -0.019699825, -0.27144524, -0.02260135, -0.52410984, 9.713106, 1.2454908, -19.237501, -198.63751, -25.10625, 4.5702921, -74.158422
2024-02-15 17:15:09.663, 2.175375, 9.477372, 2.8845477, 0.027335415, -0.2812188, -0.009773556, -0.62953174, 9.767632, 0.60616595, -21.5625, -199.725, -23.7, 4.5704283, -74.1584008
2024-02-15 17:15:10.670, 0.5198407, 9.951151, 1.5236298, -3.8177954E-4, -0.18775918, 0.009468133, -0.4681784, 9.772452, 0.6710929, -23.15625, -199.44376, -23.94375, 4.5704958, -74.1583846
2024-02-15 17:15:11.675, -0.5057829, 9.922438, 0.070289165, -0.057037864, 0.08009735, -0.0027488125, -0.28773358, 9.777265, 0.7019213, -24.112501, -199.76251, -22.40625, 4.5705635, -74.1583612
2024-02-15 17:15:12.680, -2.012962, 8.779266, 0.25812575, -0.012827792, 0.13293563, -0.018325418, -0.29598707, 9.76014, 0.9068838, -25.800001, -198.75002, -21.46875, 4.5706315, -74.1583338
2024-02-15 17:15:13.684, -1.242174, 9.296415, 1.3833506, -0.046500746, 0.04924956, 0.0051922016, -0.4014263, 9.7461605, 1.0107412, -26.118752, -198.4125, -21.618752, 4.5706971, -74.1583002
2024-02-15 17:15:14.726, -0.04995017, 8.549556, 0.3912265, -0.011911522, -0.044820916, -0.043064732, -0.45561227, 9.720359, 1.2154895, -27.281252, -199.18126, -21.5625, 4.5707596, -74.1582638
2024-02-15 17:15:15.741, -1.6178472, 10.050753, 0.34337005, -0.014354911, -0.039017867, -0.020463383, -0.69948673, 9.676187, 1.432658, -26.718752, -199.10626, -21.45, 4.5708181, -74.1582289
2024-02-15 17:15:16.747, 1.0010972, 8.467003, 3.3454652, -0.021226943, -0.031993125, -0.0021379655, -0.8187603, 9.639269, 1.6076417, -27.112501, -199.65001, -20.625, 4.5708706, -74.1581942
2024-02-15 17:15:17.751, -4.0408792, 10.386944, -1.2643076, 0.015194826, 0.110639706, -0.0061084726, -0.79796106, 9.631088, 1.6660738, -27.843752, -199.33125, -21.0, 4.5709209, -74.1581595
2024-02-15 17:15:18.757, -0.7106683, 9.063115, 1.0495518, -0.018401774, -0.010002624, -0.03420745, -0.7970668, 9.607267, 1.7987429, -28.143751, -199.38751, -20.60625, 4.570966, -74.1581263
2024-02-15 17:15:19.763, -0.040378883, 10.069895, 2.9982069, 0.022372281, -0.22227205, -0.018630842, -0.70401925, 9.641312, 1.6492026, -29.306252, -199.78127, -17.775002, 4.5710023, -74.1580951
2024-02-15 17:15:20.769, 0.6541379, 9.739387, 3.2294133, 0.018019995, -0.23815407, -0.015576605, -0.5950649, 9.689685, 1.3879044, -30.187502, -201.15001, -15.0375, 4.5710361, -74.1580582
2024-02-15 17:15:21.775, -1.2637094, 8.868998, 0.8808578, -0.0075592347, -0.05581617, -0.009468133, -0.59717494, 9.671347, 1.5095834, -31.66875, -202.10626, -12.69375, 4.5710681, -74.1580156
2024-02-15 17:15:22.779, 2.0485554, 9.298808, 2.385345, 0.03077143, -0.084220566, -0.030847786, -0.7113967, 9.616469, 1.7854435, -31.462502, -201.33751, -10.837501, 4.5710964, -74.1579743
2024-02-15 17:15:23.783, -1.4635102, 9.5455675, 2.4978077, 0.0036650836, 0.03489465, -0.0051922016, -0.9892206, 9.571026, 1.8940153, -32.5875, -202.21877, -11.231251, 4.5711163, -74.157935
2024-02-15 17:15:25.486, -3.972684, 8.065906, -0.044566322, -0.027488127, 0.29816982, -0.013133216, -2.49906, 9.3847275, 1.3608705, -29.306252, -201.675, -15.58125, 4.5711463, -74.15788
2024-02-15 17:15:26.491, -3.1226335, 8.659625, 1.7844474, -0.0012980504, 0.35528404, 0.02015796, -2.7883854, 9.3828535, 0.5977973, -24.843752, -202.12502, -20.493752, 4.5711676, -74.1578633
2024-02-15 17:15:27.495, -4.5544386, 9.981061, 0.46301118, -0.027488127, 0.35803285, 0.08376243, -2.6735528, 9.4349375, -0.06680497, -18.675001, -202.06876, -23.550001, 4.5711967, -74.1578556
2024-02-15 17:15:28.500, -2.0117657, 8.451449, 0.75254273, -0.06704049, 0.34673217, 0.04367558, -2.057578, 9.580294, -0.39334905, -13.462501, -201.52501, -24.487501, 4.5712236, -74.1578563
2024-02-15 17:15:29.504, -0.26889345, 10.072288, 2.1556342, -0.040544987, 0.2526617, 0.085594974, -1.5027238, 9.688676, -0.20440269, -8.56875, -201.39375, -22.3125, 4.5712485, -74.1578637
2024-02-15 17:15:30.509, -1.9064814, 9.586246, 1.0304092, -0.04741702, 0.21295662, 0.002443389, -1.4930267, 9.690698, -0.17782262, -4.0125003, -201.20625, -18.825, 4.5712723, -74.1578814
2024-02-15 17:15:31.513, -4.633402, 8.34138, -0.042173497, -0.0704765, 0.2719034, 0.0555871, -1.2729241, 9.71908, 0.29920983, -1.2375001, -200.1, -14.85, 4.5712917, -74.1579109
2024-02-15 17:15:32.518, -1.3630116, 8.647661, -2.2974088, -0.010918895, 0.2642678, 0.17477867, -1.2008636, 9.71954, 0.5087683, 0.075, -201.00002, -12.075001, 4.5713041, -74.157951
2024-02-15 17:15:33.522, -3.2566316, 9.91167, 0.9346963, -0.011606098, -0.23051849, 0.0452027, -1.0507498, 9.7303915, 0.62112653, 0.58125, -201.07501, -10.59375, 4.5713105, -74.1579951
2024-02-15 17:15:34.527, -2.6246274, 11.164013, 1.4614165, -0.042453885, 0.020234315, -0.06261184, -0.78031534, 9.728125, 0.96181667, 0.80625004, -201.4875, -10.89375, 4.5713158, -74.1580411
2024-02-15 17:15:35.532, -0.67836523, 9.158828, 2.5531418, 0.012064233, 0.027869906, -0.03603999, -0.76526207, 9.678339, 1.3836628, 0.375, -199.35, -13.125001, 4.5713269, -74.1580892
2024-02-15 17:15:36.570, 3.0206394, 9.713065, 2.076671, 0.12079505, -0.044820916, -0.03634541, -0.5829434, 9.7344675, 1.0347517, -1.0875001, -199.48126, -15.093751, 4.5713446, -74.1581324
2024-02-15 17:15:37.574, 0.68045896, 9.569496, 1.5690935, 0.041690327, -0.33619505, -0.049784053, -0.47291216, 9.775032, 0.6288816, -4.2000003, -199.93126, -18.675001, 4.5713728, -74.1581704
2024-02-15 17:15:38.718, -0.6759724, 10.04836, 0.62093747, -9.926268E-4, -0.15233004, -0.027488127, -0.32488057, 9.765289, 0.83901286, -6.4875, -198.93752, -21.45, 4.5714113, -74.1582032
2024-02-15 17:15:39.722, -0.91525465, 9.604192, 1.0016954, 0.01175881, 0.08406785, -0.046729814, -0.62880254, 9.693935, 1.3426111, -7.3125005, -198.24376, -22.5, 4.5714544, -74.158229
2024-02-15 17:15:40.726, -1.3725829, 8.939884, 2.0024934, -0.034283802, 0.106974624, -0.012827792, -0.86245656, 9.678692, 1.3226813, -7.3125005, -197.77501, -21.91875, 4.5714969, -74.1582528
2024-02-15 17:15:41.731, -1.3606188, 9.799207, 1.2696915, 0.019852536, 0.045279052, -0.03115321, -0.9775643, 9.649989, 1.4465389, -7.275, -198.76875, -21.337502, 4.571529, -74.1582712
2024-02-15 17:15:42.736, -0.31196424, 9.612567, 1.5930216, 0.015194826, -0.032909397, 0.0021379655, -1.1409725, 9.672975, 1.1411064, -7.14375, -199.40627, -20.643751, 4.5715544, -74.158289
2024-02-15 17:15:43.740, -0.27128628, 9.753743, 3.225824, -0.008170082, 0.010766183, 0.036650836, -1.206331, 9.670673, 1.0923477, -6.24375, -198.76875, -19.556252, 4.5715721, -74.1583041
2024-02-15 17:15:44.745, 0.834796, 9.305986, 0.49172506, 0.07597413, 0.014125843, 0.06566608, -0.9856125, 9.709914, 0.95734894, -5.3812504, -199.08751, -18.206251, 4.5715874, -74.1583194
2024-02-15 17:15:45.750, -0.54646087, 9.334701, 0.067896344, 0.014278554, 0.0019088977, 0.06139015, -0.82184976, 9.743891, 0.7426563, -4.6687503, -199.725, -17.737501, 4.5715977, -74.1583349
2024-02-15 17:15:46.778, -1.0396814, 9.337093, 0.56350976, 0.004963134, -0.030160584, 0.040621344, -0.7227101, 9.769797, 0.44625857, -4.7250004, -200.13751, -16.9125, 4.571607, -74.1583484
2024-02-15 17:15:47.793, -0.5416752, 9.1719885, 0.0080757765, -0.06956023, 0.025121093, 0.100866154, -0.5923705, 9.785379, 0.25656104, -4.2562504, -201.225, -18.243752, 4.57162, -74.1583634
2024-02-15 17:15:48.797, -0.7812566, 9.250952, 0.18993029, 0.018325418, -0.029244313, 0.03939965, -0.583243, 9.787986, 0.15985121, -5.1000004, -200.90627, -18.4125, 4.5716346, -74.1583778
2024-02-15 17:15:49.801, -0.7716853, 9.698709, -0.5808577, 0.020539738, -0.025579229, 0.019547112, -0.45829082, 9.795927, 0.013009877, -4.65, -201.13126, -17.831251, 4.5716512, -74.1583931
2024-02-15 17:15:50.806, -1.2170494, 8.949456, -3.4465618, 0.021761434, 0.085900396, 0.030236939, -0.49793383, 9.741021, -1.0173231, -5.08125, -202.85626, -15.8625, 4.5716686, -74.1584082
2024-02-15 17:15:51.812, -0.5922236, 11.199905, 1.1069796, 0.065055236, -0.09704836, 0.007941014, -0.5337839, 9.686789, -1.4323387, -6.24375, -202.63126, -17.38125, 4.5716873, -74.1584232
2024-02-15 17:15:52.818, -0.86261255, 10.424033, -3.0011978, 0.03420745, -0.05245651, -0.011911522, -0.49974185, 9.663077, -1.5954875, -4.8375, -203.04376, -20.212502, 4.5717179, -74.1584461
2024-02-15 17:15:53.823, -1.9806589, 8.425129, 0.4127619, -0.022143213, 0.004046863, 0.025044737, -0.52581114, 9.692679, -1.394946, -8.38125, -204.07501, -20.212502, 4.57176, -74.158478
2024-02-15 17:15:54.828, -0.83389866, 10.1751795, 2.2082763, 0.014889402, -0.1660741, 0.123467505, -0.7052949, 9.694268, -1.3015802, -9.13125, -203.21251, -20.19375, 4.5717966, -74.1585043
2024-02-15 17:15:55.831, -2.179263, 9.011669, -2.8313074, 0.011147963, -0.015500249, -0.008551862, -1.1075264, 9.661719, -1.2629077, -8.8125, -202.27501, -20.56875, 4.5718257, -74.1585225
2024-02-15 17:15:56.836, -2.0428724, 8.606983, -2.3141587, -0.055205323, 0.14118208, -0.014660334, -0.9718849, 9.6738405, -1.2816507, -7.93125, -202.65001, -19.96875, 4.5718542, -74.1585373
2024-02-15 17:15:57.840, -5.8375897, 8.7577305, -5.601299, -0.01565296, 0.38796437, -0.011300675, -0.8422207, 9.716548, -1.0245708, -7.2187505, -202.2375, -19.2, 4.5718856, -74.1585519
2024-02-15 17:15:58.845, -0.66400826, 9.574282, -0.7890333, -0.028098974, 0.12530005, -0.02779355, -0.8375025, 9.744065, -0.7226112, -7.8, -201.4875, -19.96875, 4.5719237, -74.1585707
2024-02-15 17:15:59.851, -1.4575281, 9.393325, 0.6664011, -0.035276428, 0.031840414, 0.0036650836, -0.9663547, 9.753242, -0.33290628, -7.7812505, -200.2875, -21.28125, 4.5719692, -74.1586014
2024-02-15 17:16:00.858, -3.2685957, 7.852945, -1.0022936, -0.053601846, 0.040392276, 0.05222744, -0.97724146, 9.756745, 0.14597106, -7.9875, -200.21251, -21.69375, 4.572017, -74.158633
2024-02-15 17:16:01.864, 0.47198427, 9.669994, 2.475076, -0.010918895, 0.12438377, 0.061084725, -1.0624512, 9.738227, 0.45665315, -7.4062505, -199.65001, -21.35625, 4.5720655, -74.1586627
2024-02-15 17:16:02.871, -0.86261255, 9.31795, 2.359024, -0.06177193, -0.01733279, 0.025655584, -1.1302592, 9.71684, 0.68986964, -6.9187503, -198.56252, -21.825, 4.5721099, -74.1586866
2024-02-15 17:16:03.877, -1.0336994, 9.72144, 2.6656044, -0.04459185, 0.024510246, -0.015576605, -1.0997889, 9.647586, 1.3729241, -7.4062505, -198.0375, -21.862501, 4.5721522, -74.1587087
2024-02-15 17:16:04.883, -1.7006987, 9.155238, 3.4579277, -0.025273805, 0.0071010995, 0.024128467, -1.2291942, 9.56088, 1.8025104, -7.6312504, -197.925, -22.800001, 4.5721889, -74.1587284
2024-02-15 17:16:05.889, -0.63529444, 9.047562, 2.6608188, 0.0046577104, 0.0037414394, 0.020463383, -1.2729268, 9.505023, 2.050506, -7.33125, -197.38126, -22.800001, 4.5722173, -74.1587446
2024-02-15 17:16:06.893, -1.3007982, 8.939884, 2.7589245, -6.8720314E-4, 0.007406523, 0.02260135, -1.3941703, 9.398806, 2.4267514, -6.61875, -198.13126, -22.06875, 4.5722345, -74.1587548
2024-02-15 17:16:07.896, -1.1883355, 10.7019, 1.8442681, 0.016187452, -0.029549737, 0.012522369, -1.2554733, 9.520429, 1.9888761, -6.525, -198.15001, -22.44375, 4.572237, -74.1587609
2024-02-15 17:16:08.901, -1.4563317, 9.198309, -1.9286151, 0.02519745, 0.014736691, -0.013133216, -1.2563014, 9.719112, 0.36186004, -6.9375005, -198.13126, -21.54375, 4.5722302, -74.1587601
2024-02-15 17:16:09.905, -2.0452652, 9.480962, 1.4111671, -0.011911522, 0.026953636, 0.010384403, -1.4928347, 9.685384, 0.36765078, -5.9437504, -198.88126, -21.431252, 4.5722281, -74.1587606
2024-02-15 17:16:10.907, -1.236192, 9.284451, 2.833102, 0.023593975, 0.029702447, 0.018630842, -1.511225, 9.662118, 0.72805214, -5.9625, -199.70625, -21.6375, 4.5722281, -74.1587606
