2024-07-16 23:07:23.378, -0.5706882, -9.849157, -0.1689931, -0.0, -6.8720314E-4, 1.5271181E-4, -0.6105211, -9.783564, -0.28202853, 5.0437503, 12.975, 23.400002, 4.592601, -74.1809883
2024-07-16 23:07:24.382, -0.5706882, -9.849157, -0.1689931, -0.0, -6.8720314E-4, 1.5271181E-4, -0.6105211, -9.783564, -0.28202853, 5.0437503, 12.975, 23.400002, 4.592601, -74.1809883
2024-07-16 23:14:28.336, -0.5706882, -9.849157, -0.1689931, -0.0, -6.8720314E-4, 1.5271181E-4, -0.6105211, -9.783564, -0.28202853, 5.0437503, 12.975, 23.400002, 4.592601, -74.1809883
2024-07-16 23:14:29.341, -0.86979103, -9.85155, 0.04516453, -0.0, -6.8720314E-4, 1.5271181E-4, -0.6105211, -9.783564, -0.28202853, 5.0437503, 12.975, 23.400002, 4.592601, -74.1809883
2024-07-16 23:14:30.346, -0.8709874, -9.849157, 0.041575294, -0.0, -6.8720314E-4, 1.5271181E-4, -0.6105211, -9.783564, -0.28202853, 5.0437503, 12.975, 23.400002, 4.592601, -74.1809883
2024-07-16 23:14:31.351, -0.8554341, -9.856336, 0.04636094, -0.0, -6.8720314E-4, 1.5271181E-4, -0.6105211, -9.783564, -0.28202853, 51.487503, 108.075005, -21.487501, 4.5927017, -74.1812677
2024-07-16 23:14:32.357, -0.86261255, -9.846765, 0.051146585, -0.0, -6.8720314E-4, 1.5271181E-4, -0.6105211, -9.783564, -0.28202853, 51.581253, 108.65626, -21.46875, 4.5927484, -74.1813235
2024-07-16 23:14:33.363, -0.8745767, -9.853943, 0.043968115, -0.0, -6.8720314E-4, 1.5271181E-4, -0.6105211, -9.783564, -0.28202853, 52.2, 108.637505, -21.431252, 4.5927518, -74.1813256
2024-07-16 23:14:34.367, -0.8554341, -9.858728, 0.04875376, -0.0, -6.8720314E-4, 1.5271181E-4, -0.6105211, -9.783564, -0.28202853, 51.862503, 108.262505, -22.10625, 4.5927478, -74.1813249
2024-07-16 23:14:35.370, -0.8650054, -9.846765, 0.053539407, -0.0, -6.8720314E-4, 1.5271181E-4, -0.6105211, -9.783564, -0.28202853, 52.29375, 108.787506, -21.2625, 4.5927451, -74.1813231
2024-07-16 23:14:36.375, -0.8817552, -9.853943, 0.041575294, -0.0, -6.8720314E-4, 1.5271181E-4, -0.6105211, -9.783564, -0.28202853, 51.768753, 108.37501, -21.50625, 4.5927443, -74.1813218
2024-07-16 23:14:37.379, -0.8530413, -9.849157, 0.043968115, -0.0, -6.8720314E-4, 1.5271181E-4, -0.6105211, -9.783564, -0.28202853, 51.54375, 108.543755, -21.393751, 4.5927415, -74.181322
2024-07-16 23:14:38.383, -0.87936234, -9.865907, 0.034396827, -0.0, -6.8720314E-4, 1.5271181E-4, -0.6105211, -9.783564, -0.28202853, 52.2, 108.76875, -21.6375, 4.5927401, -74.1813232
2024-07-16 23:14:39.387, -0.86261255, -9.856336, 0.041575294, -0.0, -6.8720314E-4, 1.5271181E-4, -0.6105211, -9.783564, -0.28202853, 51.300003, 108.37501, -21.375, 4.5927434, -74.1813246
2024-07-16 23:14:40.391, -0.8769695, -9.853943, 0.043968115, -0.0, -6.8720314E-4, 1.5271181E-4, -0.6105211, -9.783564, -0.28202853, 51.937504, 108.600006, -20.775002, 4.5927465, -74.1813258
2024-07-16 23:14:41.394, -0.87936234, -9.85155, 0.043968115, -0.0, -6.8720314E-4, 1.5271181E-4, -0.6105211, -9.783564, -0.28202853, 52.125004, 108.637505, -20.98125, 4.5927361, -74.1813226
2024-07-16 23:14:42.399, -0.8650054, -9.856336, 0.04636094, -0.0, -6.8720314E-4, 1.5271181E-4, -0.6105211, -9.783564, -0.28202853, 52.068752, 108.318756, -21.0375, 4.592732, -74.1813203
2024-07-16 23:14:43.404, -0.84347, -9.863514, 0.051146585, -0.0, -6.8720314E-4, 1.5271181E-4, -0.6105211, -9.783564, -0.28202853, 52.0125, 109.0875, -21.16875, 4.5927301, -74.1813183
2024-07-16 23:14:44.409, -0.8602197, -9.849157, 0.04636094, -0.0, -6.8720314E-4, 1.5271181E-4, -0.6105211, -9.783564, -0.28202853, 51.9, 108.7125, -22.050001, 4.5927296, -74.1813169
2024-07-16 23:14:45.413, -0.85064846, -9.856336, 0.055932228, -0.0, -6.8720314E-4, 1.5271181E-4, -0.6105211, -9.783564, -0.28202853, 52.031254, 109.068756, -21.65625, 4.5927289, -74.1813151
2024-07-16 23:14:46.420, -0.86979103, -9.8682995, 0.04636094, -0.0, -6.8720314E-4, 1.5271181E-4, -0.6105211, -9.783564, -0.28202853, 52.0875, 108.543755, -21.0375, 4.5927293, -74.181314
2024-07-16 23:14:47.423, -0.8554341, -9.849157, 0.051146585, -0.0, -6.8720314E-4, 1.5271181E-4, -0.6105211, -9.783564, -0.28202853, 51.750004, 108.9, -21.73125, 4.5927301, -74.1813126
2024-07-16 23:14:48.427, -0.8745767, -9.856336, 0.053539407, -0.0, -6.8720314E-4, 1.5271181E-4, -0.6105211, -9.783564, -0.28202853, 51.656254, 108.95625, -20.6625, 4.5927292, -74.1813102
2024-07-16 23:14:49.432, -0.86979103, -9.853943, 0.04636094, -0.0, -6.8720314E-4, 1.5271181E-4, -0.6105211, -9.783564, -0.28202853, 51.693752, 108.39375, -21.65625, 4.5927268, -74.1813081
2024-07-16 23:14:50.437, -0.8650054, -9.844372, 0.04636094, -0.0, -6.8720314E-4, 1.5271181E-4, -0.6105211, -9.783564, -0.28202853, 51.768753, 108.918755, -21.206251, 4.5927253, -74.1813064
2024-07-16 23:14:51.442, -0.86261255, -9.846765, 0.051146585, -0.0, -6.8720314E-4, 1.5271181E-4, -0.6105211, -9.783564, -0.28202853, 51.506252, 108.787506, -20.75625, 4.5927245, -74.1813054
2024-07-16 23:14:52.447, -0.86261255, -9.846765, 0.04636094, -0.0, -6.8720314E-4, 1.5271181E-4, -0.6105211, -9.783564, -0.28202853, 51.525, 108.4875, -21.337502, 4.5927242, -74.1813047
2024-07-16 23:14:53.451, -0.8817552, -9.861121, 0.043968115, -0.0, -6.8720314E-4, 1.5271181E-4, -0.6105211, -9.783564, -0.28202853, 51.525, 108.80625, -21.393751, 4.5927244, -74.1813037
2024-07-16 23:14:54.456, -0.86261255, -9.853943, 0.043968115, -0.0, -6.8720314E-4, 1.5271181E-4, -0.6105211, -9.783564, -0.28202853, 51.506252, 108.84376, -21.65625, 4.5927244, -74.1813033
2024-07-16 23:14:55.460, -0.87218386, -9.858728, 0.03918247, -0.0, -6.8720314E-4, 1.5271181E-4, -0.6105211, -9.783564, -0.28202853, 51.656254, 109.21876, -21.243752, 4.5927244, -74.1813031
2024-07-16 23:14:56.465, -0.86261255, -9.863514, 0.051146585, -0.0, -6.8720314E-4, 1.5271181E-4, -0.6105211, -9.783564, -0.28202853, 51.825, 108.356255, -21.487501, 4.5927241, -74.1813032
2024-07-16 23:14:57.470, -0.8554341, -9.861121, 0.063110694, -0.0, -6.8720314E-4, 1.5271181E-4, -0.6105211, -9.783564, -0.28202853, 52.18125, 108.75001, -21.9375, 4.5927243, -74.1813028
2024-07-16 23:14:58.477, -0.87936234, -9.85155, 0.060717873, -0.0, -6.8720314E-4, 1.5271181E-4, -0.6105211, -9.783564, -0.28202853, 52.125004, 108.99375, -21.16875, 4.5927242, -74.1813026
2024-07-16 23:14:59.877, -0.87936234, -9.846765, 0.060717873, -0.0, -6.8720314E-4, 1.5271181E-4, -0.6105211, -9.783564, -0.28202853, 51.581253, 108.450005, -22.050001, 4.5927241, -74.1813025
2024-07-16 23:15:02.196, -0.84107715, -9.85155, 0.043968115, -0.0, -6.8720314E-4, 1.5271181E-4, -0.6105211, -9.783564, -0.28202853, 51.9, 109.575005, -21.487501, 4.5927238, -74.1813022
2024-07-16 23:15:03.201, -0.8602197, -9.846765, 0.060717873, -0.0, -6.8720314E-4, 1.5271181E-4, -0.6105211, -9.783564, -0.28202853, 51.91875, 108.58125, -21.675001, 4.5927237, -74.1813021
2024-07-16 23:15:04.206, -0.8602197, -9.861121, 0.051146585, -0.0, -6.8720314E-4, 1.5271181E-4, -0.6105211, -9.783564, -0.28202853, 51.99375, 108.881256, -21.88125, 4.5927238, -74.181302
2024-07-16 23:15:06.881, -0.8650054, -9.85155, 0.04875376, -0.0, -6.8720314E-4, 1.5271181E-4, -0.6105211, -9.783564, -0.28202853, 51.956253, 108.65626, -21.75, 4.5927237, -74.1813017
2024-07-16 23:15:07.885, -0.86261255, -9.863514, 0.053539407, -0.0, -6.8720314E-4, 1.5271181E-4, -0.6105211, -9.783564, -0.28202853, 51.73125, 109.0875, -21.487501, 4.5927222, -74.1813016
2024-07-16 23:15:08.889, -0.87936234, -9.865907, 0.04636094, -0.0, -6.8720314E-4, 1.5271181E-4, -0.6105211, -9.783564, -0.28202853, 51.3375, 108.37501, -21.768751, 4.5927211, -74.1813012
2024-07-16 23:15:10.890, -0.8554341, -9.841979, 0.04875376, -0.0, -6.8720314E-4, 1.5271181E-4, -0.6105211, -9.783564, -0.28202853, 51.54375, 108.693756, -21.018751, 4.5927196, -74.1813013
2024-07-16 23:15:12.657, -0.85064846, -9.858728, 0.043968115, -0.0, -6.8720314E-4, 1.5271181E-4, -0.6105211, -9.783564, -0.28202853, 51.9, 108.356255, -21.35625, 4.5927203, -74.1813008
2024-07-16 23:15:13.661, -0.86261255, -9.849157, 0.055932228, -0.0, -6.8720314E-4, 1.5271181E-4, -0.6105211, -9.783564, -0.28202853, 52.050003, 108.9, -21.018751, 4.5927202, -74.1813008
2024-07-16 23:15:14.902, -0.8602197, -9.849157, 0.04636094, -0.0, -6.8720314E-4, 1.5271181E-4, -0.6105211, -9.783564, -0.28202853, 52.143753, 108.543755, -21.6, 4.5927208, -74.1813003
2024-07-16 23:15:17.383, -0.8889336, -9.844372, 0.043968115, -0.0, -6.8720314E-4, 1.5271181E-4, -0.6105211, -9.783564, -0.28202853, 51.750004, 108.43125, -21.300001, 4.5927186, -74.1813006
2024-07-16 23:15:18.388, -0.8769695, -9.856336, 0.051146585, -0.0, -6.8720314E-4, 1.5271181E-4, -0.6105211, -9.783564, -0.28202853, 52.3875, 108.75001, -21.712502, 4.5927176, -74.1813
2024-07-16 23:15:19.394, -0.85064846, -9.865907, 0.043968115, -0.0, -6.8720314E-4, 1.5271181E-4, -0.6105211, -9.783564, -0.28202853, 51.487503, 108.675, -22.21875, 4.5927175, -74.1813001
2024-07-16 23:15:22.168, -0.8745767, -9.85155, 0.043968115, -0.0, -6.8720314E-4, 1.5271181E-4, -0.6105211, -9.783564, -0.28202853, 51.862503, 108.918755, -21.337502, 4.5927173, -74.1813004
2024-07-16 23:15:23.177, -0.8578269, -9.861121, 0.043968115, -0.0, -6.8720314E-4, 1.5271181E-4, -0.6105211, -9.783564, -0.28202853, 51.9, 108.9, -21.375, 4.592717, -74.1813003
2024-07-16 23:15:24.181, -0.8554341, -9.85155, 0.04636094, -0.0, -6.8720314E-4, 1.5271181E-4, -0.6105211, -9.783564, -0.28202853, 51.9, 108.65626, -21.993752, 4.5927177, -74.1813009
2024-07-16 23:15:26.883, -0.8602197, -9.853943, 0.053539407, -0.0, -6.8720314E-4, 1.5271181E-4, -0.6105211, -9.783564, -0.28202853, 52.0875, 108.600006, -21.975, 4.5927184, -74.1813013
2024-07-16 23:15:27.885, -0.8673982, -9.837193, 0.051146585, -0.0, -6.8720314E-4, 1.5271181E-4, -0.6105211, -9.783564, -0.28202853, 52.10625, 109.21876, -21.69375, 4.5927183, -74.1813013
2024-07-16 23:15:28.889, -0.8673982, -9.856336, 0.04875376, -0.0, -6.8720314E-4, 1.5271181E-4, -0.6105211, -9.783564, -0.28202853, 51.581253, 108.99375, -21.712502, 4.5927183, -74.1813013
2024-07-16 23:15:30.889, -0.8602197, -9.861121, 0.04636094, -0.0, -6.8720314E-4, 1.5271181E-4, -0.6105211, -9.783564, -0.28202853, 51.825, 109.18125, -21.2625, 4.5927183, -74.1813012
2024-07-16 23:15:32.574, -0.8458628, -9.858728, 0.051146585, -0.0, -6.8720314E-4, 1.5271181E-4, -0.6105211, -9.783564, -0.28202853, 51.825, 108.825005, -21.581251, 4.5927182, -74.1813011
2024-07-16 23:15:33.579, -0.8769695, -9.858728, 0.04875376, -0.0, -6.8720314E-4, 1.5271181E-4, -0.6105211, -9.783564, -0.28202853, 52.218754, 108.65626, -20.94375, 4.5927181, -74.181301
2024-07-16 23:15:34.885, -0.8578269, -9.853943, 0.051146585, -0.0, -6.8720314E-4, 1.5271181E-4, -0.6105211, -9.783564, -0.28202853, 51.61875, 109.200005, -21.243752, 4.5927181, -74.1813009
2024-07-16 23:15:37.325, -0.87218386, -9.846765, 0.051146585, -0.0, -6.8720314E-4, 1.5271181E-4, -0.6105211, -9.783564, -0.28202853, 52.143753, 109.106255, -21.73125, 4.592718, -74.1813008
2024-07-16 23:15:38.330, -0.8650054, -9.849157, 0.03918247, -0.0, -6.8720314E-4, 1.5271181E-4, -0.6105211, -9.783564, -0.28202853, 51.975002, 108.9, -21.300001, 4.592718, -74.1813007
2024-07-16 23:15:39.334, -0.8817552, -9.863514, 0.058325052, -0.0, -6.8720314E-4, 1.5271181E-4, -0.6105211, -9.783564, -0.28202853, 51.73125, 109.275, -21.825, 4.592718, -74.1813007
2024-07-16 23:15:41.923, -0.8602197, -9.861121, 0.053539407, -0.0, -6.8720314E-4, 1.5271181E-4, -0.6105211, -9.783564, -0.28202853, 51.787502, 108.43125, -21.487501, 4.5927179, -74.1813005
2024-07-16 23:15:42.927, -0.86979103, -9.85155, 0.04875376, -0.0, -6.8720314E-4, 1.5271181E-4, -0.6105211, -9.783564, -0.28202853, 51.956253, 108.412506, -21.525002, 4.5927179, -74.1813004
2024-07-16 23:15:43.932, -0.8578269, -9.846765, 0.043968115, -0.0, -6.8720314E-4, 1.5271181E-4, -0.6105211, -9.783564, -0.28202853, 51.843754, 109.12501, -21.7875, 4.5927179, -74.1813004
2024-07-16 23:16:48.670, -0.8650054, -9.85155, 0.04875376, -0.0, -6.8720314E-4, 1.5271181E-4, -0.6105211, -9.783564, -0.28202853, 51.750004, 108.7125, -21.487501, 4.5927179, -74.1813004
2024-07-16 23:17:42.100, -0.8650054, -9.85155, 0.04875376, -0.0, -6.8720314E-4, 1.5271181E-4, -0.6105211, -9.783564, -0.28202853, 51.750004, 108.7125, -21.487501, 4.5927179, -74.1813004
2024-07-16 23:22:35.416, -0.8650054, -9.85155, 0.04875376, -0.0, -6.8720314E-4, 1.5271181E-4, -0.6105211, -9.783564, -0.28202853, 51.750004, 108.7125, -21.487501, 4.5927179, -74.1813004
2024-07-16 23:30:47.333, -0.8650054, -9.85155, 0.04875376, -0.0, -6.8720314E-4, 1.5271181E-4, -0.6105211, -9.783564, -0.28202853, 51.750004, 108.7125, -21.487501, 4.5927179, -74.1813004
2024-07-16 23:30:48.342, -0.8650054, -9.85155, 0.04875376, -0.0, -6.8720314E-4, 1.5271181E-4, -0.6105211, -9.783564, -0.28202853, 51.750004, 108.7125, -21.487501, 4.5927179, -74.1813004
2024-07-16 23:38:16.588, -0.8650054, -9.85155, 0.04875376, -0.0, -6.8720314E-4, 1.5271181E-4, -0.6105211, -9.783564, -0.28202853, 51.750004, 108.7125, -21.487501, 4.5927179, -74.1813004
2024-07-16 23:38:31.743, -0.8650054, -9.85155, 0.04875376, -0.0, -6.8720314E-4, 1.5271181E-4, -0.6105211, -9.783564, -0.28202853, 51.750004, 108.7125, -21.487501, 4.5927179, -74.1813004
2024-07-16 23:38:32.846, -0.8650054, -9.85155, 0.04875376, -0.0, -6.8720314E-4, 1.5271181E-4, -0.6105211, -9.783564, -0.28202853, 51.750004, 108.7125, -21.487501, 4.5927179, -74.1813004
2024-07-16 23:38:33.851, -0.8650054, -9.85155, 0.04875376, -0.0, -6.8720314E-4, 1.5271181E-4, -0.6105211, -9.783564, -0.28202853, 51.750004, 108.7125, -21.487501, 4.5927179, -74.1813004
2024-07-16 23:38:34.855, -0.8650054, -9.85155, 0.04875376, -0.0, -6.8720314E-4, 1.5271181E-4, -0.6105211, -9.783564, -0.28202853, 51.750004, 108.7125, -21.487501, 4.5927179, -74.1813004
2024-07-16 23:38:35.859, -0.8650054, -9.85155, 0.04875376, -0.0, -6.8720314E-4, 1.5271181E-4, -0.6105211, -9.783564, -0.28202853, 51.750004, 108.7125, -21.487501, 4.5927179, -74.1813004
2024-07-16 23:38:36.864, -0.8650054, -9.85155, 0.04875376, -0.0, -6.8720314E-4, 1.5271181E-4, -0.6105211, -9.783564, -0.28202853, 51.750004, 108.7125, -21.487501, 4.5927179, -74.1813004
2024-07-16 23:38:37.868, -0.8650054, -9.85155, 0.04875376, -0.0, -6.8720314E-4, 1.5271181E-4, -0.6105211, -9.783564, -0.28202853, 51.750004, 108.7125, -21.487501, 4.5927179, -74.1813004
2024-07-16 23:38:38.873, -0.8650054, -9.85155, 0.04875376, -0.0, -6.8720314E-4, 1.5271181E-4, -0.6105211, -9.783564, -0.28202853, 51.750004, 108.7125, -21.487501, 4.5927179, -74.1813004
2024-07-16 23:38:39.877, -0.8650054, -9.85155, 0.04875376, -0.0, -6.8720314E-4, 1.5271181E-4, -0.6105211, -9.783564, -0.28202853, 51.750004, 108.7125, -21.487501, 4.5927179, -74.1813004
2024-07-16 23:38:40.881, -0.8650054, -9.85155, 0.04875376, -0.0, -6.8720314E-4, 1.5271181E-4, -0.6105211, -9.783564, -0.28202853, 51.750004, 108.7125, -21.487501, 4.5927179, -74.1813004
2024-07-16 23:38:41.890, -0.8650054, -9.85155, 0.04875376, -0.0, -6.8720314E-4, 1.5271181E-4, -0.6105211, -9.783564, -0.28202853, 51.750004, 108.7125, -21.487501, 4.5927179, -74.1813004
2024-07-16 23:38:46.210, -0.8650054, -9.85155, 0.04875376, -0.0, -6.8720314E-4, 1.5271181E-4, -0.6105211, -9.783564, -0.28202853, 51.750004, 108.7125, -21.487501, 4.5927179, -74.1813004
2024-07-16 23:38:47.217, 1.7446668, -8.193623, -0.6011967, -0.0, -6.8720314E-4, 1.5271181E-4, -0.6105211, -9.783564, -0.28202853, 51.750004, 108.7125, -21.487501, 4.5927179, -74.1813004
2024-07-16 23:38:48.221, -8.705687, -4.587041, 2.952743, -0.0, -6.8720314E-4, 1.5271181E-4, -0.6105211, -9.783564, -0.28202853, 51.750004, 108.7125, -21.487501, 4.5927179, -74.1813004
2024-07-16 23:38:49.226, -8.619545, 3.0933216, -3.6020954, -0.0, -6.8720314E-4, 1.5271181E-4, -0.6105211, -9.783564, -0.28202853, -6.7125, -50.8875, 9.9375, 4.5927758, -74.1813333
2024-07-16 23:38:50.230, -5.456832, -5.8103714, 7.760223, -0.0, -6.8720314E-4, 1.5271181E-4, -0.6105211, -9.783564, -0.28202853, 24.35625, -24.393751, -47.625, 4.592756, -74.1813527
2024-07-16 23:38:51.233, -2.6676981, -7.117451, 6.98435, -0.0, -6.8720314E-4, 1.5271181E-4, -0.6105211, -9.783564, -0.28202853, 18.69375, -15.656251, -58.687504, 4.5927439, -74.1813423
2024-07-16 23:38:52.238, -1.1500504, -8.467601, 0.23539393, -0.0, -6.8720314E-4, 1.5271181E-4, -0.6105211, -9.783564, -0.28202853, 9.993751, 6.0375004, -63.093754, 4.5927481, -74.1813328
2024-07-16 23:38:53.248, -8.205288, -3.842275, 3.0436704, -0.0, -6.8720314E-4, 1.5271181E-4, -0.6105211, -9.783564, -0.28202853, 22.3875, -32.9625, -40.275, 4.5927416, -74.1813283
2024-07-16 23:38:54.252, -2.5600212, -5.7816577, 8.152945, -0.0, -6.8720314E-4, 1.5271181E-4, -0.6105211, -9.783564, -0.28202853, 17.643751, -20.60625, -54.506252, 4.5927379, -74.1813202
2024-07-16 23:38:55.256, 0.74147594, -8.774181, 2.4308088, -0.0, -6.8720314E-4, 1.5271181E-4, -0.6105211, -9.783564, -0.28202853, 27.54375, 3.15, -53.437504, 4.592738, -74.1813187
2024-07-16 23:38:56.260, -7.3100734, -11.206486, 2.1508484, -0.0, -6.8720314E-4, 1.5271181E-4, -0.6105211, -9.783564, -0.28202853, 40.331253, -7.5937505, -38.381252, 4.5927425, -74.1813173
2024-07-16 23:38:57.264, 2.9344978, -2.2214367, -10.561919, -0.0, -6.8720314E-4, 1.5271181E-4, -0.6105211, -9.783564, -0.28202853, 27.937502, -3.6750002, 26.962502, 4.5927445, -74.1813173
2024-07-16 23:38:59.178, -4.9085765, -1.2520444, -7.353742, -0.0, -6.8720314E-4, 1.5271181E-4, -0.6105211, -9.783564, -0.28202853, 41.756252, -3.9562502, -15.806251, 4.5927305, -74.1813132
2024-07-16 23:39:01.944, -0.2832504, -6.7869425, 2.1125634, -0.0, -6.8720314E-4, 1.5271181E-4, -0.6105211, -9.783564, -0.28202853, 8.38125, -0.82500005, -32.5125, 4.5927222, -74.1813085
2024-07-16 23:39:03.714, -3.3427732, -6.801299, -0.35353956, -0.0, -6.8720314E-4, 1.5271181E-4, -0.6105211, -9.783564, -0.28202853, 1.9687501, 1.9875001, -1.85625, 4.5927227, -74.1813077
2024-07-16 23:39:04.720, -0.7477571, -9.5353985, 0.72382885, -0.0, -6.8720314E-4, 1.5271181E-4, -0.6105211, -9.783564, -0.28202853, -5.1375003, -1.1437501, -2.0812502, 4.5927236, -74.1813083
2024-07-16 23:39:05.725, 0.401396, -11.398211, 1.7030915, -0.0, -6.8720314E-4, 1.5271181E-4, -0.6105211, -9.783564, -0.28202853, -2.23125, -1.2375001, -1.3687501, 4.5927237, -74.1813066
2024-07-16 23:39:07.976, -0.11335997, -11.211271, -5.601299, -0.0, -6.8720314E-4, 1.5271181E-4, -0.6105211, -9.783564, -0.28202853, 10.575001, -1.1437501, -1.0125, 4.592722, -74.1813004
2024-07-16 23:39:08.980, -4.094718, -10.155438, -1.4380864, -0.0, -6.8720314E-4, 1.5271181E-4, -0.6105211, -9.783564, -0.28202853, 20.00625, -9.5625, -9.39375, 4.5927209, -74.1813027
2024-07-16 23:39:09.983, -2.833102, -9.209974, 1.9543378, -0.0, -6.8720314E-4, 1.5271181E-4, -0.6105211, -9.783564, -0.28202853, 19.03125, -10.70625, -16.931252, 4.5927181, -74.1813021
2024-07-16 23:39:11.887, -0.84347, -9.906585, 0.58983076, -0.0, -6.8720314E-4, 1.5271181E-4, -0.6105211, -9.783564, -0.28202853, 16.48125, -4.55625, -10.06875, 4.5927188, -74.1813009
2024-07-16 23:39:14.367, -0.90329057, -9.853943, 1.643271, -0.0, -6.8720314E-4, 1.5271181E-4, -0.6105211, -9.783564, -0.28202853, 18.375, 10.725, -6.4687505, 4.592717, -74.1812916
2024-07-16 23:39:15.372, 0.38464624, -8.685647, -1.3157533, -0.0, -6.8720314E-4, 1.5271181E-4, -0.6105211, -9.783564, -0.28202853, 16.3125, 9.806251, -1.21875, 4.5927151, -74.1812866
2024-07-16 23:39:16.987, -0.84107715, -9.554541, 1.7150556, -0.0, -6.8720314E-4, 1.5271181E-4, -0.6105211, -9.783564, -0.28202853, 21.5625, 9.13125, -4.4812503, 4.592714, -74.1812782
2024-07-16 23:39:19.414, -1.2314063, -9.715159, 1.0304092, -0.0, -6.8720314E-4, 1.5271181E-4, -0.6105211, -9.783564, -0.28202853, 21.243752, 8.962501, -3.2062502, 4.5927177, -74.1812771
2024-07-16 23:39:20.419, -0.30000013, -10.00469, 0.99690974, -0.0, -6.8720314E-4, 1.5271181E-4, -0.6105211, -9.783564, -0.28202853, 19.06875, 9.84375, -1.21875, 4.5927192, -74.1812754
2024-07-16 23:39:22.000, -0.6257231, -9.592826, 0.50368917, -0.0, -6.8720314E-4, 1.5271181E-4, -0.6105211, -9.783564, -0.28202853, 20.04375, 10.40625, -2.79375, 4.5927164, -74.1812801
2024-07-16 23:39:24.471, -0.16360925, -9.849157, 0.93230355, -0.0, -6.8720314E-4, 1.5271181E-4, -0.6105211, -9.783564, -0.28202853, 19.800001, 10.950001, -2.30625, 4.5927117, -74.1812809
2024-07-16 23:39:25.475, -0.3382853, -9.875478, 0.56111693, -0.0, -6.8720314E-4, 1.5271181E-4, -0.6105211, -9.783564, -0.28202853, 19.03125, 10.293751, -2.71875, 4.5927106, -74.1812791
2024-07-16 23:39:27.897, -3.1537402, -7.598707, -2.5127628, -0.0, -6.8720314E-4, 1.5271181E-4, -0.6105211, -9.783564, -0.28202853, 18.975, 7.4437504, 3.2625, 4.5927105, -74.1812791
2024-07-16 23:39:29.658, -9.332906, -3.2653055, -2.8049862, -0.0, -6.8720314E-4, 1.5271181E-4, -0.6105211, -9.783564, -0.28202853, 15.618751, -4.74375, 4.6125, 4.5927108, -74.1812795
2024-07-16 23:39:30.663, -8.686544, -4.290032, -3.2240293, -0.0, -6.8720314E-4, 1.5271181E-4, -0.6105211, -9.783564, -0.28202853, 16.21875, -4.4437504, 4.21875, 4.5927107, -74.1812794
2024-07-16 23:39:33.881, -0.36699918, -9.501899, 1.9570298, -0.0, -6.8720314E-4, 1.5271181E-4, -0.6105211, -9.783564, -0.28202853, 17.456251, 14.306251, 2.0062501, 4.5927108, -74.1812795
2024-07-16 23:39:34.884, -1.7078772, -9.839586, 1.3366905, -0.0, -6.8720314E-4, 1.5271181E-4, -0.6105211, -9.783564, -0.28202853, 20.475, 11.34375, 2.8125, 4.5927108, -74.1812795
2024-07-16 23:39:35.887, 0.2865405, -9.875478, 0.55393845, -0.0, -6.8720314E-4, 1.5271181E-4, -0.6105211, -9.783564, -0.28202853, 17.94375, 12.375001, 3.7500002, 4.5927109, -74.1812794
2024-07-16 23:39:38.885, 0.52342993, -9.640982, 2.2872393, -0.0, -6.8720314E-4, 1.5271181E-4, -0.6105211, -9.783564, -0.28202853, 18.88125, 10.33125, -2.68125, 4.5927111, -74.1812798
2024-07-16 23:39:39.888, 1.1844472, -9.74148, 1.3917254, -0.0, -6.8720314E-4, 1.5271181E-4, -0.6105211, -9.783564, -0.28202853, 5.55, 11.418751, -3.8437502, 4.5927109, -74.1812798
2024-07-16 23:39:40.892, 1.7470596, -9.54497, -0.6765706, -0.0, -6.8720314E-4, 1.5271181E-4, -0.6105211, -9.783564, -0.28202853, 12.825001, 12.0375, -2.4750001, 4.5927108, -74.1812796
2024-07-16 23:39:43.880, -0.9607183, -10.232307, -0.846461, -0.0, -6.8720314E-4, 1.5271181E-4, -0.6105211, -9.783564, -0.28202853, 22.3875, 12.525001, -8.868751, 4.5927106, -74.1812792
2024-07-16 23:39:44.884, -2.804388, -9.624231, -0.0134596275, -0.0, -6.8720314E-4, 1.5271181E-4, -0.6105211, -9.783564, -0.28202853, 19.987501, 6.99375, -3.3187501, 4.5927106, -74.1812793
2024-07-16 23:39:45.887, -0.9272188, -9.0182495, -2.3596222, -0.0, -6.8720314E-4, 1.5271181E-4, -0.6105211, -9.783564, -0.28202853, 8.793751, -2.6625001, -3.73125, 4.5927107, -74.1812793
2024-07-16 23:39:48.878, -6.1968126, -8.024929, -2.797808, -0.0, -6.8720314E-4, 1.5271181E-4, -0.6105211, -9.783564, -0.28202853, -9.58125, 18.862501, 1.4250001, 4.5927106, -74.1812793
2024-07-16 23:39:49.880, -6.3810596, -6.629016, -2.9557343, -0.0, -6.8720314E-4, 1.5271181E-4, -0.6105211, -9.783564, -0.28202853, -7.05, 16.35, 3.6750002, 4.5927106, -74.1812793
2024-07-16 23:39:50.882, -7.125527, -7.351948, -2.8337002, -0.0, -6.8720314E-4, 1.5271181E-4, -0.6105211, -9.783564, -0.28202853, -7.1250005, 17.175001, 1.81875, 4.5927106, -74.1812793
2024-07-16 23:39:53.170, 0.066400826, -8.695218, -0.8994022, -0.0, -6.8720314E-4, 1.5271181E-4, -0.6105211, -9.783564, -0.28202853, -1.63125, 7.4812503, 9.375, 4.5927107, -74.1812794
2024-07-16 23:39:54.184, -1.114158, -9.729516, -0.3367898, -0.0, -6.8720314E-4, 1.5271181E-4, -0.6105211, -9.783564, -0.28202853, 1.1625, 8.25, 10.35, 4.5927091, -74.1812831
2024-07-16 23:39:55.187, 0.51146585, -9.999905, -0.74117684, -0.0, -6.8720314E-4, 1.5271181E-4, -0.6105211, -9.783564, -0.28202853, -1.7625, 7.1062503, 9.76875, 4.5927064, -74.1812888
2024-07-16 23:39:56.899, 0.39421752, -9.727123, -0.5162515, -0.0, -6.8720314E-4, 1.5271181E-4, -0.6105211, -9.783564, -0.28202853, -3.5625002, 8.26875, 8.75625, 4.592706, -74.181292
2024-07-16 23:39:59.266, 0.45164528, -9.7654085, 0.09182457, -0.0, -6.8720314E-4, 1.5271181E-4, -0.6105211, -9.783564, -0.28202853, -5.3250003, 8.34375, 8.7375, 4.5927041, -74.1813048
2024-07-16 23:40:00.270, 0.5377869, -9.786943, 0.357727, -0.0, -6.8720314E-4, 1.5271181E-4, -0.6105211, -9.783564, -0.28202853, -5.5125003, 8.8125, 8.493751, 4.5927026, -74.1813058
2024-07-16 23:40:01.899, 0.5353941, -9.830014, 0.31944183, -0.0, -6.8720314E-4, 1.5271181E-4, -0.6105211, -9.783564, -0.28202853, -5.4, 8.493751, 8.26875, 4.5927017, -74.1813072
2024-07-16 23:40:04.294, 0.21475583, -9.8348, 0.25692934, -0.0, -6.8720314E-4, 1.5271181E-4, -0.6105211, -9.783564, -0.28202853, -5.7937503, 8.793751, 8.700001, 4.5926992, -74.1813109
2024-07-16 23:40:05.298, 0.6242276, -9.657731, -0.5210371, -0.0, -6.8720314E-4, 1.5271181E-4, -0.6105211, -9.783564, -0.28202853, -4.5750003, 7.18125, 8.868751, 4.5926991, -74.1813113
2024-07-16 23:40:06.887, -1.0301101, -9.798908, 0.49651068, -0.0, -6.8720314E-4, 1.5271181E-4, -0.6105211, -9.783564, -0.28202853, -12.4125, 10.40625, -1.725, 4.592699, -74.1813119
2024-07-16 23:40:09.382, -0.6017949, -10.833205, -0.49232325, -0.0, -6.8720314E-4, 1.5271181E-4, -0.6105211, -9.783564, -0.28202853, 4.9875, 6.0, -6.1687503, 4.5926989, -74.1813125
2024-07-16 23:40:10.387, -2.64377, -8.927322, -1.2152548, -0.0, -6.8720314E-4, 1.5271181E-4, -0.6105211, -9.783564, -0.28202853, 14.025001, 2.6437502, -11.700001, 4.5926988, -74.1813121
2024-07-16 23:40:11.979, -0.51056856, -7.833204, -1.6199409, -0.0, -6.8720314E-4, 1.5271181E-4, -0.6105211, -9.783564, -0.28202853, 25.331251, 18.768751, -33.112503, 4.5926988, -74.1813116
2024-07-16 23:40:13.099, 0.26739794, -9.186047, -1.6007984, -0.0, -6.8720314E-4, 1.5271181E-4, -0.6105211, -9.783564, -0.28202853, -7.4437504, 17.737501, -31.181252, 4.5926987, -74.1813116
2024-07-16 23:40:14.104, -1.3917254, -10.653444, -1.0884352, -0.0, -6.8720314E-4, 1.5271181E-4, -0.6105211, -9.783564, -0.28202853, -4.2000003, 24.35625, -41.006252, 4.5926988, -74.1813116
2024-07-16 23:40:15.108, -4.944469, -10.555339, -5.9004016, -0.0, -6.8720314E-4, 1.5271181E-4, -0.6105211, -9.783564, -0.28202853, -19.181252, 23.23125, -18.46875, 4.5926988, -74.1813116
2024-07-16 23:40:16.112, -1.3486546, -8.700004, -6.6882386, -0.0, -6.8720314E-4, 1.5271181E-4, -0.6105211, -9.783564, -0.28202853, 16.575, 43.8375, -10.556251, 4.5926988, -74.1813116
2024-07-16 23:40:17.954, -0.82672024, -7.07438, -1.131506, -0.0, -6.8720314E-4, 1.5271181E-4, -0.6105211, -9.783564, -0.28202853, 28.7625, -56.41875, -0.35625002, 4.5926988, -74.1813116
2024-07-16 23:40:19.670, 1.1147562, -9.954441, -1.9214365, -0.0, -6.8720314E-4, 1.5271181E-4, -0.6105211, -9.783564, -0.28202853, 21.28125, -35.737503, 9.168751, 4.5926988, -74.1813116
2024-07-16 23:40:20.675, -0.7692925, -7.4790664, -1.1673983, -0.0, -6.8720314E-4, 1.5271181E-4, -0.6105211, -9.783564, -0.28202853, 17.04375, -37.537502, 0.075, 4.5926988, -74.1813116
2024-07-16 23:40:21.680, -7.025028, -12.525828, -6.15434, -0.0, -6.8720314E-4, 1.5271181E-4, -0.6105211, -9.783564, -0.28202853, -56.362503, -57.881252, 38.625, 4.5926988, -74.1813116
2024-07-16 23:40:22.684, 0.66011995, -11.819347, -0.42532423, -0.0, -6.8720314E-4, 1.5271181E-4, -0.6105211, -9.783564, -0.28202853, 21.9375, 141.225, 31.237501, 4.5926988, -74.1813116
2024-07-16 23:40:23.783, -0.79800636, -5.3913283, -0.39900318, -0.0, -6.8720314E-4, 1.5271181E-4, -0.6105211, -9.783564, -0.28202853, 7.5937505, 139.06876, 20.1, 4.5926988, -74.1813116
2024-07-16 23:40:24.786, 0.19322042, -8.788539, 0.94666046, -0.0, -6.8720314E-4, 1.5271181E-4, -0.6105211, -9.783564, -0.28202853, -14.043751, 136.96875, 57.506252, 4.5926988, -74.1813116
2024-07-16 23:40:25.791, -0.59940207, -6.4567327, -1.2511472, -0.0, -6.8720314E-4, 1.5271181E-4, -0.6105211, -9.783564, -0.28202853, -3.1125002, 132.05626, 75.46875, 4.5926988, -74.1813116
2024-07-16 23:40:26.797, 0.1788635, -8.611469, -0.8706883, -0.0, -6.8720314E-4, 1.5271181E-4, -0.6105211, -9.783564, -0.28202853, -26.250002, -41.381252, 0.65625, 4.5926984, -74.181318
2024-07-16 23:40:27.803, -5.7203417, -10.445269, -2.429014, -0.0, -6.8720314E-4, 1.5271181E-4, -0.6105211, -9.783564, -0.28202853, -14.00625, -37.96875, 25.44375, 4.5926982, -74.1813364
2024-07-16 23:40:28.811, -1.0492527, -14.977275, -2.8265216, -0.0, -6.8720314E-4, 1.5271181E-4, -0.6105211, -9.783564, -0.28202853, -28.63125, -30.54375, 14.212501, 4.5926946, -74.1813471
2024-07-16 23:40:29.815, 0.6792625, -11.85524, -1.0740783, -0.0, -6.8720314E-4, 1.5271181E-4, -0.6105211, -9.783564, -0.28202853, -28.125002, -29.5125, -1.3687501, 4.5926972, -74.1813377
2024-07-16 23:40:30.822, 1.3208381, -8.903394, -1.2535399, -0.0, -6.8720314E-4, 1.5271181E-4, -0.6105211, -9.783564, -0.28202853, -17.1, -19.6875, -6.9750004, 4.5926975, -74.1813389
2024-07-16 23:40:32.904, 2.8316064, -10.694122, -2.1299112, -0.0, -6.8720314E-4, 1.5271181E-4, -0.6105211, -9.783564, -0.28202853, -23.38125, -19.03125, 1.3125, 4.5926953, -74.1813509
2024-07-16 23:40:34.680, -0.6305088, -8.462815, 0.09900304, -0.0, -6.8720314E-4, 1.5271181E-4, -0.6105211, -9.783564, -0.28202853, -22.237501, -17.94375, 10.03125, 4.5926916, -74.1813869
2024-07-16 23:40:35.686, 0.88265246, -6.8709903, -0.7818548, -0.0, -6.8720314E-4, 1.5271181E-4, -0.6105211, -9.783564, -0.28202853, -18.5625, -18.768751, 14.118751, 4.5926915, -74.1814022
2024-07-16 23:40:37.884, 0.9951151, -9.873085, 0.3481557, -0.0, -6.8720314E-4, 1.5271181E-4, -0.6105211, -9.783564, -0.28202853, -20.98125, -18.1875, 13.5375, 4.5926953, -74.1814289
2024-07-16 23:40:39.630, -2.2319052, -7.2897344, -0.79860455, -0.0, -6.8720314E-4, 1.5271181E-4, -0.6105211, -9.783564, -0.28202853, -22.0125, -17.868752, 14.718751, 4.5927, -74.1814555
2024-07-16 23:40:40.634, -1.3630116, -9.696016, -4.8305106, -0.0, -6.8720314E-4, 1.5271181E-4, -0.6105211, -9.783564, -0.28202853, -18.31875, -17.41875, 18.69375, 4.5926988, -74.1814661
2024-07-16 23:40:42.883, 1.5481563, -7.2969127, -1.7802601, -0.0, -6.8720314E-4, 1.5271181E-4, -0.6105211, -9.783564, -0.28202853, -18.4125, -17.625, 20.456251, 4.5927004, -74.1814896
2024-07-16 23:40:44.637, -1.2816557, -6.6481586, -0.34157544, -0.0, -6.8720314E-4, 1.5271181E-4, -0.6105211, -9.783564, -0.28202853, -18.28125, -20.41875, 19.368752, 4.5927031, -74.1815066
2024-07-16 23:40:45.639, -0.40767714, -7.031309, 0.4869394, -0.0, -6.8720314E-4, 1.5271181E-4, -0.6105211, -9.783564, -0.28202853, -20.550001, -20.15625, 16.5375, 4.5927035, -74.1815146
2024-07-16 23:40:47.909, 0.69122666, -13.540685, -1.5409778, -0.0, -6.8720314E-4, 1.5271181E-4, -0.6105211, -9.783564, -0.28202853, -21.88125, -21.2625, 17.775002, 4.5927079, -74.1815366
2024-07-16 23:40:49.618, 1.1724831, -6.652944, -2.3524437, -0.0, -6.8720314E-4, 1.5271181E-4, -0.6105211, -9.783564, -0.28202853, -20.85, -21.956251, 20.7, 4.5927084, -74.1815646
2024-07-16 23:40:50.629, -1.966302, -7.239485, -1.4787644, -0.0, -6.8720314E-4, 1.5271181E-4, -0.6105211, -9.783564, -0.28202853, -19.875, -24.50625, 22.425001, 4.5927086, -74.1815759
2024-07-16 23:40:52.885, 1.3256238, -13.002299, -0.30089745, -0.0, -6.8720314E-4, 1.5271181E-4, -0.6105211, -9.783564, -0.28202853, -16.66875, -23.962502, 28.725, 4.5927104, -74.181589
2024-07-16 23:40:54.675, 0.7199405, -10.907383, 0.077467635, -0.0, -6.8720314E-4, 1.5271181E-4, -0.6105211, -9.783564, -0.28202853, -15.825001, -23.325, 28.85625, 4.5927159, -74.1816249
2024-07-16 23:40:55.679, -0.54406804, -7.6944203, 0.4869394, -0.0, -6.8720314E-4, 1.5271181E-4, -0.6105211, -9.783564, -0.28202853, -17.362501, -23.212502, 26.868752, 4.592714, -74.1816423
2024-07-16 23:40:57.880, 1.0214362, -13.181761, -1.4189439, -0.0, -6.8720314E-4, 1.5271181E-4, -0.6105211, -9.783564, -0.28202853, -21.5625, -24.7875, 28.031252, 4.5927166, -74.1816704
2024-07-16 23:40:59.575, 0.59312093, -6.6505513, -1.7754744, -0.0, -6.8720314E-4, 1.5271181E-4, -0.6105211, -9.783564, -0.28202853, -50.062504, -18.54375, -3.6562502, 4.5927157, -74.181693
2024-07-16 23:41:00.580, -2.2342982, -6.7462645, -2.2304099, -0.0, -6.8720314E-4, 1.5271181E-4, -0.6105211, -9.783564, -0.28202853, -35.5875, -16.462502, -16.85625, 4.5927144, -74.1817046
2024-07-16 23:41:02.880, -0.2976073, -13.181761, -0.58564335, -0.0, -6.8720314E-4, 1.5271181E-4, -0.6105211, -9.783564, -0.28202853, 4.3500004, -38.11875, -37.3125, 4.592716, -74.1817281
2024-07-16 23:41:04.577, -0.6879365, -8.27139, 0.6999006, -0.0, -6.8720314E-4, 1.5271181E-4, -0.6105211, -9.783564, -0.28202853, 17.5125, -44.25, 9.543751, 4.5927203, -74.1817461
2024-07-16 23:41:05.582, -0.7405786, -8.4197445, -1.5577276, -0.0, -6.8720314E-4, 1.5271181E-4, -0.6105211, -9.783564, -0.28202853, -7.9125004, -46.331253, 28.25625, 4.59272, -74.1817507
2024-07-16 23:41:07.891, -2.481058, -9.092726, -1.6414764, -0.0, -6.8720314E-4, 1.5271181E-4, -0.6105211, -9.783564, -0.28202853, 15.88125, -59.925003, 27.206251, 4.5927192, -74.1817609
2024-07-16 23:41:09.600, 0.21475583, -11.649457, -2.481656, -0.0, -6.8720314E-4, 1.5271181E-4, -0.6105211, -9.783564, -0.28202853, 1.3125, -53.30625, 42.75, 4.59272, -74.1817693
2024-07-16 23:41:10.605, 0.7079764, -9.355937, 0.73579293, -0.0, -6.8720314E-4, 1.5271181E-4, -0.6105211, -9.783564, -0.28202853, -4.3875003, -52.350002, 48.487503, 4.5927179, -74.181773
2024-07-16 23:41:12.885, -1.2840484, -8.683254, 0.12532409, -0.0, -6.8720314E-4, 1.5271181E-4, -0.6105211, -9.783564, -0.28202853, -32.8125, -43.29375, 16.40625, 4.5927205, -74.1817798
2024-07-16 23:41:14.591, -0.28803602, -10.81167, -0.9065807, -0.0, -6.8720314E-4, 1.5271181E-4, -0.6105211, -9.783564, -0.28202853, -32.568752, -59.49375, 18.243752, 4.5927153, -74.1817879
2024-07-16 23:41:15.597, 1.9121644, -10.033404, -0.3056831, -0.0, -6.8720314E-4, 1.5271181E-4, -0.6105211, -9.783564, -0.28202853, -31.312502, -55.125004, 18.712502, 4.5927069, -74.1817942
2024-07-16 23:41:17.879, 2.673381, -10.545768, -2.184946, -0.0, -6.8720314E-4, 1.5271181E-4, -0.6105211, -9.783564, -0.28202853, -31.612501, -57.075, 19.44375, 4.5927001, -74.1817999
2024-07-16 23:41:19.590, 1.8930218, -8.582756, -3.3795629, -0.0, -6.8720314E-4, 1.5271181E-4, -0.6105211, -9.783564, -0.28202853, 2.7, -49.425003, 45.84375, 4.5926902, -74.1818072
2024-07-16 23:41:20.596, 1.0716854, -9.966406, 0.6855437, -0.0, -6.8720314E-4, 1.5271181E-4, -0.6105211, -9.783564, -0.28202853, -12.8625, -41.325, 48.3375, 4.5926837, -74.1818147
2024-07-16 23:41:22.889, 2.0150557, -9.873085, -1.4285151, -0.0, -6.8720314E-4, 1.5271181E-4, -0.6105211, -9.783564, -0.28202853, -42.675003, -34.65, 32.25, 4.5926816, -74.1818201
2024-07-16 23:41:24.559, -3.8551364, -6.7582283, -2.1969104, -0.0, -6.8720314E-4, 1.5271181E-4, -0.6105211, -9.783564, -0.28202853, -3.0, -36.075, -3.54375, 4.5926708, -74.181831
2024-07-16 23:41:25.564, -1.3797613, -12.87518, -1.0214362, -0.0, -6.8720314E-4, 1.5271181E-4, -0.6105211, -9.783564, -0.28202853, -6.2625003, -44.625, -0.76875, 4.5926671, -74.1818352
2024-07-16 23:41:26.898, -0.83389866, -11.2806635, 0.36011982, -0.0, -6.8720314E-4, 1.5271181E-4, -0.6105211, -9.783564, -0.28202853, -13.9875, -45.037502, 0.45000002, 4.592666, -74.1818368
2024-07-16 23:41:29.363, -0.43878385, -7.873882, -1.6941184, -0.0, -6.8720314E-4, 1.5271181E-4, -0.6105211, -9.783564, -0.28202853, -3.24375, -40.162502, 33.956253, 4.5926544, -74.1818447
2024-07-16 23:41:30.367, -1.5831513, -11.350354, -2.3572295, -0.0, -6.8720314E-4, 1.5271181E-4, -0.6105211, -9.783564, -0.28202853, 12.900001, -53.49375, 42.43125, 4.5926449, -74.1818518
2024-07-16 23:41:31.890, -1.0612168, -6.34427, -2.9940193, -0.0, -6.8720314E-4, 1.5271181E-4, -0.6105211, -9.783564, -0.28202853, 3.9562502, -50.49375, 45.225002, 4.5926449, -74.1818518
2024-07-16 23:41:34.370, -2.0739791, -7.6920276, -0.16420746, -0.0, -6.8720314E-4, 1.5271181E-4, -0.6105211, -9.783564, -0.28202853, -31.518751, -46.893753, 29.175001, 4.5926333, -74.1818624
2024-07-16 23:41:35.374, -1.3103695, -9.643374, -0.5665008, -0.0, -6.8720314E-4, 1.5271181E-4, -0.6105211, -9.783564, -0.28202853, -41.25, -39.05625, 30.018751, 4.5926272, -74.1818631
2024-07-16 23:41:36.890, -5.4233327, -9.171689, 0.40558344, -0.0, -6.8720314E-4, 1.5271181E-4, -0.6105211, -9.783564, -0.28202853, -68.887505, -24.0, 6.95625, 4.5926212, -74.1818609
2024-07-16 23:41:39.328, 0.83958167, -10.399805, -0.9711869, -0.0, -6.8720314E-4, 1.5271181E-4, -0.6105211, -9.783564, -0.28202853, -15.093751, -14.887501, 50.2125, 4.5926103, -74.1818543
2024-07-16 23:41:40.334, -5.8543396, -8.228319, -0.89461654, -0.0, -6.8720314E-4, 1.5271181E-4, -0.6105211, -9.783564, -0.28202853, -18.45, -21.112501, 32.0625, 4.5926105, -74.1818487
2024-07-16 23:41:41.339, 1.4404793, -9.489935, 3.3502507, -0.0, -6.8720314E-4, 1.5271181E-4, -0.6105211, -9.783564, -0.28202853, 10.725, -25.7625, 44.30625, 4.5926115, -74.1818456
2024-07-16 23:41:44.185, -3.333202, -9.284152, 0.98016, -0.0, -6.8720314E-4, 1.5271181E-4, -0.6105211, -9.783564, -0.28202853, 30.300001, -26.831251, 11.15625, 4.5926195, -74.1818308
2024-07-16 23:41:45.189, -3.6373894, -9.370294, 1.1644074, -0.0, -6.8720314E-4, 1.5271181E-4, -0.6105211, -9.783564, -0.28202853, 32.11875, -28.612501, -0.65625, 4.5926198, -74.1818288
2024-07-16 23:41:46.194, -1.1380863, -7.213164, 0.5276174, -0.0, -6.8720314E-4, 1.5271181E-4, -0.6105211, -9.783564, -0.28202853, 16.425001, -14.606251, -36.6375, 4.5926203, -74.1818287
2024-07-16 23:41:49.144, -3.8766718, -7.18445, 1.5906289, -0.0, -6.8720314E-4, 1.5271181E-4, -0.6105211, -9.783564, -0.28202853, -10.125, -4.5375004, -40.66875, 4.5926197, -74.1818277
2024-07-16 23:41:50.149, -0.5512465, -8.917751, -4.4186463, -0.0, -6.8720314E-4, 1.5271181E-4, -0.6105211, -9.783564, -0.28202853, 11.2875, 11.587501, -42.075, 4.5926177, -74.1818276
2024-07-16 23:41:51.153, -3.371786, -8.379066, 0.8171489, -0.0, -6.8720314E-4, 1.5271181E-4, -0.6105211, -9.783564, -0.28202853, -12.69375, -10.275001, -49.125004, 4.5926157, -74.1818296
2024-07-16 23:41:53.925, 1.2083755, -9.863514, -1.1745768, -0.0, -6.8720314E-4, 1.5271181E-4, -0.6105211, -9.783564, -0.28202853, -20.56875, -3.5812502, -41.025, 4.5926086, -74.1818361
2024-07-16 23:41:54.928, -1.2864413, -9.959227, 0.9514461, -0.0, -6.8720314E-4, 1.5271181E-4, -0.6105211, -9.783564, -0.28202853, -45.037502, -5.83125, -1.10625, 4.592604, -74.1818377
2024-07-16 23:41:55.932, 1.2490535, -9.827621, -0.18095721, -0.0, -6.8720314E-4, 1.5271181E-4, -0.6105211, -9.783564, -0.28202853, -16.5375, -5.6062503, 47.11875, 4.5926023, -74.1818385
2024-07-16 23:41:57.902, -0.058325052, -9.830014, 1.939981, -0.0, -6.8720314E-4, 1.5271181E-4, -0.6105211, -9.783564, -0.28202853, 0.28125, -0.71250004, 48.825, 4.5925984, -74.1818397
2024-07-16 23:41:59.669, 0.4229314, -9.638589, 1.9375881, -0.0, -6.8720314E-4, 1.5271181E-4, -0.6105211, -9.783564, -0.28202853, -0.075, 1.85625, 49.29375, 4.5925926, -74.1818393
2024-07-16 23:42:00.674, 0.59551376, -9.602397, 2.05035, -0.0, -6.8720314E-4, 1.5271181E-4, -0.6105211, -9.783564, -0.28202853, 0.82500005, 2.04375, 48.412502, 4.5925913, -74.1818392
2024-07-16 23:42:01.939, -0.84347, -9.377472, 2.2058833, -0.0, -6.8720314E-4, 1.5271181E-4, -0.6105211, -9.783564, -0.28202853, -14.025001, 1.0125, 46.425003, 4.5925899, -74.1818394
2024-07-16 23:42:04.438, 2.038984, -8.901001, -2.4385853, -0.0, -6.8720314E-4, 1.5271181E-4, -0.6105211, -9.783564, -0.28202853, -49.143753, -10.78125, -10.8, 4.5925879, -74.1818391
2024-07-16 23:42:05.444, -2.0428724, -8.62822, -2.2998016, -0.0, -6.8720314E-4, 1.5271181E-4, -0.6105211, -9.783564, -0.28202853, -11.325001, 0.7875, -46.03125, 4.5925871, -74.181839
2024-07-16 23:42:06.447, 0.9448658, -8.506186, -2.836093, -0.0, -6.8720314E-4, 1.5271181E-4, -0.6105211, -9.783564, -0.28202853, 1.5, -6.525, -43.575, 4.5925867, -74.1818396
2024-07-16 23:42:08.903, -0.18753748, -7.919346, -0.037387855, -0.0, -6.8720314E-4, 1.5271181E-4, -0.6105211, -9.783564, -0.28202853, -0.22500001, -6.4875, -24.375002, 4.5925836, -74.1818425
2024-07-16 23:42:09.907, -1.654936, -34.71178, 0.54675996, -0.0, -6.8720314E-4, 1.5271181E-4, -0.6105211, -9.783564, -0.28202853, -13.63125, -2.04375, -12.431251, 4.5925762, -74.1818532
2024-07-16 23:42:10.910, -2.1720848, -11.036595, -2.2734807, -0.0, -6.8720314E-4, 1.5271181E-4, -0.6105211, -9.783564, -0.28202853, -13.781251, 7.8, 8.1, 4.5925724, -74.1818605
2024-07-16 23:42:12.903, -0.5488537, -8.036893, -2.1011975, -0.0, -6.8720314E-4, 1.5271181E-4, -0.6105211, -9.783564, -0.28202853, -1.575, -1.6125001, -9.6, 4.5925785, -74.1818603
2024-07-16 23:42:14.628, -6.0936217, -11.623136, 0.058325052, -0.0, -6.8720314E-4, 1.5271181E-4, -0.6105211, -9.783564, -0.28202853, -5.5875, 5.45625, -40.575, 4.5925927, -74.1818596
2024-07-16 23:42:15.632, -0.17078772, -13.418651, -3.3101711, -0.0, -6.8720314E-4, 1.5271181E-4, -0.6105211, -9.783564, -0.28202853, 10.06875, 8.925, -40.21875, 4.5925991, -74.1818506
2024-07-16 23:42:16.895, 0.6840482, -8.259425, -0.84406817, -0.0, -6.8720314E-4, 1.5271181E-4, -0.6105211, -9.783564, -0.28202853, 47.41875, 31.95, -61.612503, 4.5926049, -74.1818461
2024-07-16 23:42:19.338, 3.2599218, -10.2682, 3.5847473, -0.0, -6.8720314E-4, 1.5271181E-4, -0.6105211, -9.783564, -0.28202853, 27.243752, -50.100002, -27.712502, 4.5926217, -74.1818428
2024-07-16 23:42:20.342, 3.9999022, -14.93899, 0.9634102, -0.0, -6.8720314E-4, 1.5271181E-4, -0.6105211, -9.783564, -0.28202853, 7.0875, -55.687504, -14.625001, 4.5926143, -74.1818447
2024-07-16 23:42:21.346, 1.7374884, -11.754742, -0.37746778, -0.0, -6.8720314E-4, 1.5271181E-4, -0.6105211, -9.783564, -0.28202853, -20.8875, -50.156254, -36.0, 4.5926146, -74.1818476
2024-07-16 23:42:23.948, 3.0876386, -9.815658, 0.8461619, -0.0, -6.8720314E-4, 1.5271181E-4, -0.6105211, -9.783564, -0.28202853, 23.5125, -48.45, -56.8875, 4.5926268, -74.1818746
2024-07-16 23:42:24.951, 2.7667012, -9.4636135, -0.11395818, -0.0, -6.8720314E-4, 1.5271181E-4, -0.6105211, -9.783564, -0.28202853, 10.425, -42.15, -49.93125, 4.5926268, -74.1818746
2024-07-16 23:42:25.955, 2.3192434, -8.304889, -0.9807582, -0.0, -6.8720314E-4, 1.5271181E-4, -0.6105211, -9.783564, -0.28202853, 5.4, -39.15, -28.312502, 4.5926247, -74.1818971
2024-07-16 23:42:27.882, 0.008673982, -6.1070814, 0.79800636, -0.0, -6.8720314E-4, 1.5271181E-4, -0.6105211, -9.783564, -0.28202853, -15.900001, -41.850002, 16.06875, 4.592626, -74.1819088
2024-07-16 23:42:29.601, 0.99032944, -10.701301, 1.8394824, -0.0, -6.8720314E-4, 1.5271181E-4, -0.6105211, -9.783564, -0.28202853, -16.931252, -42.28125, 14.00625, 4.5926241, -74.1819373
2024-07-16 23:42:30.604, -1.7653049, -12.192927, -1.8089739, -0.0, -6.8720314E-4, 1.5271181E-4, -0.6105211, -9.783564, -0.28202853, -17.94375, -39.80625, 16.125, 4.5926216, -74.1819479
2024-07-16 23:42:31.897, 1.782952, -6.9499536, -1.8376877, -0.0, -6.8720314E-4, 1.5271181E-4, -0.6105211, -9.783564, -0.28202853, -16.650002, -36.768753, 18.13125, 4.5926221, -74.1819579
2024-07-16 23:42:33.811, 3.0517461, 3.9290147, 1.6959131, -0.0, -6.8720314E-4, 1.5271181E-4, -0.6105211, -9.783564, -0.28202853, -28.725, -59.625004, 14.512501, 4.592618, -74.1819795
2024-07-16 23:42:34.815, 1.7087744, -1.6157535, 12.431013, -0.0, -6.8720314E-4, 1.5271181E-4, -0.6105211, -9.783564, -0.28202853, 3.9, -39.412502, 36.018753, 4.592606, -74.1819874
2024-07-16 23:42:35.819, -2.4068804, -1.8984057, 11.339288, -0.0, -6.8720314E-4, 1.5271181E-4, -0.6105211, -9.783564, -0.28202853, 7.8750005, -48.037502, 34.425003, 4.5925958, -74.1819969
2024-07-16 23:42:37.401, -2.4020948, -1.338186, 11.779866, -0.0, -6.8720314E-4, 1.5271181E-4, -0.6105211, -9.783564, -0.28202853, -13.8, -29.400002, -0.88125, 4.5925678, -74.1820068
2024-07-16 23:42:39.391, -3.3260236, 1.1901301, 13.846068, -0.0, -6.8720314E-4, 1.5271181E-4, -0.6105211, -9.783564, -0.28202853, -21.712502, -25.837502, 1.25625, 4.592542, -74.1820019
2024-07-16 23:42:40.396, -0.54406804, 3.7588253, 8.660223, -0.0, -6.8720314E-4, 1.5271181E-4, -0.6105211, -9.783564, -0.28202853, -24.843752, -27.375002, 2.71875, 4.5925241, -74.1819974
2024-07-16 23:42:41.401, 0.19082761, 1.9082761, 8.353942, -0.0, -6.8720314E-4, 1.5271181E-4, -0.6105211, -9.783564, -0.28202853, -28.275002, -26.737501, 0.73125005, 4.5925056, -74.1819946
2024-07-16 23:42:42.404, 1.1629118, 6.0116677, 9.500702, -0.0, -6.8720314E-4, 1.5271181E-4, -0.6105211, -9.783564, -0.28202853, -29.400002, -31.63125, 10.6875, 4.5924897, -74.1819918
2024-07-16 23:42:43.408, -0.97507524, 5.7652073, 10.4871435, -0.0, -6.8720314E-4, 1.5271181E-4, -0.6105211, -9.783564, -0.28202853, -28.237501, -30.337502, 2.0062501, 4.59246, -74.1819844
2024-07-16 23:42:44.411, 0.8994022, 6.5694947, 8.638688, -0.0, -6.8720314E-4, 1.5271181E-4, -0.6105211, -9.783564, -0.28202853, -29.325, -31.44375, -0.82500005, 4.5924434, -74.1819797
2024-07-16 23:42:45.415, -0.71425754, 2.8516464, 6.9987073, -0.0, -6.8720314E-4, 1.5271181E-4, -0.6105211, -9.783564, -0.28202853, -23.5125, -35.325, -5.1937504, 4.5924278, -74.1819712
2024-07-16 23:42:46.418, -0.71425754, 2.1837497, 7.7386875, -0.0, -6.8720314E-4, 1.5271181E-4, -0.6105211, -9.783564, -0.28202853, -29.625002, -34.36875, -5.7562504, 4.5924131, -74.1819559
2024-07-16 23:42:47.419, -0.36460635, 1.2451651, 12.476477, -0.0, -6.8720314E-4, 1.5271181E-4, -0.6105211, -9.783564, -0.28202853, -25.125002, -1.6500001, -12.825001, 4.5923986, -74.1819327
2024-07-16 23:42:48.422, 0.5353941, 3.696612, 11.033006, -0.0, -6.8720314E-4, 1.5271181E-4, -0.6105211, -9.783564, -0.28202853, -24.206251, 0.93750006, -18.393751, 4.5923864, -74.1819168
2024-07-16 23:42:49.426, 0.44207397, 3.4094732, 7.6740813, -0.0, -6.8720314E-4, 1.5271181E-4, -0.6105211, -9.783564, -0.28202853, -22.40625, -1.95, -23.268751, 4.5923739, -74.1819034
2024-07-16 23:42:50.429, 0.8659027, 2.1861427, 7.094719, 0.07627955, 0.12781979, -0.4714977, 0.7553469, 2.9796946, 9.312425, -19.63125, -17.90625, -18.75, 4.5923619, -74.1818901
2024-07-16 23:42:51.432, 2.6398816, 2.0542383, 9.036196, 0.26846737, 0.1965401, -0.08788565, 0.88250184, 2.6419818, 9.40274, -21.13125, -13.9875, -16.6875, 4.5923523, -74.1818789
