2024-07-31 18:00:00.460, 0.1477568, 9.788439, 0.17258233, -6.8720314E-4, -7.635591E-5, 3.0542363E-4, 0.11232182, 9.8054285, 0.106512696, -29.737501, -28.500002, -53.006252, 4.5925841, -74.1810626
2024-07-31 18:00:01.465, 0.10468599, 9.81476, 0.0840479, 6.1084726E-4, -6.1084726E-4, -2.2906772E-4, 0.110353604, 9.80547, 0.10478237, -29.812502, -28.44375, -52.687504, 4.5925841, -74.1810626
2024-07-31 18:00:02.469, 0.066400826, 9.829117, 0.03619144, -7.635591E-5, 3.8177954E-4, 3.8177954E-4, 0.11214598, 9.805424, 0.10714735, -30.2625, -28.612501, -53.23125, 4.5925841, -74.1810626
2024-07-31 18:00:03.473, 0.09750752, 9.809975, 0.08644072, 6.1084726E-4, -3.0542363E-4, 7.635591E-5, 0.111151196, 9.805429, 0.10763357, -30.16875, -29.04375, -53.23125, 4.5925841, -74.1810626
2024-07-31 18:00:04.477, 0.08315059, 9.819546, 0.04336991, 5.344914E-4, 7.635591E-5, 6.1084726E-4, 0.11211317, 9.805414, 0.10811135, -29.79375, -28.25625, -53.193752, 4.5925841, -74.1810626
2024-07-31 18:00:05.481, 0.12143575, 9.7812605, 0.15583257, 0.0, 3.8177954E-4, 3.0542363E-4, 0.11087203, 9.805431, 0.10777298, -29.812502, -29.212502, -53.006252, 4.5925841, -74.1810626
2024-07-31 18:00:06.491, 0.13339986, 9.786046, 0.16061822, 7.635591E-5, 6.1084726E-4, -3.0542363E-4, 0.11025689, 9.80546, 0.105758265, -29.94375, -29.1375, -53.1375, 4.5925841, -74.1810626
2024-07-31 18:00:07.493, 0.08075777, 9.826724, 0.026620151, -0.0, 4.5813544E-4, 6.8720314E-4, 0.11054879, 9.805434, 0.10788324, -30.13125, -28.63125, -52.331253, 4.5925841, -74.1810626
2024-07-31 18:00:08.495, 0.109471634, 9.798011, 0.13908282, 6.1084726E-4, 0.0, 9.926268E-4, 0.11102285, 9.805436, 0.10722619, -30.0375, -29.23125, -53.11875, 4.5925841, -74.1810626
2024-07-31 18:00:09.497, 0.14297116, 9.783653, 0.18693927, -3.8177954E-4, -7.635591E-5, -2.2906772E-4, 0.109411865, 9.8054495, 0.10750744, -29.94375, -28.406252, -52.93125, 4.5925841, -74.1810626
2024-07-31 18:00:10.499, 0.12143575, 9.812367, 0.103190474, 1.5271181E-4, 0.0, 2.2906772E-4, 0.11052367, 9.805434, 0.10791661, -29.6625, -28.743752, -52.65, 4.5925841, -74.1810626
2024-07-31 18:00:11.500, 0.15972091, 9.805189, 0.18215363, 7.635591E-5, 7.635591E-5, 6.1084726E-4, 0.11084472, 9.805431, 0.10786486, -29.906252, -29.775002, -53.100002, 4.5925841, -74.1810626
2024-07-31 18:00:12.503, 0.09272188, 9.812367, 0.07926225, -7.635591E-5, 1.5271181E-4, -6.8720314E-4, 0.11006301, 9.805443, 0.10757567, -30.13125, -28.781252, -52.18125, 4.5925841, -74.1810626
2024-07-31 18:00:13.504, 0.14536397, 9.786046, 0.16779669, -4.5813544E-4, 3.0542363E-4, 3.0542363E-4, 0.11147157, 9.805422, 0.108023055, -29.643751, -28.687502, -52.631252, 4.5925841, -74.1810626
2024-07-31 18:00:14.507, 0.08315059, 9.809975, 0.062512495, 8.39915E-4, -7.635591E-5, 3.8177954E-4, 0.1115753, 9.80542, 0.108009934, -30.45, -28.987501, -52.8375, 4.5925841, -74.1810626
2024-07-31 18:00:15.509, 0.14057833, 9.7908325, 0.1582254, 7.635591E-5, -3.0542363E-4, 7.635591E-5, 0.11168963, 9.805435, 0.10658789, -29.38125, -28.612501, -52.7625, 4.5925841, -74.1810626
2024-07-31 18:00:16.513, 0.07597212, 9.817153, 0.057726845, 7.635591E-4, -9.162709E-4, 3.0542363E-4, 0.11148477, 9.805435, 0.106682405, -29.79375, -29.04375, -52.331253, 4.5925841, -74.1810626
2024-07-31 18:00:17.518, 0.13100705, 9.786046, 0.16061822, 3.8177954E-4, -3.8177954E-4, -0.0, 0.11093176, 9.805437, 0.10714539, -29.962502, -28.7625, -53.2125, 4.5925841, -74.1810626
2024-07-31 18:00:18.521, 0.08554341, 9.81476, 0.026620151, 0.0, -2.2906772E-4, -0.0, 0.11115737, 9.805438, 0.106786996, -30.225, -29.156252, -52.518753, 4.5925841, -74.1810626
2024-07-31 18:00:19.526, 0.09750752, 9.81476, 0.0529412, -0.0, 0.0, 7.635591E-5, 0.11108366, 9.8054495, 0.10593419, -30.16875, -28.650002, -53.193752, 4.5925841, -74.1810626
2024-07-31 18:00:20.530, 0.07597212, 9.812367, 0.03619144, -4.5813544E-4, -2.2906772E-4, -7.635591E-5, 0.11280453, 9.8054285, 0.105973974, -29.775002, -29.268751, -52.725002, 4.5925841, -74.1810626
2024-07-31 18:00:21.535, 0.10468599, 9.807582, 0.07447661, -2.2906772E-4, -3.0542363E-4, 7.635591E-4, 0.10979977, 9.805443, 0.107752874, -28.987501, -28.48125, -53.062504, 4.5925841, -74.1810626
2024-07-31 18:00:22.541, 0.13579269, 9.7908325, 0.19411774, -9.162709E-4, -3.0542363E-4, -7.635591E-5, 0.10967568, 9.805441, 0.10814499, -29.925001, -29.23125, -52.875004, 4.5925841, -74.1810626
2024-07-31 18:00:23.546, 0.08793623, 9.800404, 0.0840479, -8.39915E-4, -3.0542363E-4, 7.635591E-5, 0.110858314, 9.80545, 0.10603265, -30.112501, -28.650002, -52.95, 4.5925841, -74.1810626
2024-07-31 18:00:24.549, 0.07836494, 9.824331, 0.057726845, -3.0542363E-4, 3.8177954E-4, -4.5813544E-4, 0.11152982, 9.805438, 0.1064879, -30.0375, -29.156252, -52.800003, 4.5925841, -74.1810626
2024-07-31 18:00:25.553, 0.08315059, 9.836296, 0.05054838, -3.8177954E-4, -5.344914E-4, 3.8177954E-4, 0.11083114, 9.80544, 0.10700275, -29.85, -28.743752, -52.500004, 4.5925841, -74.1810626
2024-07-31 18:00:26.557, 0.08793623, 9.829117, 0.07926225, -3.0542363E-4, 3.8177954E-4, 7.635591E-5, 0.11099376, 9.805451, 0.1056871, -29.400002, -28.5375, -52.912502, 4.5925841, -74.1810626
2024-07-31 18:00:27.562, 0.068793654, 9.826724, 0.03619144, -3.0542363E-4, 2.2906772E-4, 7.635591E-5, 0.10983498, 9.805452, 0.10694272, -29.831251, -29.156252, -52.4625, 4.5925841, -74.1810626
2024-07-31 18:00:28.566, 0.09990034, 9.802796, 0.06729814, 7.635591E-5, -3.8177954E-4, 1.5271181E-4, 0.10997759, 9.805451, 0.10683638, -29.868752, -29.212502, -52.7625, 4.5925841, -74.1810626
2024-07-31 18:00:29.570, 0.14057833, 9.783653, 0.17497516, 6.8720314E-4, -6.1084726E-4, -3.0542363E-4, 0.11118326, 9.8054495, 0.105721444, -29.625002, -29.062502, -52.74375, 4.5925841, -74.1810626
2024-07-31 18:00:30.574, 0.116650105, 9.81476, 0.08165507, -3.8177954E-4, -5.344914E-4, 7.635591E-5, 0.10995447, 9.805448, 0.1071501, -29.19375, -28.743752, -52.66875, 4.5925841, -74.1810626
2024-07-31 18:00:31.579, 0.14536397, 9.776475, 0.17018951, 6.8720314E-4, 3.0542363E-4, -3.8177954E-4, 0.11112804, 9.805427, 0.107903205, -29.456251, -29.04375, -53.175003, 4.5925841, -74.1810626
2024-07-31 18:00:32.584, 0.109471634, 9.809975, 0.09361918, -6.1084726E-4, 7.635591E-5, 7.635591E-5, 0.11035104, 9.805431, 0.10826958, -29.2875, -28.5375, -52.818752, 4.5925841, -74.1810626
2024-07-31 18:00:33.589, 0.09750752, 9.829117, 0.040977087, 7.635591E-5, 0.0, 3.0542363E-4, 0.11201574, 9.805413, 0.10815086, -30.187502, -29.2875, -52.65, 4.5925841, -74.1810626
2024-07-31 18:00:34.593, 0.08554341, 9.819546, 0.07686943, 3.0542363E-4, -5.344914E-4, -4.5813544E-4, 0.11102304, 9.805441, 0.10673819, -30.0375, -29.062502, -53.062504, 4.5925841, -74.1810626
2024-07-31 18:00:35.599, 0.071186475, 9.826724, 0.038584266, -3.0542363E-4, -7.635591E-5, -0.0, 0.111127034, 9.80543, 0.10762705, -29.362501, -28.593752, -53.11875, 4.5925841, -74.1810626
2024-07-31 18:00:36.603, 0.14297116, 9.793225, 0.15343975, 1.5271181E-4, 3.0542363E-4, -7.635591E-5, 0.11177781, 9.805416, 0.10822073, -29.41875, -28.518751, -53.23125, 4.5925841, -74.1810626
2024-07-31 18:00:37.607, 0.12861422, 9.7812605, 0.16061822, 6.8720314E-4, -7.635591E-5, 0.0, 0.11204333, 9.805434, 0.10632346, -29.362501, -28.875002, -52.781254, 4.5925841, -74.1810626
2024-07-31 18:00:38.612, 0.1381855, 9.807582, 0.16779669, -4.5813544E-4, -2.2906772E-4, -3.0542363E-4, 0.113237716, 9.805409, 0.10732167, -29.775002, -29.250002, -52.687504, 4.5925841, -74.1810626
2024-07-31 18:00:39.617, 0.12622139, 9.795618, 0.15583257, -1.5271181E-4, -0.0, -3.0542363E-4, 0.11285313, 9.805417, 0.107006304, -29.118752, -29.025002, -52.2, 4.5925841, -74.1810626
2024-07-31 18:00:40.622, 0.15254244, 9.800404, 0.16061822, 0.0, 3.0542363E-4, -1.5271181E-4, 0.111908324, 9.805407, 0.10897842, -29.906252, -28.63125, -52.537502, 4.5925841, -74.1810626
2024-07-31 18:00:41.626, 0.10707881, 9.798011, 0.06969096, -0.0, -3.0542363E-4, -3.0542363E-4, 0.11060967, 9.80544, 0.107310854, -30.13125, -28.837502, -52.218754, 4.5925841, -74.1810626
2024-07-31 18:00:42.630, 0.071186475, 9.824331, 0.03379862, -2.2906772E-4, 0.0, 3.0542363E-4, 0.110160775, 9.805449, 0.10697481, -29.587502, -29.268751, -52.4625, 4.5925841, -74.1810626
2024-07-31 18:00:43.635, 0.116650105, 9.802796, 0.10079765, -4.5813544E-4, -3.0542363E-4, -7.635591E-5, 0.11267897, 9.80541, 0.10775684, -29.75625, -28.48125, -51.956253, 4.5925841, -74.1810626
2024-07-31 18:00:44.639, 0.1477568, 9.786046, 0.17497516, -2.2906772E-4, 6.1084726E-4, 3.0542363E-4, 0.11254948, 9.805421, 0.10687168, -30.075, -29.250002, -52.031254, 4.5925841, -74.1810626
2024-07-31 18:00:45.646, 0.13579269, 9.809975, 0.117547415, 3.8177954E-4, -2.2906772E-4, -6.8720314E-4, 0.11146376, 9.805441, 0.10626092, -29.85, -28.7625, -53.081253, 4.5925841, -74.1810626
2024-07-31 18:00:46.652, 0.15014961, 9.788439, 0.15343975, 7.635591E-5, 1.5271181E-4, -4.5813544E-4, 0.11149368, 9.805435, 0.10672472, -29.737501, -28.35, -52.818752, 4.5925841, -74.1810626
2024-07-31 18:00:47.656, 0.0951147, 9.83151, 0.045762733, -3.0542363E-4, -2.2906772E-4, 7.635591E-5, 0.1119849, 9.805421, 0.10749859, -30.112501, -28.593752, -52.55625, 4.5925841, -74.1810626
2024-07-31 18:00:48.662, 0.08793623, 9.819546, 0.06729814, -7.635591E-5, -2.2906772E-4, 3.8177954E-4, 0.11135828, 9.805435, 0.10686128, -30.075, -29.00625, -53.175003, 4.5925841, -74.1810626
2024-07-31 18:00:49.666, 0.13339986, 9.793225, 0.17018951, -3.8177954E-4, 3.8177954E-4, 3.0542363E-4, 0.11171344, 9.80544, 0.10611233, -29.831251, -27.956251, -53.11875, 4.5925841, -74.1810626
2024-07-31 18:00:50.670, 0.0951147, 9.819546, 0.06969096, -3.8177954E-4, -3.0542363E-4, -1.5271181E-4, 0.111467205, 9.805438, 0.10651242, -29.7, -28.35, -53.325, 4.5925841, -74.1810626
2024-07-31 18:00:51.675, 0.15014961, 9.798011, 0.16061822, 7.635591E-5, 3.8177954E-4, 7.635591E-5, 0.113426656, 9.805403, 0.107654795, -29.79375, -29.175001, -52.65, 4.5925841, -74.1810626
2024-07-31 18:00:52.680, 0.10707881, 9.795618, 0.11515459, 0.0, -5.344914E-4, 2.2906772E-4, 0.1117298, 9.80542, 0.107862584, -29.718752, -28.66875, -52.3875, 4.5925841, -74.1810626
2024-07-31 18:00:53.686, 0.0735793, 9.836296, 0.024227329, 3.8177954E-4, -0.0, 0.0, 0.11136357, 9.805448, 0.10574747, -29.475, -28.781252, -52.36875, 4.5925841, -74.1810626
2024-07-31 18:00:54.691, 0.116650105, 9.805189, 0.08883354, 2.2906772E-4, -2.2906772E-4, 0.0, 0.11253135, 9.805416, 0.10738245, -29.643751, -28.25625, -52.55625, 4.5925841, -74.1810626
2024-07-31 18:00:55.696, 0.08075777, 9.83151, 0.026620151, 6.1084726E-4, 3.8177954E-4, 3.0542363E-4, 0.111436784, 9.805437, 0.10660765, -30.281252, -28.987501, -52.631252, 4.5925841, -74.1810626
2024-07-31 18:00:56.700, 0.14297116, 9.800404, 0.1271187, -2.2906772E-4, -2.2906772E-4, 3.0542363E-4, 0.11311246, 9.805436, 0.10493048, -30.075, -28.650002, -52.687504, 4.5925841, -74.1810626
2024-07-31 18:00:57.705, 0.12861422, 9.795618, 0.16301104, -0.0011453386, -7.635591E-5, -7.635591E-5, 0.11289885, 9.805421, 0.10655837, -29.6625, -28.968752, -52.275, 4.5925841, -74.1810626
2024-07-31 18:00:58.710, 0.12861422, 9.7908325, 0.17736799, -7.635591E-5, 0.0, -2.2906772E-4, 0.11059539, 9.8054495, 0.10636196, -29.38125, -29.00625, -53.41875, 4.5925841, -74.1810626
2024-07-31 18:00:59.714, 0.123828575, 9.795618, 0.14386846, 0.0, 4.5813544E-4, -1.5271181E-4, 0.11059549, 9.805461, 0.10536786, -29.8875, -28.987501, -52.65, 4.5925841, -74.1810626
2024-07-31 18:01:00.720, 0.12861422, 9.800404, 0.1893321, -2.2906772E-4, -0.0, -6.1084726E-4, 0.11185721, 9.805453, 0.10473353, -30.225, -29.5125, -51.80625, 4.5925841, -74.1810626
2024-07-31 18:01:01.724, 0.10229317, 9.824331, 0.10079765, -9.162709E-4, -0.0, -7.635591E-5, 0.112700276, 9.805428, 0.10614953, -29.868752, -28.63125, -52.518753, 4.5925841, -74.1810626
2024-07-31 18:01:02.727, 0.08554341, 9.83151, 0.017048862, -3.0542363E-4, 2.2906772E-4, -3.0542363E-4, 0.11171718, 9.805436, 0.10639612, -30.093752, -28.1625, -52.912502, 4.5925841, -74.1810626
2024-07-31 18:01:03.731, 0.10229317, 9.81476, 0.1271187, 5.344914E-4, -7.635591E-5, 3.0542363E-4, 0.11238018, 9.805444, 0.10498703, -29.868752, -29.1, -52.74375, 4.5925841, -74.1810626
2024-07-31 18:01:04.736, 0.1477568, 9.778868, 0.1797608, 3.8177954E-4, -3.0542363E-4, 2.2906772E-4, 0.111773536, 9.805456, 0.1044949, -29.718752, -28.312502, -52.95, 4.5925841, -74.1810626
2024-07-31 18:01:05.741, 0.13100705, 9.809975, 0.117547415, -1.5271181E-4, -5.344914E-4, -6.8720314E-4, 0.11274301, 9.805429, 0.10605395, -29.85, -29.156252, -52.893753, 4.5925841, -74.1810626
2024-07-31 18:01:06.744, 0.1381855, 9.795618, 0.18215363, 3.8177954E-4, 0.0, 3.8177954E-4, 0.112303294, 9.8054285, 0.10658235, -29.868752, -29.025002, -53.081253, 4.5925841, -74.1810626
2024-07-31 18:01:07.747, 0.10229317, 9.807582, 0.07208378, 7.635591E-5, -0.0, -6.1084726E-4, 0.1123036, 9.805441, 0.10531827, -30.431252, -28.406252, -52.85625, 4.5925841, -74.1810626
2024-07-31 18:01:08.751, 0.14536397, 9.7908325, 0.16779669, -2.2906772E-4, 7.635591E-5, 2.2906772E-4, 0.11218742, 9.8054495, 0.10477587, -30.056252, -28.706251, -52.893753, 4.5925841, -74.1810626
2024-07-31 18:01:09.755, 0.14536397, 9.7908325, 0.14626129, 3.8177954E-4, -8.39915E-4, 0.0, 0.11330397, 9.805448, 0.10374783, -29.7, -28.181252, -52.537502, 4.5925841, -74.1810626
2024-07-31 18:01:10.765, 0.08315059, 9.81476, 0.05054838, -0.0, -6.1084726E-4, 7.635591E-5, 0.11335078, 9.80544, 0.1044163, -29.925001, -28.500002, -52.66875, 4.5925841, -74.1810626
2024-07-31 18:01:11.768, 0.13339986, 9.7908325, 0.16540386, 7.635591E-5, 7.635591E-5, 3.0542363E-4, 0.11227497, 9.805445, 0.10501397, -29.79375, -28.875002, -53.5125, 4.5925841, -74.1810626
2024-07-31 18:01:12.771, 0.10707881, 9.817153, 0.055334024, -5.344914E-4, -2.2906772E-4, -2.2906772E-4, 0.1149116, 9.80542, 0.104481, -29.831251, -29.062502, -52.518753, 4.5925841, -74.1810626
2024-07-31 18:01:13.774, 0.15972091, 9.788439, 0.16540386, 7.635591E-5, 7.635591E-5, 3.8177954E-4, 0.11379232, 9.805433, 0.10455779, -29.2875, -29.118752, -52.48125, 4.5925841, -74.1810626
2024-07-31 18:01:14.778, 0.116650105, 9.81476, 0.119940236, -1.5271181E-4, -6.1084726E-4, -7.635591E-5, 0.1140997, 9.805434, 0.104019545, -29.925001, -29.306252, -52.48125, 4.5925841, -74.1810626
2024-07-31 18:01:15.780, 0.15014961, 9.793225, 0.1893321, 1.5271181E-4, -2.2906772E-4, 3.8177954E-4, 0.11230176, 9.805456, 0.10396277, -29.812502, -28.556252, -52.725002, 4.5925841, -74.1810626
2024-07-31 18:01:16.783, 0.12861422, 9.793225, 0.12951152, -4.5813544E-4, 7.635591E-5, 2.2906772E-4, 0.11310805, 9.805426, 0.10590282, -30.31875, -28.425001, -52.7625, 4.5925841, -74.1810626
2024-07-31 18:01:17.785, 0.13100705, 9.776475, 0.17258233, -2.2906772E-4, -3.8177954E-4, 3.8177954E-4, 0.11434664, 9.8054085, 0.10627073, -30.0375, -29.268751, -52.4625, 4.5925841, -74.1810626
2024-07-31 18:01:18.789, 0.08554341, 9.788439, 0.07686943, 7.635591E-5, 0.0, -1.5271181E-4, 0.11359752, 9.805422, 0.10574018, -30.187502, -28.612501, -53.41875, 4.5925841, -74.1810626
2024-07-31 18:01:19.792, 0.15254244, 9.783653, 0.18454644, -6.1084726E-4, -3.8177954E-4, 6.8720314E-4, 0.11200128, 9.805445, 0.105367444, -29.531252, -28.85625, -52.65, 4.5925841, -74.1810626
2024-07-31 18:01:20.796, 0.09272188, 9.83151, 0.057726845, 6.8720314E-4, 5.344914E-4, 2.2906772E-4, 0.11263723, 9.805437, 0.10541498, -29.531252, -28.781252, -52.818752, 4.5925841, -74.1810626
2024-07-31 18:01:21.800, 0.1477568, 9.7908325, 0.16779669, 6.8720314E-4, 1.5271181E-4, -3.8177954E-4, 0.11274165, 9.805432, 0.10577942, -29.718752, -28.650002, -52.10625, 4.5925841, -74.1810626
2024-07-31 18:01:22.804, 0.08554341, 9.824331, 0.05054838, -5.344914E-4, -9.162709E-4, 3.0542363E-4, 0.11258435, 9.805433, 0.10582167, -29.79375, -28.518751, -52.237503, 4.5925841, -74.1810626
2024-07-31 18:01:23.809, 0.08075777, 9.829117, 0.05054838, -7.635591E-5, 4.5813544E-4, -0.0, 0.11447088, 9.805411, 0.10579528, -29.868752, -28.48125, -52.66875, 4.5925841, -74.1810626
2024-07-31 18:01:24.815, 0.14057833, 9.788439, 0.15583257, 2.2906772E-4, -2.2906772E-4, -2.2906772E-4, 0.1142923, 9.805424, 0.10481073, -29.681252, -28.462502, -53.250004, 4.5925841, -74.1810626
2024-07-31 18:01:25.821, 0.10707881, 9.824331, 0.055334024, -8.39915E-4, -2.2906772E-4, 9.162709E-4, 0.114227116, 9.8054285, 0.104431085, -30.150002, -29.175001, -52.593754, 4.5925841, -74.1810626
2024-07-31 18:01:26.824, 0.15014961, 9.788439, 0.17258233, 7.635591E-5, 7.635591E-5, -0.0, 0.11457861, 9.805428, 0.10419003, -29.85, -28.556252, -52.74375, 4.5925841, -74.1810626
2024-07-31 18:01:27.828, 0.12622139, 9.802796, 0.13190435, 7.635591E-5, -0.0, 3.8177954E-4, 0.11325256, 9.805439, 0.10454311, -29.868752, -28.987501, -53.193752, 4.5925841, -74.1810626
2024-07-31 18:01:28.832, 0.0951147, 9.826724, 0.03619144, 1.5271181E-4, -2.2906772E-4, 3.0542363E-4, 0.11435706, 9.805418, 0.10534456, -29.625002, -28.931252, -52.500004, 4.5925841, -74.1810626
2024-07-31 18:01:29.835, 0.12143575, 9.776475, 0.13190435, 6.1084726E-4, 7.635591E-5, 0.0, 0.113823585, 9.805426, 0.10508425, -29.5125, -28.687502, -52.55625, 4.5925841, -74.1810626
2024-07-31 18:01:30.837, 0.08075777, 9.83151, 0.03619144, 3.8177954E-4, 7.635591E-5, -1.5271181E-4, 0.11105316, 9.805452, 0.105674155, -29.550001, -29.156252, -53.081253, 4.5925841, -74.1810626
2024-07-31 18:01:31.837, 0.119042926, 9.798011, 0.117547415, 7.635591E-5, -5.344914E-4, 4.5813544E-4, 0.11401801, 9.80542, 0.105502225, -30.187502, -29.268751, -52.537502, 4.5925841, -74.1810626
2024-07-31 18:01:32.840, 0.1381855, 9.778868, 0.18454644, -5.344914E-4, -0.0, -2.2906772E-4, 0.11382541, 9.805433, 0.104425974, -29.79375, -28.95, -53.193752, 4.5925841, -74.1810626
2024-07-31 18:01:33.845, 0.10707881, 9.81476, 0.07208378, 8.39915E-4, 0.0, 2.2906772E-4, 0.11347975, 9.805453, 0.10288749, -30.000002, -28.725, -52.18125, 4.5925841, -74.1810626
2024-07-31 18:01:34.849, 0.08793623, 9.8219385, 0.021834506, 4.5813544E-4, -7.635591E-5, 7.635591E-5, 0.11325438, 9.805442, 0.10431344, -29.868752, -28.7625, -52.237503, 4.5925841, -74.1810626
2024-07-31 18:01:35.853, 0.123828575, 9.795618, 0.15104693, 5.344914E-4, 0.0011453386, 3.0542363E-4, 0.114975564, 9.805439, 0.10272766, -29.98125, -28.518751, -52.706253, 4.5925841, -74.1810626
