2024-07-17 15:00:11.840, -1.2888341, 9.435199, -1.3827524, -0.023823043, -0.19883078, 0.01305686, -0.34317514, 9.794026, -0.36009154, -15.543751, 59.8875, 16.368752, 4.5704301, -74.1688441
2024-07-17 15:03:04.264, -1.2888341, 9.435199, -1.3827524, -0.023823043, -0.19883078, 0.01305686, -0.34317514, 9.794026, -0.36009154, -15.543751, 59.8875, 16.368752, 4.5704301, -74.1688441
2024-07-17 15:05:11.844, -1.2888341, 9.435199, -1.3827524, -0.023823043, -0.19883078, 0.01305686, -0.34317514, 9.794026, -0.36009154, -15.543751, 59.8875, 16.368752, 4.5704301, -74.1688441
2024-07-17 15:14:23.258, -1.2888341, 9.435199, -1.3827524, -0.023823043, -0.19883078, 0.01305686, -0.34317514, 9.794026, -0.36009154, -15.543751, 59.8875, 16.368752, 4.5704301, -74.1688441
2024-07-17 15:15:11.812, -1.2888341, 9.435199, -1.3827524, -0.023823043, -0.19883078, 0.01305686, -0.34317514, 9.794026, -0.36009154, -15.543751, 59.8875, 16.368752, 4.5704301, -74.1688441
2024-07-17 15:22:41.055, -1.2888341, 9.435199, -1.3827524, -0.023823043, -0.19883078, 0.01305686, -0.34317514, 9.794026, -0.36009154, -15.543751, 59.8875, 16.368752, 4.5704301, -74.1688441
2024-07-17 15:23:04.834, -1.2888341, 9.435199, -1.3827524, -0.023823043, -0.19883078, 0.01305686, -0.34317514, 9.794026, -0.36009154, -15.543751, 59.8875, 16.368752, 4.5704301, -74.1688441
2024-07-17 15:26:17.806, -1.2888341, 9.435199, -1.3827524, -0.023823043, -0.19883078, 0.01305686, -0.34317514, 9.794026, -0.36009154, -15.543751, 59.8875, 16.368752, 4.5704301, -74.1688441
2024-07-17 15:26:18.812, -1.2888341, 9.435199, -1.3827524, -0.023823043, -0.19883078, 0.01305686, -0.34317514, 9.794026, -0.36009154, -15.543751, 59.8875, 16.368752, 4.5704301, -74.1688441
2024-07-17 15:33:10.050, -1.2888341, 9.435199, -1.3827524, -0.023823043, -0.19883078, 0.01305686, -0.34317514, 9.794026, -0.36009154, -15.543751, 59.8875, 16.368752, 4.5704301, -74.1688441
2024-07-17 15:35:15.097, -1.2888341, 9.435199, -1.3827524, -0.023823043, -0.19883078, 0.01305686, -0.34317514, 9.794026, -0.36009154, -15.543751, 59.8875, 16.368752, 4.5704301, -74.1688441
2024-07-17 15:41:09.643, -1.2888341, 9.435199, -1.3827524, -0.023823043, -0.19883078, 0.01305686, -0.34317514, 9.794026, -0.36009154, -15.543751, 59.8875, 16.368752, 4.5704301, -74.1688441
2024-07-17 15:45:06.989, -0.2641078, 9.567103, 0.33020952, -0.023823043, -0.19883078, 0.01305686, -0.34317514, 9.794026, -0.36009154, -15.543751, 59.8875, 16.368752, 4.5704301, -74.1688441
2024-07-17 15:45:07.994, -0.3789633, 9.486943, 0.180359, -0.023823043, -0.19883078, 0.01305686, -0.34317514, 9.794026, -0.36009154, -15.543751, 59.8875, 16.368752, 4.5704301, -74.1688441
2024-07-17 15:45:08.998, -0.5129613, 9.649655, -0.5449654, -0.023823043, -0.19883078, 0.01305686, -0.34317514, 9.794026, -0.36009154, -15.543751, 59.8875, 16.368752, 4.5704301, -74.1688441
2024-07-17 15:45:10.000, -0.43639103, 9.520443, 0.053539407, -0.023823043, -0.19883078, 0.01305686, -0.34317514, 9.794026, -0.36009154, -15.543751, 59.8875, 16.368752, 4.5704301, -74.1688441
2024-07-17 15:45:11.002, -0.4124628, 9.70828, 0.56590253, -0.023823043, -0.19883078, 0.01305686, -0.34317514, 9.794026, -0.36009154, -15.543751, 59.8875, 16.368752, 4.5704301, -74.1688441
2024-07-17 15:45:12.006, -0.68075806, 9.490533, 1.0543375, -0.023823043, -0.19883078, 0.01305686, -0.34317514, 9.794026, -0.36009154, -15.543751, 59.8875, 16.368752, 4.5704301, -74.1688441
2024-07-17 15:45:13.011, -0.18753748, 10.2158575, -0.2216352, -0.023823043, -0.19883078, 0.01305686, -0.34317514, 9.794026, -0.36009154, -15.543751, 59.8875, 16.368752, 4.5704301, -74.1688441
2024-07-17 15:45:14.016, -0.47228336, 9.477372, 0.60658056, -0.023823043, -0.19883078, 0.01305686, -0.34317514, 9.794026, -0.36009154, -15.543751, 59.8875, 16.368752, 4.5704301, -74.1688441
2024-07-17 15:45:15.021, -0.5452645, 9.623335, -0.0134596275, -0.023823043, -0.19883078, 0.01305686, -0.34317514, 9.794026, -0.36009154, -15.543751, 59.8875, 16.368752, 4.5704301, -74.1688441
2024-07-17 15:45:16.029, -0.51535416, 9.520443, -0.019441685, -0.023823043, -0.19883078, 0.01305686, -0.34317514, 9.794026, -0.36009154, -15.543751, 59.8875, 16.368752, 4.5704301, -74.1688441
2024-07-17 15:45:17.034, -0.55752766, 9.556335, 0.070289165, -0.023823043, -0.19883078, 0.01305686, -0.34317514, 9.794026, -0.36009154, -15.543751, 59.8875, 16.368752, 4.5704301, -74.1688441
2024-07-17 15:45:18.037, -0.43878385, 9.6173525, 0.6771688, -0.023823043, -0.19883078, 0.01305686, -0.34317514, 9.794026, -0.36009154, -15.543751, 59.8875, 16.368752, 4.5704301, -74.1688441
2024-07-17 15:45:19.044, -0.45553362, 9.580264, 0.33140594, -0.023823043, -0.19883078, 0.01305686, -0.34317514, 9.794026, -0.36009154, -15.543751, 59.8875, 16.368752, 4.5704301, -74.1688441
2024-07-17 15:45:20.049, -0.49980083, 9.550353, 0.37208393, -0.023823043, -0.19883078, 0.01305686, -0.34317514, 9.794026, -0.36009154, -15.543751, 59.8875, 16.368752, 4.5704301, -74.1688441
2024-07-17 15:45:21.057, -0.5910272, 9.576674, 0.50488555, -0.023823043, -0.19883078, 0.01305686, -0.34317514, 9.794026, -0.36009154, -15.543751, 59.8875, 16.368752, 4.5704301, -74.1688441
2024-07-17 15:45:22.061, -0.5416752, 9.58505, 0.36490545, -0.023823043, -0.19883078, 0.01305686, -0.34317514, 9.794026, -0.36009154, -15.543751, 59.8875, 16.368752, 4.5704301, -74.1688441
2024-07-17 15:45:23.797, -0.55513483, 9.605389, 0.40797627, -0.023823043, -0.19883078, 0.01305686, -0.34317514, 9.794026, -0.36009154, -15.543751, 59.8875, 16.368752, 4.5704301, -74.1688441
2024-07-17 15:45:25.466, -0.56829536, 9.563514, 0.4031906, -0.023823043, -0.19883078, 0.01305686, -0.34317514, 9.794026, -0.36009154, -15.543751, 59.8875, 16.368752, 4.5704301, -74.1688441
2024-07-17 15:45:26.471, -0.5599205, 9.576674, 0.35653058, -0.023823043, -0.19883078, 0.01305686, -0.34317514, 9.794026, -0.36009154, -15.543751, 59.8875, 16.368752, 4.5704301, -74.1688441
2024-07-17 15:45:27.476, -0.5563313, 9.574282, 0.36729828, -0.023823043, -0.19883078, 0.01305686, -0.34317514, 9.794026, -0.36009154, -8.3625, 55.4625, -0.75, 4.5704301, -74.1688441
2024-07-17 15:45:29.784, -0.5587241, 9.583853, 0.36729828, -0.023823043, -0.19883078, 0.01305686, -0.34317514, 9.794026, -0.36009154, -8.56875, 55.800003, -1.4625001, 4.5704301, -74.1688441
2024-07-17 15:45:30.803, -0.56111693, 9.562318, 0.37208393, -0.023823043, -0.19883078, 0.01305686, -0.34317514, 9.794026, -0.36009154, -8.681251, 56.175003, -0.4875, 4.5704301, -74.1688441
2024-07-17 15:45:31.817, -0.613759, 9.579067, 0.85812604, -0.023823043, -0.19883078, 0.01305686, -0.34317514, 9.794026, -0.36009154, -8.400001, 55.8375, -0.69375, 4.5704301, -74.1688441
2024-07-17 15:45:32.819, -0.5512465, 9.555139, 1.0615159, -0.023823043, -0.19883078, 0.01305686, -0.34317514, 9.794026, -0.36009154, -8.00625, 56.006252, -0.76875, 4.5704301, -74.1688441
2024-07-17 15:45:35.096, -0.7692925, 9.451948, 0.7429714, -0.023823043, -0.19883078, 0.01305686, -0.34317514, 9.794026, -0.36009154, -7.6312504, 56.2125, -0.675, 4.5704301, -74.1688441
2024-07-17 15:45:36.100, -0.43639103, 9.693923, 0.721436, -0.023823043, -0.19883078, 0.01305686, -0.34317514, 9.794026, -0.36009154, -8.137501, 56.86875, -0.52500004, 4.5704301, -74.1688441
2024-07-17 15:45:37.104, -0.19471595, 9.497711, -0.090029955, -0.023823043, -0.19883078, 0.01305686, -0.34317514, 9.794026, -0.36009154, -8.25, 56.643753, -1.8375001, 4.5704301, -74.1688441
2024-07-17 15:45:38.793, 0.35353956, 7.9366937, -1.3420744, -0.023823043, -0.19883078, 0.01305686, -0.34317514, 9.794026, -0.36009154, -8.08125, 56.49375, -0.69375, 4.5704301, -74.1688441
2024-07-17 15:45:40.484, -0.41485563, 9.619745, 1.1237293, -0.023823043, -0.19883078, 0.01305686, -0.34317514, 9.794026, -0.36009154, -8.493751, 56.2125, -0.675, 4.5704301, -74.1688441
2024-07-17 15:45:41.491, -0.59940207, 9.823135, 0.88205427, -0.023823043, -0.19883078, 0.01305686, -0.34317514, 9.794026, -0.36009154, -8.85, 56.8875, -0.1875, 4.5704301, -74.1688441
2024-07-17 15:45:42.495, -0.45553362, 9.459426, 1.5427724, -0.023823043, -0.19883078, 0.01305686, -0.34317514, 9.794026, -0.36009154, -7.18125, 55.3875, 3.9750001, 4.5704301, -74.1688441
2024-07-17 15:45:45.016, -0.22342981, 9.813564, 1.0974083, -0.023823043, -0.19883078, 0.01305686, -0.34317514, 9.794026, -0.36009154, -5.11875, 55.781254, -3.15, 4.5704301, -74.1688441
2024-07-17 15:45:46.022, -0.8673982, 10.950753, 3.7836509, -0.023823043, -0.19883078, 0.01305686, -0.34317514, 9.794026, -0.36009154, -6.8250003, 54.318752, -0.69375, 4.5704301, -74.1688441
2024-07-17 15:45:47.027, -0.9774681, 8.451449, 1.1787642, -0.023823043, -0.19883078, 0.01305686, -0.34317514, 9.794026, -0.36009154, -7.9500003, 54.61875, 0.46875003, 4.5704301, -74.1688441
2024-07-17 15:45:48.032, -0.32392836, 9.535996, -0.0637089, -0.023823043, -0.19883078, 0.01305686, -0.34317514, 9.794026, -0.36009154, -8.6625, 54.956253, 0.975, 4.5704301, -74.1688441
2024-07-17 15:45:49.037, 1.4739788, 9.7681, -0.38464624, -0.023823043, -0.19883078, 0.01305686, -0.34317514, 9.794026, -0.36009154, -9.4125, 53.4, 1.725, 4.5704301, -74.1688441
2024-07-17 15:45:50.042, 2.742773, 9.660423, 2.1269202, -0.023823043, -0.19883078, 0.01305686, -0.34317514, 9.794026, -0.36009154, -12.093751, 53.2125, 4.2562504, 4.5704301, -74.1688441
2024-07-17 15:45:51.047, 0.9664012, 8.7984085, 0.37686956, -0.023823043, -0.19883078, 0.01305686, -0.34317514, 9.794026, -0.36009154, -18.0375, 57.525, 6.8812504, 4.5704301, -74.1688441
2024-07-17 15:45:52.053, 0.5688936, 8.920742, 1.8562322, -0.023823043, -0.19883078, 0.01305686, -0.34317514, 9.794026, -0.36009154, -24.6375, 58.068752, 7.0875, 4.5704301, -74.1688441
2024-07-17 15:45:53.057, -1.2146566, 8.9877405, 0.180359, -0.023823043, -0.19883078, 0.01305686, -0.34317514, 9.794026, -0.36009154, -26.456251, 57.73125, 5.4375, 4.5704301, -74.1688441
2024-07-17 15:45:54.061, 0.93529457, 11.091929, 1.2816557, -0.023823043, -0.19883078, 0.01305686, -0.34317514, 9.794026, -0.36009154, -32.4, 61.36875, 2.4750001, 4.5704301, -74.1688441
2024-07-17 15:45:55.066, -1.2170494, 9.91167, 0.09421739, -0.023823043, -0.19883078, 0.01305686, -0.34317514, 9.794026, -0.36009154, -29.00625, 58.74375, 4.7625003, 4.5704301, -74.1688441
2024-07-17 15:45:56.072, -0.9200403, 9.538389, -0.5210371, -0.023823043, -0.19883078, 0.01305686, -0.34317514, 9.794026, -0.36009154, -26.775002, 56.850002, 4.55625, 4.5704301, -74.1688441
2024-07-17 15:45:57.075, -1.7030915, 8.920742, 0.12532409, -0.023823043, -0.19883078, 0.01305686, -0.34317514, 9.794026, -0.36009154, -27.187502, 58.275, 4.275, 4.5704301, -74.1688441
2024-07-17 15:45:58.080, -0.80518484, 10.31157, -0.49232325, -0.023823043, -0.19883078, 0.01305686, -0.34317514, 9.794026, -0.36009154, -27.88125, 57.61875, 5.625, 4.5704301, -74.1688441
2024-07-17 15:45:59.085, -2.466701, 9.133703, 0.7573284, -0.023823043, -0.19883078, 0.01305686, -0.34317514, 9.794026, -0.36009154, -28.462502, 55.95, 2.90625, 4.5704301, -74.1688441
2024-07-17 15:46:00.090, -0.4435695, 10.220643, -0.5066802, -0.023823043, -0.19883078, 0.01305686, -0.34317514, 9.794026, -0.36009154, -28.2, 58.3875, 5.64375, 4.5704301, -74.1688441
2024-07-17 15:46:01.093, -1.8442681, 11.333903, -0.65982085, -0.023823043, -0.19883078, 0.01305686, -0.34317514, 9.794026, -0.36009154, -28.2, 57.937504, 4.70625, 4.5704301, -74.1688441
2024-07-17 15:46:02.098, -1.911267, 8.992527, -0.48035914, -0.023823043, -0.19883078, 0.01305686, -0.34317514, 9.794026, -0.36009154, -28.031252, 57.468754, 3.9375002, 4.5704301, -74.1688441
2024-07-17 15:46:03.104, -1.8873389, 8.487342, -0.80578303, -0.023823043, -0.19883078, 0.01305686, -0.34317514, 9.794026, -0.36009154, -27.88125, 58.031254, 3.9, 4.5704301, -74.1688441
2024-07-17 15:46:04.109, -2.0691934, 8.463413, -0.19770697, -0.023823043, -0.19883078, 0.01305686, -0.34317514, 9.794026, -0.36009154, -27.993752, 58.443752, 3.6375, 4.5704301, -74.1688441
2024-07-17 15:46:05.114, -1.3534403, 9.81835, -1.4979069, -0.023823043, -0.19883078, 0.01305686, -0.34317514, 9.794026, -0.36009154, -28.518751, 58.350002, 4.8, 4.5704301, -74.1688441
2024-07-17 15:46:06.117, -0.79800636, 9.528818, 0.08225328, -0.023823043, -0.19883078, 0.01305686, -0.34317514, 9.794026, -0.36009154, -27.73125, 57.825, 5.0625, 4.5704301, -74.1688441
2024-07-17 15:46:07.122, -1.3366905, 9.722636, -0.65264237, -0.023823043, -0.19883078, 0.01305686, -0.34317514, 9.794026, -0.36009154, -26.587502, 56.906254, 5.25, 4.5704301, -74.1688441
2024-07-17 15:46:08.126, -1.8777676, 9.334701, 1.1715858, -0.023823043, -0.19883078, 0.01305686, -0.34317514, 9.794026, -0.36009154, -26.025002, 58.162502, 5.7375, 4.5704301, -74.1688441
2024-07-17 15:46:09.131, -2.6509483, 9.667602, -0.8153543, -0.023823043, -0.19883078, 0.01305686, -0.34317514, 9.794026, -0.36009154, -24.075, 57.15, 7.55625, 4.5704301, -74.1688441
2024-07-17 15:46:10.135, -1.8969102, 9.607781, 0.47976094, -0.023823043, -0.19883078, 0.01305686, -0.34317514, 9.794026, -0.36009154, -21.2625, 57.16875, 9.225, 4.5704301, -74.1688441
2024-07-17 15:46:11.139, -1.6887345, 9.899706, 0.66161543, -0.023823043, -0.19883078, 0.01305686, -0.34317514, 9.794026, -0.36009154, 11.7375, 13.275001, 31.44375, 4.5704301, -74.1688441
2024-07-17 15:46:12.145, -2.1337996, 9.179167, -0.39900318, -0.023823043, -0.19883078, 0.01305686, -0.34317514, 9.794026, -0.36009154, 14.6625, 10.481251, 29.081251, 4.5704301, -74.1688441
2024-07-17 15:46:13.150, -1.750948, 9.559925, 0.20668006, -0.023823043, -0.19883078, 0.01305686, -0.34317514, 9.794026, -0.36009154, 18.056252, 10.762501, 27.093752, 4.5704301, -74.1688441
2024-07-17 15:46:14.156, -0.36460635, 9.526425, 1.0519446, -0.023823043, -0.19883078, 0.01305686, -0.34317514, 9.794026, -0.36009154, 20.268751, 11.1, 24.88125, 4.5704301, -74.1688441
2024-07-17 15:46:15.160, -1.1596217, 9.423235, 1.2816557, -0.023823043, -0.19883078, 0.01305686, -0.34317514, 9.794026, -0.36009154, 21.525002, 11.38125, 22.81875, 4.5704301, -74.1688441
2024-07-17 15:46:16.165, -1.3007982, 9.332308, 0.52283174, -0.023823043, -0.19883078, 0.01305686, -0.34317514, 9.794026, -0.36009154, 23.2875, 10.387501, 19.40625, 4.5704301, -74.1688441
2024-07-17 15:46:17.168, -0.51056856, 9.430413, -0.43728834, -0.023823043, -0.19883078, 0.01305686, -0.34317514, 9.794026, -0.36009154, 22.875, 9.09375, 17.550001, 4.5704301, -74.1688441
2024-07-17 15:46:19.765, -0.09421739, 9.588638, 1.3630116, -0.023823043, -0.19883078, 0.01305686, -0.34317514, 9.794026, -0.36009154, 16.612501, -12.618751, 18.862501, 4.5704301, -74.1688441
2024-07-17 15:46:20.768, 0.0062811594, 9.928419, 0.4749753, -0.023823043, -0.19883078, 0.01305686, -0.34317514, 9.794026, -0.36009154, 21.018751, -13.44375, 16.125, 4.5704301, -74.1688441
2024-07-17 15:46:21.772, -0.5706882, 10.036395, 0.49651068, -0.023823043, -0.19883078, 0.01305686, -0.34317514, 9.794026, -0.36009154, 15.900001, -12.243751, 14.38125, 4.5704301, -74.1688441
2024-07-17 15:46:22.776, -0.41006997, 9.885348, 0.7716853, -0.023823043, -0.19883078, 0.01305686, -0.34317514, 9.794026, -0.36009154, 9.84375, -11.2875, 18.825, 4.5704301, -74.1688441
2024-07-17 15:46:25.232, -0.68075806, 9.882956, 0.7262217, -0.023823043, -0.19883078, 0.01305686, -0.34317514, 9.794026, -0.36009154, 14.962501, -11.2875, 23.118752, 4.5704301, -74.1688441
2024-07-17 15:46:26.236, -0.58265233, 9.418449, 2.9383862, -0.023823043, -0.19883078, 0.01305686, -0.34317514, 9.794026, -0.36009154, 14.493751, -12.993751, 21.31875, 4.5704301, -74.1688441
2024-07-17 15:46:27.241, -0.051146585, 9.396914, 2.335096, -0.023823043, -0.19883078, 0.01305686, -0.34317514, 9.794026, -0.36009154, 14.306251, -13.312501, 19.800001, 4.5704301, -74.1688441
2024-07-17 15:46:29.769, -0.42681974, 9.35145, 1.5116657, -0.023823043, -0.19883078, 0.01305686, -0.34317514, 9.794026, -0.36009154, 15.281251, -12.13125, 20.737501, 4.5704301, -74.1688441
2024-07-17 15:46:30.773, -0.75493556, 9.562318, 1.4973087, -0.023823043, -0.19883078, 0.01305686, -0.34317514, 9.794026, -0.36009154, 14.906251, -12.8625, 20.60625, 4.5704301, -74.1688441
2024-07-17 15:46:31.777, -0.24017957, 9.47139, 1.0136595, -0.023823043, -0.19883078, 0.01305686, -0.34317514, 9.794026, -0.36009154, 14.343751, -12.69375, 21.337502, 4.5704301, -74.1688441
2024-07-17 15:46:32.781, -0.0080757765, 9.559925, 0.118145615, -0.023823043, -0.19883078, 0.01305686, -0.34317514, 9.794026, -0.36009154, 13.89375, -13.8, 21.6375, 4.5704301, -74.1688441
2024-07-17 15:46:35.030, -0.04875376, 9.284451, 1.5690935, -0.023823043, -0.19883078, 0.01305686, -0.34317514, 9.794026, -0.36009154, 13.593751, -13.44375, 21.50625, 4.5704301, -74.1688441
2024-07-17 15:46:36.035, 0.01375873, 9.320343, 0.88205427, -0.023823043, -0.19883078, 0.01305686, -0.34317514, 9.794026, -0.36009154, 14.400001, -13.406251, 21.69375, 4.5704301, -74.1688441
2024-07-17 15:46:37.039, 0.13100705, 9.794421, 0.4103691, -0.023823043, -0.19883078, 0.01305686, -0.34317514, 9.794026, -0.36009154, 14.85, -13.762501, 21.525002, 4.5704301, -74.1688441
2024-07-17 15:46:38.794, -0.055932228, 9.449555, 0.8964112, -0.023823043, -0.19883078, 0.01305686, -0.34317514, 9.794026, -0.36009154, 15.075001, -12.093751, 22.35, 4.5704301, -74.1688441
2024-07-17 15:46:41.269, 0.064008005, 9.389735, 0.29790643, -0.023823043, -0.19883078, 0.01305686, -0.34317514, 9.794026, -0.36009154, 17.34375, -13.556251, 23.643751, 4.5704301, -74.1688441
2024-07-17 15:46:42.273, -0.16360925, 9.567103, 0.58265233, -0.023823043, -0.19883078, 0.01305686, -0.34317514, 9.794026, -0.36009154, 18.7875, -13.743751, 23.268751, 4.5704301, -74.1688441
2024-07-17 15:46:43.859, -0.04875376, 9.559925, 0.90119684, -0.023823043, -0.19883078, 0.01305686, -0.34317514, 9.794026, -0.36009154, 19.66875, -14.250001, 21.46875, 4.5704301, -74.1688441
2024-07-17 15:46:46.332, -0.17318054, 9.516854, 0.6999006, -0.023823043, -0.19883078, 0.01305686, -0.34317514, 9.794026, -0.36009154, 18.018751, -12.937501, 16.331251, 4.5704301, -74.1688441
2024-07-17 15:46:47.336, -0.20189442, 9.514461, 0.9179466, -0.023823043, -0.19883078, 0.01305686, -0.34317514, 9.794026, -0.36009154, 17.268751, -13.031251, 16.556252, 4.5704301, -74.1688441
2024-07-17 15:46:49.769, -0.17078772, 9.535996, 0.9275179, -0.023823043, -0.19883078, 0.01305686, -0.34317514, 9.794026, -0.36009154, 16.95, -12.843751, 16.275002, 4.5704301, -74.1688441
2024-07-17 15:46:51.463, -0.1683949, 9.535996, 1.0040882, -0.023823043, -0.19883078, 0.01305686, -0.34317514, 9.794026, -0.36009154, 17.75625, -11.94375, 16.987501, 4.5704301, -74.1688441
2024-07-17 15:46:52.467, -0.15403795, 9.48814, 1.102194, -0.023823043, -0.19883078, 0.01305686, -0.34317514, 9.794026, -0.36009154, 18.150002, -12.750001, 16.06875, 4.5704301, -74.1688441
2024-07-17 15:46:54.761, -0.21864417, 9.569496, 0.9849456, -0.023823043, -0.19883078, 0.01305686, -0.34317514, 9.794026, -0.36009154, 17.5125, -12.900001, 16.3875, 4.5704301, -74.1688441
2024-07-17 15:46:56.550, -0.16360925, 9.526425, 1.006481, -0.023823043, -0.19883078, 0.01305686, -0.34317514, 9.794026, -0.36009154, 16.2, -13.25625, 16.2, 4.5704301, -74.1688441
2024-07-17 15:46:57.554, -0.13010973, 9.725029, 1.7246269, -0.023823043, -0.19883078, 0.01305686, -0.34317514, 9.794026, -0.36009154, 16.48125, -12.993751, 16.5375, 4.5704301, -74.1688441
2024-07-17 15:46:59.828, -0.1468595, 9.509675, 1.3247265, -0.023823043, -0.19883078, 0.01305686, -0.34317514, 9.794026, -0.36009154, 15.4125, -12.056251, 17.212502, 4.5704301, -74.1688441
2024-07-17 15:47:01.589, -0.15882361, 9.4737835, 0.59940207, -0.023823043, -0.19883078, 0.01305686, -0.34317514, 9.794026, -0.36009154, 14.7375, -11.306251, 17.23125, 4.5704301, -74.1688441
2024-07-17 15:47:02.593, -0.17318054, 9.576674, 0.79800636, -0.023823043, -0.19883078, 0.01305686, -0.34317514, 9.794026, -0.36009154, 13.70625, -10.81875, 17.0625, 4.5704301, -74.1688441
2024-07-17 15:47:05.773, -0.16121642, 9.490533, 1.0304092, -0.023823043, -0.19883078, 0.01305686, -0.34317514, 9.794026, -0.36009154, 13.312501, -10.387501, 17.94375, 4.5704301, -74.1688441
2024-07-17 15:47:06.777, -0.20668006, 9.54796, 0.8700901, -0.023823043, -0.19883078, 0.01305686, -0.34317514, 9.794026, -0.36009154, 13.51875, -11.587501, 18.018751, 4.5704301, -74.1688441
2024-07-17 15:47:07.782, -0.10378868, 9.519247, 1.4901303, -0.023823043, -0.19883078, 0.01305686, -0.34317514, 9.794026, -0.36009154, 12.7875, -11.64375, 19.3125, 4.5704301, -74.1688441
2024-07-17 15:47:10.784, -0.27367908, 9.540782, 1.5284154, -0.023823043, -0.19883078, 0.01305686, -0.34317514, 9.794026, -0.36009154, 12.39375, -10.81875, 21.6375, 4.5704301, -74.1688441
2024-07-17 15:47:11.788, -0.3574279, 9.449555, 0.7286145, -0.023823043, -0.19883078, 0.01305686, -0.34317514, 9.794026, -0.36009154, 13.293751, -10.837501, 25.087502, 4.5704301, -74.1688441
2024-07-17 15:47:12.792, -0.23778675, 9.52164, 1.0591232, -0.023823043, -0.19883078, 0.01305686, -0.34317514, 9.794026, -0.36009154, 15.76875, -10.950001, 26.643751, 4.5704301, -74.1688441
2024-07-17 15:47:15.789, -0.4244269, 9.579067, 1.0519446, -0.023823043, -0.19883078, 0.01305686, -0.34317514, 9.794026, -0.36009154, 16.06875, -10.40625, 18.2625, 4.5704301, -74.1688441
2024-07-17 15:47:16.792, -0.31196424, 9.416057, 1.0543375, -0.023823043, -0.19883078, 0.01305686, -0.34317514, 9.794026, -0.36009154, 12.01875, -8.94375, 18.993752, 4.5704301, -74.1688441
2024-07-17 15:47:17.797, -0.4746762, 9.540782, 1.1428719, -0.023823043, -0.19883078, 0.01305686, -0.34317514, 9.794026, -0.36009154, 12.187501, -10.556251, 22.050001, 4.5704301, -74.1688441
2024-07-17 15:47:20.776, -0.29282168, 9.500104, 1.0399805, -0.023823043, -0.19883078, 0.01305686, -0.34317514, 9.794026, -0.36009154, 13.875001, -11.793751, 23.19375, 4.5704301, -74.1688441
2024-07-17 15:47:21.779, -0.27367908, 9.490533, 1.1333007, -0.023823043, -0.19883078, 0.01305686, -0.34317514, 9.794026, -0.36009154, 13.2375, -12.431251, 22.125, 4.5704301, -74.1688441
2024-07-17 15:47:22.783, -0.41964126, 9.705887, 1.2481561, -0.023823043, -0.19883078, 0.01305686, -0.34317514, 9.794026, -0.36009154, 14.175, -14.043751, 22.181252, 4.5704301, -74.1688441
2024-07-17 15:47:25.802, -0.13489537, 9.303594, 1.4207385, -0.023823043, -0.19883078, 0.01305686, -0.34317514, 9.794026, -0.36009154, 14.437501, -13.500001, 20.118752, 4.5704301, -74.1688441
2024-07-17 15:47:26.807, -0.39810586, 10.091431, 0.33140594, -0.023823043, -0.19883078, 0.01305686, -0.34317514, 9.794026, -0.36009154, 14.19375, -13.687501, 20.550001, 4.5704301, -74.1688441
2024-07-17 15:47:27.812, 0.35353956, 9.894919, 0.22582264, -0.023823043, -0.19883078, 0.01305686, -0.34317514, 9.794026, -0.36009154, 14.175, -12.075001, 21.862501, 4.5704301, -74.1688441
2024-07-17 15:47:30.298, -1.4347963, 11.369796, -1.5840486, -0.023823043, -0.19883078, 0.01305686, -0.34317514, 9.794026, -0.36009154, 13.9875, -11.962501, 22.29375, 4.5704301, -74.1688441
2024-07-17 15:47:31.302, -0.9726824, 9.870992, 0.8964112, -0.023823043, -0.19883078, 0.01305686, -0.34317514, 9.794026, -0.36009154, 13.687501, -10.950001, 22.181252, 4.5704301, -74.1688441
2024-07-17 15:47:32.306, 0.04007978, 9.619745, 0.45104706, -0.023823043, -0.19883078, 0.01305686, -0.34317514, 9.794026, -0.36009154, 14.306251, -12.50625, 22.275002, 4.5704301, -74.1688441
2024-07-17 15:47:34.024, -0.41485563, 8.101798, -0.34636107, -0.023823043, -0.19883078, 0.01305686, -0.34317514, 9.794026, -0.36009154, 14.137501, -11.700001, 22.10625, 4.5704301, -74.1688441
2024-07-17 15:47:35.472, -0.72382885, 9.377771, -0.6023931, -0.023823043, -0.19883078, 0.01305686, -0.34317514, 9.794026, -0.36009154, 12.900001, -12.187501, 23.85, 4.5704301, -74.1688441
2024-07-17 15:47:36.477, -3.4268212, 13.459927, -0.3080759, -0.023823043, -0.19883078, 0.01305686, -0.34317514, 9.794026, -0.36009154, 12.900001, -11.325001, 23.90625, 4.5704301, -74.1688441
2024-07-17 15:47:37.480, -2.777768, 9.365807, 1.7676977, -0.023823043, -0.19883078, 0.01305686, -0.34317514, 9.794026, -0.36009154, 12.69375, -11.325001, 23.400002, 4.5704301, -74.1688441
2024-07-17 15:47:40.032, -0.48424748, 7.3118677, -2.1658037, -0.023823043, -0.19883078, 0.01305686, -0.34317514, 9.794026, -0.36009154, 13.087501, -11.83125, 23.04375, 4.5704301, -74.1688441
2024-07-17 15:47:41.835, 0.018544376, 8.949456, -2.5199413, -0.023823043, -0.19883078, 0.01305686, -0.34317514, 9.794026, -0.36009154, 14.062501, -11.75625, 21.50625, 4.5704301, -74.1688441
2024-07-17 15:47:42.840, 1.009472, 9.727423, -0.95682997, -0.023823043, -0.19883078, 0.01305686, -0.34317514, 9.794026, -0.36009154, 14.2875, -11.475, 23.212502, 4.5704301, -74.1688441
2024-07-17 15:47:43.844, 0.22432712, 9.526425, -0.4325027, -0.023823043, -0.19883078, 0.01305686, -0.34317514, 9.794026, -0.36009154, 13.2375, -10.9875, 24.806252, 4.5704301, -74.1688441
2024-07-17 15:47:44.850, -0.2760719, 9.337093, -0.26470602, -0.023823043, -0.19883078, 0.01305686, -0.34317514, 9.794026, -0.36009154, 11.887501, -10.200001, 26.212502, 4.5704301, -74.1688441
2024-07-17 15:47:45.854, -0.60658056, 9.322736, 0.93708915, -0.023823043, -0.19883078, 0.01305686, -0.34317514, 9.794026, -0.36009154, 11.15625, -9.675, 28.425001, 4.5704301, -74.1688441
2024-07-17 15:47:46.859, -0.50099725, 10.342677, -0.360718, -0.023823043, -0.19883078, 0.01305686, -0.34317514, 9.794026, -0.36009154, 10.70625, -10.6875, 28.331251, 4.5704301, -74.1688441
2024-07-17 15:47:47.863, 0.01375873, 8.664411, 0.3361916, -0.023823043, -0.19883078, 0.01305686, -0.34317514, 9.794026, -0.36009154, 10.668751, -10.556251, 27.54375, 4.5704301, -74.1688441
2024-07-17 15:47:50.035, -2.8378878, 10.414461, -2.0030916, -0.023823043, -0.19883078, 0.01305686, -0.34317514, 9.794026, -0.36009154, 12.20625, -9.13125, 27.54375, 4.5704301, -74.1688441
2024-07-17 15:47:51.796, 0.619442, 9.246166, -1.5816557, -0.023823043, -0.19883078, 0.01305686, -0.34317514, 9.794026, -0.36009154, 13.762501, -10.40625, 23.550001, 4.5704301, -74.1688441
2024-07-17 15:47:52.801, 0.84436727, 9.880563, -0.45164528, -0.023823043, -0.19883078, 0.01305686, -0.34317514, 9.794026, -0.36009154, 13.725, -12.262501, 23.306252, 4.5704301, -74.1688441
2024-07-17 15:47:56.042, 0.30329028, 9.320343, -1.0692927, -0.023823043, -0.19883078, 0.01305686, -0.34317514, 9.794026, -0.36009154, 12.525001, -9.88125, 26.643751, 4.5704301, -74.1688441
2024-07-17 15:47:57.045, -2.8594232, 12.966706, -0.090029955, -0.023823043, -0.19883078, 0.01305686, -0.34317514, 9.794026, -0.36009154, 13.462501, -9.3, 26.343752, 4.5704301, -74.1688441
2024-07-17 15:47:58.050, -0.9272188, 10.857432, -0.7196414, -0.023823043, -0.19883078, 0.01305686, -0.34317514, 9.794026, -0.36009154, 13.500001, -9.431251, 25.25625, 4.5704301, -74.1688441
2024-07-17 15:48:01.116, -0.8602197, 9.75135, -1.9669002, -0.023823043, -0.19883078, 0.01305686, -0.34317514, 9.794026, -0.36009154, 10.70625, -10.40625, 28.087502, 4.5704301, -74.1688441
2024-07-17 15:48:02.120, -0.7573284, 9.67478, -2.2998016, -0.023823043, -0.19883078, 0.01305686, -0.34317514, 9.794026, -0.36009154, 9.65625, -8.925, 29.400002, 4.5704301, -74.1688441
2024-07-17 15:48:03.124, -0.910469, 9.454341, -2.4960132, -0.023823043, -0.19883078, 0.01305686, -0.34317514, 9.794026, -0.36009154, 9.01875, -9.6, 28.687502, 4.5704301, -74.1688441
2024-07-17 15:48:06.189, -0.6999006, 9.44477, -0.9233304, -0.023823043, -0.19883078, 0.01305686, -0.34317514, 9.794026, -0.36009154, 8.625, -9.46875, 29.1375, 4.5704301, -74.1688441
2024-07-17 15:48:07.194, -0.56111693, 9.495318, -0.9065807, -0.023823043, -0.19883078, 0.01305686, -0.34317514, 9.794026, -0.36009154, 9.262501, -8.868751, 28.218752, 4.5704301, -74.1688441
2024-07-17 15:48:08.196, -0.53210396, 9.54796, -0.87308115, -0.023823043, -0.19883078, 0.01305686, -0.34317514, 9.794026, -0.36009154, 8.793751, -9.543751, 29.343752, 4.5704301, -74.1688441
2024-07-17 15:48:10.028, -0.55393845, 9.528818, -0.8563314, -0.023823043, -0.19883078, 0.01305686, -0.34317514, 9.794026, -0.36009154, 8.925, -9.6, 28.987501, 4.5704301, -74.1688441
2024-07-17 15:48:11.761, -0.5416752, 9.533604, -0.8922237, -0.023823043, -0.19883078, 0.01305686, -0.34317514, 9.794026, -0.36009154, 9.39375, -9.65625, 29.962502, 4.5704301, -74.1688441
2024-07-17 15:48:12.766, -0.4866403, 9.634102, -0.91854477, -0.023823043, -0.19883078, 0.01305686, -0.34317514, 9.794026, -0.36009154, 9.46875, -9.618751, 28.9125, 4.5704301, -74.1688441
2024-07-17 15:48:15.045, -0.6257231, 9.540782, -0.875474, -0.023823043, -0.19883078, 0.01305686, -0.34317514, 9.794026, -0.36009154, 9.58125, -9.76875, 26.868752, 4.5704301, -74.1688441
2024-07-17 15:48:16.797, -0.5922236, 9.516854, -0.84406817, -0.023823043, -0.19883078, 0.01305686, -0.34317514, 9.794026, -0.36009154, 8.793751, -8.962501, 28.331251, 4.5704301, -74.1688441
2024-07-17 15:48:17.802, -0.6017949, 9.540782, -0.88025963, -0.023823043, -0.19883078, 0.01305686, -0.34317514, 9.794026, -0.36009154, 8.94375, -9.1125, 27.825, 4.5704301, -74.1688441
2024-07-17 15:48:20.034, -0.56111693, 9.528818, -0.846461, -0.023823043, -0.19883078, 0.01305686, -0.34317514, 9.794026, -0.36009154, 8.7375, -8.887501, 28.81875, 4.5704301, -74.1688441
2024-07-17 15:48:21.775, -0.5488537, 9.476176, -0.8321041, -0.023823043, -0.19883078, 0.01305686, -0.34317514, 9.794026, -0.36009154, 9.5625, -9.375, 28.743752, 4.5704301, -74.1688441
2024-07-17 15:48:22.779, -0.5802595, 9.54796, -0.8706883, -0.023823043, -0.19883078, 0.01305686, -0.34317514, 9.794026, -0.36009154, 8.8125, -9.637501, 28.29375, 4.5704301, -74.1688441
2024-07-17 15:48:25.054, -0.51535416, 9.533604, -0.86111706, -0.023823043, -0.19883078, 0.01305686, -0.34317514, 9.794026, -0.36009154, 9.075001, -9.225, 29.175001, 4.5704301, -74.1688441
2024-07-17 15:48:26.798, -0.50817573, 9.519247, -0.85872424, -0.023823043, -0.19883078, 0.01305686, -0.34317514, 9.794026, -0.36009154, 9.075001, -9.5625, 29.400002, 4.5704301, -74.1688441
2024-07-17 15:48:27.804, -0.58265233, 9.574282, -0.84167534, -0.023823043, -0.19883078, 0.01305686, -0.34317514, 9.794026, -0.36009154, 8.83125, -10.3125, 29.925001, 4.5704301, -74.1688441
2024-07-17 15:48:30.055, -0.58504516, 9.559925, -0.9975079, -0.023823043, -0.19883078, 0.01305686, -0.34317514, 9.794026, -0.36009154, 9.262501, -9.900001, 30.337502, 4.5704301, -74.1688441
2024-07-17 15:48:31.843, -0.5344968, 9.588638, -0.92572325, -0.023823043, -0.19883078, 0.01305686, -0.34317514, 9.794026, -0.36009154, 9.0375, -9.95625, 30.618752, 4.5704301, -74.1688441
2024-07-17 15:48:32.847, -0.58504516, 9.540782, -0.88983095, -0.023823043, -0.19883078, 0.01305686, -0.34317514, 9.794026, -0.36009154, 9.31875, -9.056251, 29.98125, 4.5718902, -74.1664695
2024-07-17 15:48:36.036, -0.573081, 9.531211, -0.9065807, -0.023823043, -0.19883078, 0.01305686, -0.34317514, 9.794026, -0.36009154, 9.4875, -9.918751, 30.750002, 4.5718771, -74.166431
2024-07-17 15:48:40.027, -0.45074797, 9.48814, -0.8153543, -0.023823043, -0.19883078, 0.01305686, -0.34317514, 9.794026, -0.36009154, 10.087501, -9.3, 29.831251, 4.5718746, -74.1663529
2024-07-17 15:48:41.031, -0.58265233, 9.540782, -0.875474, -0.023823043, -0.19883078, 0.01305686, -0.34317514, 9.794026, -0.36009154, 8.45625, -8.83125, 28.48125, 4.5719112, -74.1662886
2024-07-17 15:48:42.035, -0.5249255, 9.564711, -0.983151, -0.023823043, -0.19883078, 0.01305686, -0.34317514, 9.794026, -0.36009154, 8.4375, -9.356251, 29.23125, 4.571972, -74.1661478
2024-07-17 15:48:44.026, -0.5922236, 9.485747, -0.9137592, -0.023823043, -0.19883078, 0.01305686, -0.34317514, 9.794026, -0.36009154, 7.6312504, -8.34375, 30.2625, 4.5720424, -74.1659758
2024-07-17 15:48:45.717, -0.59700924, 9.524033, -0.80578303, -0.023823043, -0.19883078, 0.01305686, -0.34317514, 9.794026, -0.36009154, 9.0375, -9.543751, 30.937502, 4.5720873, -74.1658543
2024-07-17 15:48:46.721, -0.7692925, 9.643674, -1.3277174, -0.023823043, -0.19883078, 0.01305686, -0.34317514, 9.794026, -0.36009154, 9.356251, -9.39375, 30.45, 4.5720929, -74.1658365
2024-07-17 15:48:47.726, -0.5563313, 9.607781, -0.9496515, -0.023823043, -0.19883078, 0.01305686, -0.34317514, 9.794026, -0.36009154, 9.50625, -10.14375, 29.60625, 4.5721031, -74.1658209
2024-07-17 15:48:50.189, -0.5033901, 9.526425, -0.901795, -0.023823043, -0.19883078, 0.01305686, -0.34317514, 9.794026, -0.36009154, 8.775001, -9.4875, 30.225, 4.5721142, -74.1658075
2024-07-17 15:48:51.192, -0.5563313, 9.543175, -0.88025963, -0.023823043, -0.19883078, 0.01305686, -0.34317514, 9.794026, -0.36009154, 9.65625, -9.900001, 30.300001, 4.572125, -74.1657954
2024-07-17 15:48:52.196, -0.5706882, 9.559925, -0.9089735, -0.023823043, -0.19883078, 0.01305686, -0.34317514, 9.794026, -0.36009154, 8.925, -9.731251, 30.150002, 4.5721281, -74.1657905
2024-07-17 15:48:54.016, -0.5802595, 9.519247, -0.8850453, -0.023823043, -0.19883078, 0.01305686, -0.34317514, 9.794026, -0.36009154, 8.775001, -9.6, 29.343752, 4.5721384, -74.1657745
2024-07-17 15:48:55.459, -0.5563313, 9.514461, -0.846461, -0.023823043, -0.19883078, 0.01305686, -0.34317514, 9.794026, -0.36009154, 9.1125, -10.125, 30.431252, 4.5721543, -74.1657502
2024-07-17 15:48:56.465, -0.5249255, 9.61496, -0.8392825, -0.023823043, -0.19883078, 0.01305686, -0.34317514, 9.794026, -0.36009154, 9.28125, -9.28125, 30.300001, 4.5721594, -74.1657415
2024-07-17 15:48:57.470, -0.5706882, 9.533604, -0.83688974, -0.023823043, -0.19883078, 0.01305686, -0.34317514, 9.794026, -0.36009154, 9.431251, -9.637501, 29.5125, 4.5721632, -74.1657372
2024-07-17 15:49:00.038, -0.5778667, 9.533604, -0.8706883, -0.023823043, -0.19883078, 0.01305686, -0.34317514, 9.794026, -0.36009154, 9.0375, -9.712501, 30.393751, 4.5721616, -74.1657421
2024-07-17 15:49:01.042, -0.5057829, 9.586246, -0.8105687, -0.023823043, -0.19883078, 0.01305686, -0.34317514, 9.794026, -0.36009154, 9.0, -9.3, 30.900002, 4.5721672, -74.1657402
2024-07-17 15:49:02.047, -0.61854464, 9.612567, -0.8874381, -0.023823043, -0.19883078, 0.01305686, -0.34317514, 9.794026, -0.36009154, 9.1125, -9.4875, 30.54375, 4.5721675, -74.1657409
2024-07-17 15:49:04.031, -0.48185465, 9.5455675, -0.77706915, -0.023823043, -0.19883078, 0.01305686, -0.34317514, 9.794026, -0.36009154, 9.056251, -10.3125, 29.85, 4.5721647, -74.1657435
2024-07-17 15:49:05.699, -0.5922236, 9.579067, -0.846461, -0.023823043, -0.19883078, 0.01305686, -0.34317514, 9.794026, -0.36009154, 9.525001, -10.012501, 29.79375, 4.5721665, -74.1657439
2024-07-17 15:49:06.705, -0.5778667, 9.550353, -0.95443714, -0.023823043, -0.19883078, 0.01305686, -0.34317514, 9.794026, -0.36009154, 8.887501, -9.618751, 30.243752, 4.5721686, -74.1657427
2024-07-17 15:49:07.710, -0.50817573, 9.598209, -0.6095716, -0.023823043, -0.19883078, 0.01305686, -0.34317514, 9.794026, -0.36009154, 8.55, -9.431251, 30.243752, 4.5721689, -74.1657424
2024-07-17 15:49:08.714, -0.32632118, 9.308379, 1.5906289, -0.023823043, -0.19883078, 0.01305686, -0.34317514, 9.794026, -0.36009154, 8.75625, -9.5625, 30.806252, 4.57217, -74.1657414
2024-07-17 15:49:10.416, -1.0444671, 9.097811, 1.6504494, -0.023823043, -0.19883078, 0.01305686, -0.34317514, 9.794026, -0.36009154, 8.71875, -9.4875, 30.243752, 4.5721887, -74.1657282
2024-07-17 15:49:11.422, -0.32632118, 6.8521466, -0.9065807, -0.023823043, -0.19883078, 0.01305686, -0.34317514, 9.794026, -0.36009154, 8.75625, -10.25625, 30.656252, 4.5722139, -74.1657163
2024-07-17 15:49:12.425, 0.72472614, 8.597412, -0.360718, -0.023823043, -0.19883078, 0.01305686, -0.34317514, 9.794026, -0.36009154, 8.08125, -11.2875, 30.187502, 4.5722474, -74.1657043
2024-07-17 15:49:13.429, 0.78454673, 9.073882, -0.14985052, -0.023823043, -0.19883078, 0.01305686, -0.34317514, 9.794026, -0.36009154, 6.8625, -10.96875, 29.906252, 4.5722904, -74.1656891
2024-07-17 15:49:14.433, 2.0413768, 9.128918, 0.695115, -0.023823043, -0.19883078, 0.01305686, -0.34317514, 9.794026, -0.36009154, 6.2250004, -9.637501, 30.73125, 4.5723596, -74.1656381
2024-07-17 15:49:15.437, -1.0827522, 10.42164, -0.74596244, -0.023823043, -0.19883078, 0.01305686, -0.34317514, 9.794026, -0.36009154, 4.4437504, -9.88125, 31.556252, 4.5724319, -74.1655754
2024-07-17 15:49:16.442, 1.0980065, 9.0595255, 1.1261221, -0.023823043, -0.19883078, 0.01305686, -0.34317514, 9.794026, -0.36009154, 2.4750001, -9.95625, 32.025, 4.5725032, -74.1655261
2024-07-17 15:49:17.446, 1.3567305, 8.817552, -2.4864419, -0.023823043, -0.19883078, 0.01305686, -0.34317514, 9.794026, -0.36009154, 0.3, -10.14375, 31.5375, 4.572571, -74.1654709
2024-07-17 15:49:20.046, 2.146661, 4.577769, 0.20907287, -0.023823043, -0.19883078, 0.01305686, -0.34317514, 9.794026, -0.36009154, -2.0625, -10.5375, 32.268753, 4.5727517, -74.1654639
2024-07-17 15:49:21.803, 1.0860424, 10.462317, -0.84406817, -0.023823043, -0.19883078, 0.01305686, -0.34317514, 9.794026, -0.36009154, -5.625, -9.918751, 29.456251, 4.5729635, -74.1655323
2024-07-17 15:49:22.810, -0.20428723, 8.398808, -0.03499503, -0.023823043, -0.19883078, 0.01305686, -0.34317514, 9.794026, -0.36009154, -5.9625, -10.200001, 29.7, 4.5731046, -74.1656566
2024-07-17 15:49:25.143, -0.24376881, 10.045967, 0.11455639, -0.023823043, -0.19883078, 0.01305686, -0.34317514, 9.794026, -0.36009154, -5.9625, -10.200001, 29.7, 4.5734092, -74.1658974
2024-07-17 15:49:29.107, -0.997807, 9.183952, -1.6331015, -0.023823043, -0.19883078, 0.01305686, -0.34317514, 9.794026, -0.36009154, -5.9625, -10.200001, 29.7, 4.573888, -74.1663323
2024-07-17 15:49:32.798, 1.05015, 10.047163, 0.15164514, -0.023823043, -0.19883078, 0.01305686, -0.34317514, 9.794026, -0.36009154, -5.9625, -10.200001, 29.7, 4.5743402, -74.1666536
2024-07-17 15:49:36.105, -0.81236327, 7.6660056, -2.9306095, -0.023823043, -0.19883078, 0.01305686, -0.34317514, 9.794026, -0.36009154, -5.9625, -10.200001, 29.7, 4.5748323, -74.1670357
2024-07-17 15:49:40.031, -0.29880372, 8.691928, -2.838486, -0.023823043, -0.19883078, 0.01305686, -0.34317514, 9.794026, -0.36009154, -5.9625, -10.200001, 29.7, 4.5751223, -74.1673251
2024-07-17 15:49:43.022, 1.134198, 10.232607, -1.6438692, -0.023823043, -0.19883078, 0.01305686, -0.34317514, 9.794026, -0.36009154, -5.9625, -10.200001, 29.7, 4.5753946, -74.1675576
2024-07-17 15:49:47.025, -2.1732812, 10.908878, 1.2397813, -0.023823043, -0.19883078, 0.01305686, -0.34317514, 9.794026, -0.36009154, -5.9625, -10.200001, 29.7, 4.5755905, -74.1677476
2024-07-17 15:49:49.439, -1.0420742, 11.263315, -1.038186, -0.023823043, -0.19883078, 0.01305686, -0.34317514, 9.794026, -0.36009154, -5.9625, -10.200001, 29.7, 4.5758688, -74.1680196
2024-07-17 15:49:50.445, -1.0420742, 11.263315, -1.038186, -0.023823043, -0.19883078, 0.01305686, -0.34317514, 9.794026, -0.36009154, -5.9625, -10.200001, 29.7, 4.5759565, -74.1680886
2024-07-17 15:49:52.039, 0.5377869, 10.313963, 0.6233303, -0.023823043, -0.19883078, 0.01305686, -0.34317514, 9.794026, -0.36009154, -5.9625, -10.200001, 29.7, 4.5760415, -74.1681584
2024-07-17 15:49:55.039, -0.43639103, 10.0627165, -1.0130613, -0.023823043, -0.19883078, 0.01305686, -0.34317514, 9.794026, -0.36009154, -5.9625, -10.200001, 29.7, 4.5763237, -74.1683615
2024-07-17 15:49:59.040, -3.4052858, 11.355439, -1.1973087, -0.023823043, -0.19883078, 0.01305686, -0.34317514, 9.794026, -0.36009154, -5.9625, -10.200001, 29.7, 4.5766684, -74.1686475
2024-07-17 15:50:02.817, 1.0286146, 10.673185, -1.0776675, -0.023823043, -0.19883078, 0.01305686, -0.34317514, 9.794026, -0.36009154, -5.9625, -10.200001, 29.7, 4.5770098, -74.1688211
2024-07-17 15:50:06.034, -0.9284152, 9.91167, -1.4823537, -0.023823043, -0.19883078, 0.01305686, -0.34317514, 9.794026, -0.36009154, -5.9625, -10.200001, 29.7, 4.5772361, -74.1689049
2024-07-17 15:50:09.122, -0.7860422, 9.531211, -1.4644074, -0.023823043, -0.19883078, 0.01305686, -0.34317514, 9.794026, -0.36009154, -5.9625, -10.200001, 29.7, 4.5775253, -74.1690166
2024-07-17 15:50:12.797, -0.50817573, 8.8701935, -2.3057837, -0.023823043, -0.19883078, 0.01305686, -0.34317514, 9.794026, -0.36009154, -5.9625, -10.200001, 29.7, 4.5776746, -74.169048
2024-07-17 15:50:14.098, -1.1309078, 8.975777, -0.44685963, -0.023823043, -0.19883078, 0.01305686, -0.34317514, 9.794026, -0.36009154, -2.30625, -7.3875003, 32.081253, 4.5777182, -74.1690674
2024-07-17 15:50:16.593, -1.2433704, 11.796018, -0.5688936, -0.023823043, -0.19883078, 0.01305686, -0.34317514, 9.794026, -0.36009154, -3.6562502, -7.0875, 32.568752, 4.5777525, -74.1691037
2024-07-17 15:50:17.598, -0.51056856, 8.688339, -1.1554343, -0.023823043, -0.19883078, 0.01305686, -0.34317514, 9.794026, -0.36009154, -3.6937501, -7.55625, 31.837502, 4.5777763, -74.1691254
2024-07-17 15:50:18.602, -0.654437, 10.096216, -0.7938189, -0.023823043, -0.19883078, 0.01305686, -0.34317514, 9.794026, -0.36009154, -4.6875, -7.9500003, 31.10625, 4.5778033, -74.1691467
2024-07-17 15:50:21.028, -1.518545, 9.885348, -0.88025963, -0.023823043, -0.19883078, 0.01305686, -0.34317514, 9.794026, -0.36009154, -4.2937503, -6.9375005, 31.875002, 4.5778601, -74.1691922
2024-07-17 15:50:24.038, -0.96550393, 9.350254, -0.92213404, -0.023823043, -0.19883078, 0.01305686, -0.34317514, 9.794026, -0.36009154, -5.3625, -7.36875, 31.3875, 4.5779656, -74.1692768
2024-07-17 15:50:27.048, -0.5922236, 9.884152, -0.7328019, -0.023823043, -0.19883078, 0.01305686, -0.34317514, 9.794026, -0.36009154, -5.3625, -7.36875, 31.3875, 4.5781073, -74.1693806
2024-07-17 15:50:31.029, 1.0537393, 9.1002035, -1.2607185, -0.023823043, -0.19883078, 0.01305686, -0.34317514, 9.794026, -0.36009154, -5.3625, -7.36875, 31.3875, 4.5783634, -74.1695202
2024-07-17 15:50:34.039, -0.14925231, 9.503694, -1.2427722, -0.023823043, -0.19883078, 0.01305686, -0.34317514, 9.794026, -0.36009154, -5.3625, -7.36875, 31.3875, 4.5784848, -74.16961
2024-07-17 15:50:37.105, 1.9552352, 13.127025, 0.7692925, -0.023823043, -0.19883078, 0.01305686, -0.34317514, 9.794026, -0.36009154, -9.1125, -8.775001, 27.225, 4.5786109, -74.1697035
2024-07-17 15:50:41.022, -0.4124628, 8.740981, -1.8927227, -0.023823043, -0.19883078, 0.01305686, -0.34317514, 9.794026, -0.36009154, -12.656251, -9.675, 19.0125, 4.5786726, -74.1698051
2024-07-17 15:50:45.029, 0.034097724, 8.899206, -0.7722835, -0.023823043, -0.19883078, 0.01305686, -0.34317514, 9.794026, -0.36009154, -14.906251, -10.40625, 12.918751, 4.5786846, -74.1700245
2024-07-17 15:50:49.028, -2.355435, 8.425129, -1.2702898, -0.023823043, -0.19883078, 0.01305686, -0.34317514, 9.794026, -0.36009154, -14.906251, -10.40625, 12.918751, 4.5786652, -74.1702762
2024-07-17 15:50:50.725, -1.9854445, 9.69153, -1.4261223, -0.023823043, -0.19883078, 0.01305686, -0.34317514, 9.794026, -0.36009154, -14.906251, -10.40625, 12.918751, 4.5787397, -74.1705984
2024-07-17 15:50:51.730, -1.5376877, 10.524531, -0.96400845, -0.023823043, -0.19883078, 0.01305686, -0.34317514, 9.794026, -0.36009154, -14.906251, -10.40625, 12.918751, 4.5787931, -74.1706902
2024-07-17 15:50:54.029, -1.2684951, 10.047163, -1.7228323, -0.023823043, -0.19883078, 0.01305686, -0.34317514, 9.794026, -0.36009154, -14.906251, -10.40625, 12.918751, 4.5789297, -74.1707671
2024-07-17 15:50:58.041, -1.6118652, 9.278469, -1.3588241, -0.023823043, -0.19883078, 0.01305686, -0.34317514, 9.794026, -0.36009154, -14.906251, -10.40625, 12.918751, 4.5791942, -74.1707691
2024-07-17 15:51:02.052, -0.70348984, 10.077073, -0.9269197, -0.023823043, -0.19883078, 0.01305686, -0.34317514, 9.794026, -0.36009154, -14.906251, -10.40625, 12.918751, 4.579389, -74.1706233
2024-07-17 15:51:06.051, -1.5951154, 9.053544, -0.6203393, -0.023823043, -0.19883078, 0.01305686, -0.34317514, 9.794026, -0.36009154, -14.906251, -10.40625, 12.918751, 4.5794278, -74.170368
2024-07-17 15:51:10.036, -1.3881363, 7.626524, -3.3891342, -0.023823043, -0.19883078, 0.01305686, -0.34317514, 9.794026, -0.36009154, -14.906251, -10.40625, 12.918751, 4.5793248, -74.1701687
2024-07-17 15:51:11.766, -0.21385853, 9.64128, -1.8065811, -0.023823043, -0.19883078, 0.01305686, -0.34317514, 9.794026, -0.36009154, 11.83125, -13.218751, -6.7500005, 4.5792808, -74.1701198
2024-07-17 15:51:14.058, -0.5416752, 9.600603, -0.43968117, -0.023823043, -0.19883078, 0.01305686, -0.34317514, 9.794026, -0.36009154, 11.8125, -13.425, -7.2000003, 4.5792529, -74.1700843
2024-07-17 15:51:15.061, -0.51535416, 9.562318, -0.42532423, -0.023823043, -0.19883078, 0.01305686, -0.34317514, 9.794026, -0.36009154, 12.337501, -13.51875, -6.5437503, 4.5792478, -74.1700732
2024-07-17 15:51:16.063, -0.5033901, 9.540782, -0.39421752, -0.023823043, -0.19883078, 0.01305686, -0.34317514, 9.794026, -0.36009154, 13.35, -13.725, -4.33125, 4.5792558, -74.1700774
2024-07-17 15:51:17.066, -0.48185465, 9.591031, -0.4229314, -0.023823043, -0.19883078, 0.01305686, -0.34317514, 9.794026, -0.36009154, 9.4875, -11.90625, -7.4062505, 4.5792635, -74.1700841
2024-07-17 15:51:19.557, -0.52253264, 9.562318, -0.40857446, -0.023823043, -0.19883078, 0.01305686, -0.34317514, 9.794026, -0.36009154, 11.306251, -13.89375, -5.68125, 4.5792698, -74.1700891
2024-07-17 15:51:20.561, -0.5297111, 9.550353, -0.44207397, -0.023823043, -0.19883078, 0.01305686, -0.34317514, 9.794026, -0.36009154, 11.55, -14.00625, -5.9437504, 4.579271, -74.1700894
2024-07-17 15:51:22.119, -0.55393845, 9.557532, -0.41336012, -0.023823043, -0.19883078, 0.01305686, -0.34317514, 9.794026, -0.36009154, 11.2875, -14.2875, -5.68125, 4.5792699, -74.1700884
2024-07-17 15:51:23.573, -0.50099725, 9.574282, -0.43010986, -0.023823043, -0.19883078, 0.01305686, -0.34317514, 9.794026, -0.36009154, 11.1, -14.118751, -5.49375, 4.5792688, -74.170088
2024-07-17 15:51:26.033, -0.6041877, 9.732208, 0.49651068, -0.023823043, -0.19883078, 0.01305686, -0.34317514, 9.794026, -0.36009154, 11.3625, -14.00625, -5.6625004, 4.5792674, -74.170089
2024-07-17 15:51:27.036, -0.4459623, 9.339486, -0.71724856, -0.023823043, -0.19883078, 0.01305686, -0.34317514, 9.794026, -0.36009154, 9.806251, -12.637501, -8.043751, 4.5792676, -74.1700898
2024-07-17 15:51:28.041, -0.36221352, 9.579067, -1.4907285, -0.023823043, -0.19883078, 0.01305686, -0.34317514, 9.794026, -0.36009154, 9.243751, -14.1, -9.431251, 4.5792677, -74.1700899
2024-07-17 15:51:29.045, -0.587438, 9.535996, -0.401396, -0.023823043, -0.19883078, 0.01305686, -0.34317514, 9.794026, -0.36009154, 9.356251, -14.00625, -10.293751, 4.5792677, -74.17009
2024-07-17 15:51:31.532, -0.5778667, 9.643674, -0.51146585, -0.023823043, -0.19883078, 0.01305686, -0.34317514, 9.794026, -0.36009154, 9.9375, -12.075001, -10.1625, 4.579268, -74.1700891
2024-07-17 15:51:32.536, -0.6113662, 9.531211, -0.38703907, -0.023823043, -0.19883078, 0.01305686, -0.34317514, 9.794026, -0.36009154, 9.356251, -13.218751, -9.637501, 4.5792677, -74.1700891
2024-07-17 15:51:33.542, -0.5802595, 9.555139, -0.43728834, -0.023823043, -0.19883078, 0.01305686, -0.34317514, 9.794026, -0.36009154, 9.20625, -13.856251, -9.46875, 4.5792674, -74.1700892
2024-07-17 15:51:36.029, -0.517747, 9.538389, -0.41336012, -0.023823043, -0.19883078, 0.01305686, -0.34317514, 9.794026, -0.36009154, 9.637501, -13.06875, -8.681251, 4.5792661, -74.1700892
2024-07-17 15:51:37.034, -0.3167499, 9.562318, 1.3271192, -0.023823043, -0.19883078, 0.01305686, -0.34317514, 9.794026, -0.36009154, 9.13125, -14.137501, -7.33125, 4.5792662, -74.1700893
2024-07-17 15:51:38.037, -0.27367908, 9.746565, 1.5810575, -0.023823043, -0.19883078, 0.01305686, -0.34317514, 9.794026, -0.36009154, 10.2375, -14.00625, -6.80625, 4.5792664, -74.1700893
2024-07-17 15:51:39.041, -0.4339982, 9.667602, 1.0519446, -0.023823043, -0.19883078, 0.01305686, -0.34317514, 9.794026, -0.36009154, 10.96875, -13.762501, -6.20625, 4.5792661, -74.1700894
2024-07-17 15:51:41.534, -1.0707881, 9.815957, -0.49950173, -0.023823043, -0.19883078, 0.01305686, -0.34317514, 9.794026, -0.36009154, 13.181251, -13.725, -2.8500001, 4.5791931, -74.170025
2024-07-17 15:51:42.541, -0.8985049, 9.630513, -0.0038883367, -0.023823043, -0.19883078, 0.01305686, -0.34317514, 9.794026, -0.36009154, 13.106251, -13.125001, -3.3187501, 4.5791449, -74.1699602
2024-07-17 15:51:45.037, 0.22432712, 10.834701, -0.18335004, -0.023823043, -0.19883078, 0.01305686, -0.34317514, 9.794026, -0.36009154, 13.106251, -13.125001, -3.3187501, 4.5790445, -74.169803
2024-07-17 15:51:49.030, -1.0097711, 10.151251, -1.6115661, -0.023823043, -0.19883078, 0.01305686, -0.34317514, 9.794026, -0.36009154, 13.106251, -13.125001, -3.3187501, 4.5789368, -74.1695587
2024-07-17 15:51:50.733, -0.6472585, 9.179167, -0.15463616, -0.023823043, -0.19883078, 0.01305686, -0.34317514, 9.794026, -0.36009154, 13.406251, -12.825001, -0.88125, 4.5789292, -74.1694916
2024-07-17 15:51:52.956, -0.80997044, 9.631709, -0.6622137, -0.023823043, -0.19883078, 0.01305686, -0.34317514, 9.794026, -0.36009154, 13.2375, -13.387501, -1.21875, 4.5789044, -74.16943
2024-07-17 15:51:54.817, -0.77647096, 9.31795, -0.631107, -0.023823043, -0.19883078, 0.01305686, -0.34317514, 9.794026, -0.36009154, 13.500001, -12.69375, -0.41250002, 4.5788819, -74.1693683
2024-07-17 15:51:55.820, -2.777768, 6.428318, 0.56590253, -0.023823043, -0.19883078, 0.01305686, -0.34317514, 9.794026, -0.36009154, 13.743751, -14.1, -1.03125, 4.5788656, -74.1693398
2024-07-17 15:51:58.034, -0.18753748, 11.027323, -3.1426735, -0.023823043, -0.19883078, 0.01305686, -0.34317514, 9.794026, -0.36009154, 12.712501, -13.218751, -0.7875, 4.5788306, -74.1692782
2024-07-17 15:51:59.038, -1.4324034, 3.3352957, 0.5276174, -0.023823043, -0.19883078, 0.01305686, -0.34317514, 9.794026, -0.36009154, 13.9125, -13.51875, -1.21875, 4.5787916, -74.1692166
2024-07-17 15:52:00.041, -2.4499512, 13.088739, -2.3524437, -0.023823043, -0.19883078, 0.01305686, -0.34317514, 9.794026, -0.36009154, 14.868751, -13.6125, 0.675, 4.5787672, -74.1691672
2024-07-17 15:52:02.859, -1.817947, 9.54796, -1.0465608, -0.023823043, -0.19883078, 0.01305686, -0.34317514, 9.794026, -0.36009154, 14.75625, -13.5375, 0.73125005, 4.5787211, -74.1690269
2024-07-17 15:52:07.050, -1.5460626, 6.748059, -0.27188447, -0.023823043, -0.19883078, 0.01305686, -0.34317514, 9.794026, -0.36009154, 14.75625, -13.5375, 0.73125005, 4.5786861, -74.1686723
2024-07-17 15:52:11.025, 1.0573285, 10.851451, -2.6889346, -0.023823043, -0.19883078, 0.01305686, -0.34317514, 9.794026, -0.36009154, 14.75625, -13.5375, 0.73125005, 4.578673, -74.1683314
2024-07-17 15:52:14.053, -0.90329057, 9.113364, -1.2631112, -0.023823043, -0.19883078, 0.01305686, -0.34317514, 9.794026, -0.36009154, 14.75625, -13.5375, 0.73125005, 4.5786605, -74.168154
2024-07-17 15:52:16.030, -0.3598207, 9.294023, -0.631107, -0.023823043, -0.19883078, 0.01305686, -0.34317514, 9.794026, -0.36009154, 14.512501, -14.025001, 3.6562502, 4.5786467, -74.1680797
2024-07-17 15:52:17.797, 0.13579269, 9.526425, -0.5521438, -0.023823043, -0.19883078, 0.01305686, -0.34317514, 9.794026, -0.36009154, 13.8, -13.200001, 0.16875, 4.5786279, -74.1680239
2024-07-17 15:52:18.803, -0.2330011, 9.58146, -0.2670988, -0.023823043, -0.19883078, 0.01305686, -0.34317514, 9.794026, -0.36009154, 14.812501, -13.687501, 2.0062501, 4.5786189, -74.1679999
2024-07-17 15:52:19.807, 0.23389842, 9.610174, -0.17856438, -0.023823043, -0.19883078, 0.01305686, -0.34317514, 9.794026, -0.36009154, 17.868752, -15.76875, -7.6875005, 4.5786092, -74.1679771
2024-07-17 15:52:22.802, -0.25692934, 9.143274, 1.3486546, -0.023823043, -0.19883078, 0.01305686, -0.34317514, 9.794026, -0.36009154, 12.281251, -13.575001, -2.0062501, 4.5785701, -74.1679055
2024-07-17 15:52:26.061, -1.3498511, 10.902896, -1.2619148, -0.023823043, -0.19883078, 0.01305686, -0.34317514, 9.794026, -0.36009154, 8.868751, -13.781251, -6.43125, 4.5784862, -74.1678112
2024-07-17 15:52:28.516, 0.24107689, 9.713065, -0.91854477, -0.023823043, -0.19883078, 0.01305686, -0.34317514, 9.794026, -0.36009154, 3.45, -14.606251, -9.9375, 4.5783484, -74.167735
2024-07-17 15:52:29.521, -0.15882361, 9.009276, -2.1993032, -0.023823043, -0.19883078, 0.01305686, -0.34317514, 9.794026, -0.36009154, 2.8125, -14.175, -11.38125, 4.5783198, -74.1677249
2024-07-17 15:52:31.058, 0.054436713, 9.48814, -1.9070797, -0.023823043, -0.19883078, 0.01305686, -0.34317514, 9.794026, -0.36009154, 2.53125, -13.89375, -12.675, 4.5782957, -74.1677178
2024-07-17 15:52:34.054, -0.19232312, 9.631709, -0.7004988, -0.023823043, -0.19883078, 0.01305686, -0.34317514, 9.794026, -0.36009154, 2.5500002, -13.762501, -12.95625, 4.5782796, -74.167714
2024-07-17 15:52:35.731, -0.20428723, 9.562318, -0.631107, -0.023823043, -0.19883078, 0.01305686, -0.34317514, 9.794026, -0.36009154, 2.1937501, -13.725, -12.0375, 4.5782808, -74.1677119
2024-07-17 15:52:38.115, -0.18514465, 9.655638, 1.2553346, -0.023823043, -0.19883078, 0.01305686, -0.34317514, 9.794026, -0.36009154, 0.80625004, -12.525001, -11.231251, 4.5782725, -74.1677101
2024-07-17 15:52:39.119, -0.18275183, 10.050753, 1.466202, -0.023823043, -0.19883078, 0.01305686, -0.34317514, 9.794026, -0.36009154, 1.3875, -12.918751, -11.681251, 4.5782543, -74.1677065
2024-07-17 15:52:40.122, -0.80997044, 9.030811, 0.15882361, -0.023823043, -0.19883078, 0.01305686, -0.34317514, 9.794026, -0.36009154, 1.10625, -13.89375, -10.9875, 4.5782187, -74.167698
2024-07-17 15:52:42.812, -1.3223336, 9.800404, -0.36311084, -0.023823043, -0.19883078, 0.01305686, -0.34317514, 9.794026, -0.36009154, 0.5625, -13.9875, -11.175, 4.5781037, -74.1676778
2024-07-17 15:52:46.028, -0.72502524, 10.431211, 0.44745782, -0.023823043, -0.19883078, 0.01305686, -0.34317514, 9.794026, -0.36009154, 0.5625, -13.9875, -11.175, 4.5778908, -74.167644
2024-07-17 15:52:50.031, -0.061914288, 8.73141, -0.76989067, -0.023823043, -0.19883078, 0.01305686, -0.34317514, 9.794026, -0.36009154, 0.5625, -13.9875, -11.175, 4.577619, -74.1675455
2024-07-17 15:52:52.993, -0.39690945, 10.003794, -2.815754, -0.023823043, -0.19883078, 0.01305686, -0.34317514, 9.794026, -0.36009154, 0.5625, -13.9875, -11.175, 4.577452, -74.1674012
2024-07-17 15:52:56.286, -0.9487542, 9.145667, -3.7052858, -0.023823043, -0.19883078, 0.01305686, -0.34317514, 9.794026, -0.36009154, 14.137501, -12.0, 0.91875005, 4.5773545, -74.1672463
2024-07-17 15:52:58.067, -1.1668001, 8.831908, -1.0860424, -0.023823043, -0.19883078, 0.01305686, -0.34317514, 9.794026, -0.36009154, 15.093751, -12.356251, 0.45000002, 4.5773509, -74.1672185
2024-07-17 15:52:59.771, -1.1018949, 9.377771, -1.1291132, -0.023823043, -0.19883078, 0.01305686, -0.34317514, 9.794026, -0.36009154, 14.2875, -12.337501, 0.26250002, 4.577352, -74.1672213
2024-07-17 15:53:00.774, -1.0971092, 9.476176, -1.038186, -0.023823043, -0.19883078, 0.01305686, -0.34317514, 9.794026, -0.36009154, 14.55, -11.925, 2.4375, 4.5773525, -74.1672232
2024-07-17 15:53:01.779, -0.67118675, 9.322736, 0.654437, -0.023823043, -0.19883078, 0.01305686, -0.34317514, 9.794026, -0.36009154, 15.281251, -12.31875, 3.1875002, 4.5773526, -74.1672241
2024-07-17 15:53:03.332, -0.28085756, 9.672387, -0.549751, -0.023823043, -0.19883078, 0.01305686, -0.34317514, 9.794026, -0.36009154, 15.95625, -11.85, 5.8875003, 4.5773515, -74.1672063
2024-07-17 15:53:04.814, -0.9631111, 8.810373, -2.2926233, -0.023823043, -0.19883078, 0.01305686, -0.34317514, 9.794026, -0.36009154, 16.743752, -11.625, 11.26875, 4.5773521, -74.1671791
2024-07-17 15:53:05.820, -1.1356934, 9.035598, -2.9557343, -0.023823043, -0.19883078, 0.01305686, -0.34317514, 9.794026, -0.36009154, 16.81875, -11.71875, 13.1625, 4.5773572, -74.1671517
2024-07-17 15:53:06.825, -1.250549, 9.531211, -2.8408787, -0.023823043, -0.19883078, 0.01305686, -0.34317514, 9.794026, -0.36009154, 16.331251, -10.81875, 14.1, 4.5773647, -74.1671296
2024-07-17 15:53:09.333, -0.93679005, 9.765707, -0.6478567, -0.023823043, -0.19883078, 0.01305686, -0.34317514, 9.794026, -0.36009154, 16.7625, -10.725, 14.6625, 4.5773704, -74.1671244
2024-07-17 15:53:10.337, -0.8865408, 9.52164, -0.45403808, -0.023823043, -0.19883078, 0.01305686, -0.34317514, 9.794026, -0.36009154, 17.0625, -11.512501, 15.01875, 4.5773716, -74.1671232
2024-07-17 15:53:11.341, -0.75972116, 9.562318, -0.5138587, -0.023823043, -0.19883078, 0.01305686, -0.34317514, 9.794026, -0.36009154, 16.81875, -11.025001, 16.21875, 4.5773746, -74.1671164
2024-07-17 15:53:12.957, -0.73340017, 9.524033, -0.44925246, -0.023823043, -0.19883078, 0.01305686, -0.34317514, 9.794026, -0.36009154, 15.50625, -9.806251, 18.618752, 4.5773803, -74.1671031
2024-07-17 15:53:14.715, 0.27696922, 9.75135, 0.39840496, -0.023823043, -0.19883078, 0.01305686, -0.34317514, 9.794026, -0.36009154, 14.6625, -11.25, 22.35, 4.5774066, -74.1670601
2024-07-17 15:53:15.722, 1.0166506, 8.0563345, -0.0134596275, -0.023823043, -0.19883078, 0.01305686, -0.34317514, 9.794026, -0.36009154, 13.2375, -11.700001, 25.743752, 4.5774348, -74.1670256
2024-07-17 15:53:18.054, 1.0776675, 10.639686, -0.12951152, -0.023823043, -0.19883078, 0.01305686, -0.34317514, 9.794026, -0.36009154, 11.606251, -12.168751, 26.737501, 4.5775455, -74.1669519
2024-07-17 15:53:22.028, -1.2649059, 8.081459, -1.9405792, -0.023823043, -0.19883078, 0.01305686, -0.34317514, 9.794026, -0.36009154, 11.606251, -12.168751, 26.737501, 4.577881, -74.1668438
2024-07-17 15:53:24.587, -0.538086, 9.634102, -3.897908, -0.023823043, -0.19883078, 0.01305686, -0.34317514, 9.794026, -0.36009154, 11.606251, -12.168751, 26.737501, 4.578015, -74.1667678
2024-07-17 15:53:26.538, 0.011365907, 9.894919, -2.038984, -0.023823043, -0.19883078, 0.01305686, -0.34317514, 9.794026, -0.36009154, 7.2375, 84.637505, 32.25, 4.5780981, -74.1666997
2024-07-17 15:53:29.074, -0.38374892, 9.459426, -1.0118649, -0.023823043, -0.19883078, 0.01305686, -0.34317514, 9.794026, -0.36009154, 7.4437504, 84.1875, 32.8125, 4.5780993, -74.166694
2024-07-17 15:53:30.077, -0.4316054, 9.538389, -1.0405787, -0.023823043, -0.19883078, 0.01305686, -0.34317514, 9.794026, -0.36009154, 7.5000005, 84.39375, 32.23125, 4.5780976, -74.1666948
2024-07-17 15:53:31.080, -0.41964126, 9.502497, -0.9592228, -0.023823043, -0.19883078, 0.01305686, -0.34317514, 9.794026, -0.36009154, 7.4625, 85.631256, 32.081253, 4.5780973, -74.1666949
2024-07-17 15:53:32.811, -0.42921257, 9.509675, -1.0573285, -0.023823043, -0.19883078, 0.01305686, -0.34317514, 9.794026, -0.36009154, 7.7625003, 85.0875, 32.30625, 4.5780973, -74.166695
2024-07-17 15:53:34.681, -0.4004987, 9.52164, -1.0214362, -0.023823043, -0.19883078, 0.01305686, -0.34317514, 9.794026, -0.36009154, 7.8375, 85.0875, 32.268753, 4.5780973, -74.166695
2024-07-17 15:53:35.687, -0.41964126, 9.52164, -0.9927223, -0.023823043, -0.19883078, 0.01305686, -0.34317514, 9.794026, -0.36009154, 8.606251, 84.918755, 31.66875, 4.5780973, -74.166695
2024-07-17 15:53:36.693, -0.34546378, 9.557532, -1.1147562, -0.023823043, -0.19883078, 0.01305686, -0.34317514, 9.794026, -0.36009154, 7.55625, 85.8375, 32.68125, 4.5780973, -74.166695
2024-07-17 15:53:39.263, -0.39571303, 9.538389, -1.0046864, -0.023823043, -0.19883078, 0.01305686, -0.34317514, 9.794026, -0.36009154, 7.2937503, 84.46875, 31.95, 4.5780973, -74.166695
2024-07-17 15:53:40.266, -0.4004987, 9.54796, -1.0142577, -0.023823043, -0.19883078, 0.01305686, -0.34317514, 9.794026, -0.36009154, 7.5375004, 85.012505, 33.131252, 4.5780973, -74.166695
2024-07-17 15:53:41.270, -0.36221352, 9.500104, -0.9400802, -0.023823043, -0.19883078, 0.01305686, -0.34317514, 9.794026, -0.36009154, 7.1625004, 84.80625, 33.0, 4.5780973, -74.166695
2024-07-17 15:53:42.891, -0.34785658, 9.552746, -0.99990076, -0.023823043, -0.19883078, 0.01305686, -0.34317514, 9.794026, -0.36009154, 6.9187503, 84.600006, 32.475002, 4.5780973, -74.166695
2024-07-17 15:53:44.684, -0.39571303, 9.533604, -1.0310074, -0.023823043, -0.19883078, 0.01305686, -0.34317514, 9.794026, -0.36009154, 7.8562503, 84.9, 33.225002, 4.5780973, -74.166695
2024-07-17 15:53:45.690, -0.38374892, 9.52164, -1.0142577, -0.023823043, -0.19883078, 0.01305686, -0.34317514, 9.794026, -0.36009154, 7.3875003, 84.61875, 33.0, 4.5780973, -74.166695
2024-07-17 15:53:46.697, -0.40528435, 9.559925, -1.0357931, -0.023823043, -0.19883078, 0.01305686, -0.34317514, 9.794026, -0.36009154, 8.0625, 84.825005, 31.575, 4.5780973, -74.166695
2024-07-17 15:53:49.218, -0.4124628, 9.485747, -0.9807582, -0.023823043, -0.19883078, 0.01305686, -0.34317514, 9.794026, -0.36009154, 7.2562504, 84.375, 33.862503, 4.5780973, -74.166695
2024-07-17 15:53:50.222, -0.328714, 9.492926, -1.0310074, -0.023823043, -0.19883078, 0.01305686, -0.34317514, 9.794026, -0.36009154, 7.5750003, 84.975006, 34.2, 4.5780973, -74.166695
2024-07-17 15:53:51.228, -0.43639103, 9.552746, -1.1434702, -0.023823043, -0.19883078, 0.01305686, -0.34317514, 9.794026, -0.36009154, 7.6125, 84.24375, 34.162502, 4.5780973, -74.166695
2024-07-17 15:53:52.807, -0.38853458, 9.5048895, -1.05015, -0.023823043, -0.19883078, 0.01305686, -0.34317514, 9.794026, -0.36009154, 7.5375004, 83.9625, 33.693752, 4.5780973, -74.166695
2024-07-17 15:53:54.669, -0.42203408, 9.52164, -1.186541, -0.023823043, -0.19883078, 0.01305686, -0.34317514, 9.794026, -0.36009154, 8.1, 84.693756, 34.256252, 4.5780973, -74.166695
2024-07-17 15:53:55.674, -0.39332023, 9.516854, -1.0357931, -0.023823043, -0.19883078, 0.01305686, -0.34317514, 9.794026, -0.36009154, 8.418751, 84.356255, 33.99375, 4.5780973, -74.166695
2024-07-17 15:53:56.679, -0.4124628, 9.514461, -0.96879405, -0.023823043, -0.19883078, 0.01305686, -0.34317514, 9.794026, -0.36009154, 7.1625004, 84.600006, 33.5625, 4.5780973, -74.166695
2024-07-17 15:54:00.017, -0.46031925, 9.500104, -1.0262218, -0.023823043, -0.19883078, 0.01305686, -0.34317514, 9.794026, -0.36009154, 7.8, 84.318756, 34.443752, 4.5780973, -74.166695
2024-07-17 15:54:01.022, -0.34307095, 9.555139, 1.0423734, -0.023823043, -0.19883078, 0.01305686, -0.34317514, 9.794026, -0.36009154, 7.8, 83.887505, 34.03125, 4.5781072, -74.1666777
2024-07-17 15:54:02.025, -0.42681974, 9.959526, -0.4755735, -0.023823043, -0.19883078, 0.01305686, -0.34317514, 9.794026, -0.36009154, 6.95625, 85.762505, 32.643753, 4.5781288, -74.166659
2024-07-17 15:54:04.073, 0.028115666, 9.717851, -0.6263213, -0.023823043, -0.19883078, 0.01305686, -0.34317514, 9.794026, -0.36009154, 7.5750003, 85.74375, 34.7625, 4.5781574, -74.1666364
2024-07-17 15:54:05.076, 0.09272188, 10.587044, 0.721436, -0.023823043, -0.19883078, 0.01305686, -0.34317514, 9.794026, -0.36009154, 7.9125004, 84.787506, 34.48125, 4.5782225, -74.1665853
2024-07-17 15:54:06.081, -1.8646071, 9.503694, -0.2973082, -0.023823043, -0.19883078, 0.01305686, -0.34317514, 9.794026, -0.36009154, 8.00625, 85.8, 33.28125, 4.5782611, -74.1665574
2024-07-17 15:54:09.117, -1.8562322, 10.303195, -0.5772685, -0.023823043, -0.19883078, 0.01305686, -0.34317514, 9.794026, -0.36009154, 8.00625, 85.8, 33.28125, 4.5784338, -74.1664228
2024-07-17 15:54:12.857, -0.09182457, 10.151251, -0.37387854, -0.023823043, -0.19883078, 0.01305686, -0.34317514, 9.794026, -0.36009154, 8.00625, 85.8, 33.28125, 4.5785973, -74.1662492
2024-07-17 15:54:16.194, 1.2777673, 9.25813, -1.279861, -0.023823043, -0.19883078, 0.01305686, -0.34317514, 9.794026, -0.36009154, 8.00625, 85.8, 33.28125, 4.578742, -74.1661186
2024-07-17 15:54:18.039, 1.0621141, 9.562318, -1.4548361, -0.023823043, -0.19883078, 0.01305686, -0.34317514, 9.794026, -0.36009154, -6.2625003, 86.3625, 40.18125, 4.5787749, -74.1661288
2024-07-17 15:54:19.738, -0.78364944, 8.520842, -0.20488544, -0.023823043, -0.19883078, 0.01305686, -0.34317514, 9.794026, -0.36009154, -6.1875005, 303.73126, -9.65625, 4.5788263, -74.1661898
2024-07-17 15:54:20.745, -0.92243314, 10.105787, 1.4075779, -0.023823043, -0.19883078, 0.01305686, -0.34317514, 9.794026, -0.36009154, -6.525, 303.075, -9.39375, 4.578857, -74.1662444
2024-07-17 15:54:22.821, -1.0636097, 7.917551, 0.7716853, -0.023823043, -0.19883078, 0.01305686, -0.34317514, 9.794026, -0.36009154, -6.525, 303.075, -9.39375, 4.5789296, -74.1663573
2024-07-17 15:54:27.027, 0.733101, 9.732208, 0.6089734, -0.023823043, -0.19883078, 0.01305686, -0.34317514, 9.794026, -0.36009154, -6.525, 303.075, -9.39375, 4.5791215, -74.1665237
2024-07-17 15:54:31.029, -1.0588241, 10.200304, -1.2020943, -0.023823043, -0.19883078, 0.01305686, -0.34317514, 9.794026, -0.36009154, -6.525, 303.075, -9.39375, 4.5791735, -74.166714
2024-07-17 15:54:32.030, -1.4946169, 5.1260242, -1.0046864, -0.023823043, -0.19883078, 0.01305686, -0.34317514, 9.794026, -0.36009154, -9.918751, 305.41876, -16.931252, 4.579176, -74.1667557
2024-07-17 15:54:33.581, -1.7413766, 9.279665, 1.7605193, -0.023823043, -0.19883078, 0.01305686, -0.34317514, 9.794026, -0.36009154, -10.1625, 304.74377, -15.637501, 4.5791841, -74.1668306
2024-07-17 15:54:34.589, -1.0444671, 9.662816, 0.49292147, -0.023823043, -0.19883078, 0.01305686, -0.34317514, 9.794026, -0.36009154, -9.675, 304.83752, -14.531251, 4.5791931, -74.1668782
2024-07-17 15:54:37.038, 0.33559337, 9.719048, 1.0663016, -0.023823043, -0.19883078, 0.01305686, -0.34317514, 9.794026, -0.36009154, -9.675, 304.83752, -14.531251, 4.579233, -74.1669847
2024-07-17 15:54:40.111, 0.33439696, 9.142078, -2.193321, -0.023823043, -0.19883078, 0.01305686, -0.34317514, 9.794026, -0.36009154, -9.675, 304.83752, -14.531251, 4.5793376, -74.1671815
2024-07-17 15:54:43.025, -0.22103699, 9.399306, -0.25992036, -0.023823043, -0.19883078, 0.01305686, -0.34317514, 9.794026, -0.36009154, -9.675, 304.83752, -14.531251, 4.5793661, -74.1672195
2024-07-17 15:54:45.502, -0.26171497, 9.619745, -0.48035914, -0.023823043, -0.19883078, 0.01305686, -0.34317514, 9.794026, -0.36009154, -8.15625, 306.01877, -9.825001, 4.5793654, -74.1672143
2024-07-17 15:54:48.017, -0.23778675, 9.586246, -0.45164528, -0.023823043, -0.19883078, 0.01305686, -0.34317514, 9.794026, -0.36009154, -8.043751, 306.2625, -9.150001, 4.5793663, -74.1672124
2024-07-17 15:54:50.511, -0.21625134, 9.686745, 1.7413766, -0.023823043, -0.19883078, 0.01305686, -0.34317514, 9.794026, -0.36009154, -8.25, 305.6625, -10.5, 4.5793683, -74.1672115
2024-07-17 15:54:51.515, -0.09182457, 9.744172, 1.9328024, -0.023823043, -0.19883078, 0.01305686, -0.34317514, 9.794026, -0.36009154, -8.306251, 305.15625, -12.20625, 4.5793729, -74.16722
2024-07-17 15:54:53.014, -1.5233307, 9.586246, 0.022432713, -0.023823043, -0.19883078, 0.01305686, -0.34317514, 9.794026, -0.36009154, -8.45625, 305.36252, -11.64375, 4.5793855, -74.1672478
2024-07-17 15:54:57.040, -1.1440684, 9.887741, 0.6269195, -0.023823043, -0.19883078, 0.01305686, -0.34317514, 9.794026, -0.36009154, -8.118751, 305.1, -10.5375, 4.579495, -74.167489
2024-07-17 15:55:01.045, -0.25214368, 9.928419, -0.7962117, -0.023823043, -0.19883078, 0.01305686, -0.34317514, 9.794026, -0.36009154, -8.118751, 305.1, -10.5375, 4.5796486, -74.1677861
2024-07-17 15:55:04.038, -0.7585248, 8.779266, -0.78424764, -0.023823043, -0.19883078, 0.01305686, -0.34317514, 9.794026, -0.36009154, -8.118751, 305.1, -10.5375, 4.5797702, -74.168023
2024-07-17 15:55:07.294, -0.59581286, 8.705089, -2.6650062, -0.023823043, -0.19883078, 0.01305686, -0.34317514, 9.794026, -0.36009154, -8.118751, 305.1, -10.5375, 4.5799278, -74.1683313
2024-07-17 15:55:08.298, -1.1644074, 10.300802, -3.2120652, -0.023823043, -0.19883078, 0.01305686, -0.34317514, 9.794026, -0.36009154, -8.118751, 305.1, -10.5375, 4.5799598, -74.1683884
2024-07-17 15:55:09.436, -0.22462623, 9.58505, -4.709374, -0.023823043, -0.19883078, 0.01305686, -0.34317514, 9.794026, -0.36009154, -8.118751, 305.1, -10.5375, 4.579983, -74.1684278
2024-07-17 15:55:10.440, -0.37417763, 9.634102, 0.21385853, -0.023823043, -0.19883078, 0.01305686, -0.34317514, 9.794026, -0.36009154, -7.2000003, 305.5125, -9.150001, 4.5799911, -74.1684433
2024-07-17 15:55:12.039, -0.5587241, 9.394521, -0.43968117, -0.023823043, -0.19883078, 0.01305686, -0.34317514, 9.794026, -0.36009154, -7.2562504, 306.20627, -8.71875, 4.5799897, -74.1684421
2024-07-17 15:55:13.547, -0.50817573, 9.516854, 0.85094756, -0.023823043, -0.19883078, 0.01305686, -0.34317514, 9.794026, -0.36009154, -7.05, 305.02502, -8.56875, 4.5799898, -74.1684465
2024-07-17 15:55:14.552, -0.73340017, 9.341879, 0.23060828, -0.023823043, -0.19883078, 0.01305686, -0.34317514, 9.794026, -0.36009154, -7.65, 305.325, -8.8125, 4.5799985, -74.1684635
2024-07-17 15:55:15.555, -1.0037891, 9.301201, -0.18335004, -0.023823043, -0.19883078, 0.01305686, -0.34317514, 9.794026, -0.36009154, -6.7312503, 305.325, -8.08125, 4.5800124, -74.1684881
2024-07-17 15:55:18.037, -1.7461623, 9.418449, 0.06550352, -0.023823043, -0.19883078, 0.01305686, -0.34317514, 9.794026, -0.36009154, -3.2812502, 307.18127, -3.15, 4.5800651, -74.1685456
2024-07-17 15:55:19.040, -2.1062822, 9.900902, -1.0357931, -0.023823043, -0.19883078, 0.01305686, -0.34317514, 9.794026, -0.36009154, 6.3187504, 307.40625, 1.1625, 4.5801598, -74.1685735
2024-07-17 15:55:20.045, -2.1062822, 9.900902, -1.0357931, -0.023823043, -0.19883078, 0.01305686, -0.34317514, 9.794026, -0.36009154, 6.3187504, 307.40625, 1.1625, 4.5802186, -74.1685678
2024-07-17 15:55:22.833, -0.6376872, 9.865009, 0.8147561, -0.023823043, -0.19883078, 0.01305686, -0.34317514, 9.794026, -0.36009154, 6.3187504, 307.40625, 1.1625, 4.5803422, -74.1685477
2024-07-17 15:55:26.030, 0.44925246, 8.899206, -1.4141582, -0.023823043, -0.19883078, 0.01305686, -0.34317514, 9.794026, -0.36009154, 6.3187504, 307.40625, 1.1625, 4.5805564, -74.1685827
2024-07-17 15:55:29.067, -0.6149554, 9.29163, -3.417848, -0.023823043, -0.19883078, 0.01305686, -0.34317514, 9.794026, -0.36009154, 6.3187504, 307.40625, 1.1625, 4.5807367, -74.1686477
2024-07-17 15:55:30.858, -0.654437, 9.54796, -1.3301103, -0.023823043, -0.19883078, 0.01305686, -0.34317514, 9.794026, -0.36009154, -0.73125005, 307.5, -0.056250002, 4.5807722, -74.1686679
2024-07-17 15:55:33.284, -0.72382885, 9.502497, -1.4979069, -0.023823043, -0.19883078, 0.01305686, -0.34317514, 9.794026, -0.36009154, 0.26250002, 308.58752, -0.26250002, 4.5807668, -74.1686651
2024-07-17 15:55:34.288, -0.72382885, 9.44477, -1.6414764, -0.023823043, -0.19883078, 0.01305686, -0.34317514, 9.794026, -0.36009154, -0.375, 308.45627, -0.0375, 4.5807664, -74.1686646
2024-07-17 15:55:35.293, -0.66161543, 9.447163, -1.4500505, -0.023823043, -0.19883078, 0.01305686, -0.34317514, 9.794026, -0.36009154, -0.46875003, 307.80002, -0.31875002, 4.5807663, -74.1686645
2024-07-17 15:55:37.041, -0.6759724, 9.456735, -1.5601203, -0.023823043, -0.19883078, 0.01305686, -0.34317514, 9.794026, -0.36009154, -0.3, 308.19376, -0.26250002, 4.5807662, -74.1686645
2024-07-17 15:55:38.820, -0.66161543, 9.476176, -1.3683954, -0.023823043, -0.19883078, 0.01305686, -0.34317514, 9.794026, -0.36009154, -0.15, 308.17502, -0.675, 4.5807662, -74.1686645
2024-07-17 15:55:39.826, -0.5033901, 9.662816, -0.17856438, -0.023823043, -0.19883078, 0.01305686, -0.34317514, 9.794026, -0.36009154, -0.5625, 308.04376, 0.112500004, 4.5807662, -74.1686645
2024-07-17 15:55:40.831, -0.41724846, 9.490533, 0.47976094, -0.023823043, -0.19883078, 0.01305686, -0.34317514, 9.794026, -0.36009154, -0.71250004, 307.65002, -0.71250004, 4.5807662, -74.1686645
2024-07-17 15:55:44.022, -0.22103699, 9.5455675, -1.1243275, -0.023823043, -0.19883078, 0.01305686, -0.34317514, 9.794026, -0.36009154, -0.112500004, 308.17502, -0.20625001, 4.5808161, -74.1686914
2024-07-17 15:55:48.019, -0.5563313, 9.262916, -1.6079768, -0.023823043, -0.19883078, 0.01305686, -0.34317514, 9.794026, -0.36009154, -3.3375, 305.79376, -2.8500001, 4.580884, -74.1687411
2024-07-17 15:55:52.018, -0.573081, 9.387342, -0.46121657, -0.023823043, -0.19883078, 0.01305686, -0.34317514, 9.794026, -0.36009154, -3.525, 306.15002, -2.325, 4.5809247, -74.1687769
2024-07-17 15:55:54.030, -0.31914273, 9.509675, -0.48275197, -0.023823043, -0.19883078, 0.01305686, -0.34317514, 9.794026, -0.36009154, -3.3187501, 306.11252, -3.1312501, 4.5809259, -74.1687779
2024-07-17 15:55:55.827, 0.85154575, 9.346664, 0.20189442, -0.023823043, -0.19883078, 0.01305686, -0.34317514, 9.794026, -0.36009154, -5.7937503, 306.90002, -4.40625, 4.5809527, -74.1688064
2024-07-17 15:55:56.831, -1.7006987, 10.091431, -0.5138587, -0.023823043, -0.19883078, 0.01305686, -0.34317514, 9.794026, -0.36009154, -7.5000005, 307.875, -5.4750004, 4.5809712, -74.1688307
2024-07-17 15:55:59.067, -0.8147561, 9.4280205, 0.015254244, -0.023823043, -0.19883078, 0.01305686, -0.34317514, 9.794026, -0.36009154, -5.15625, 308.04376, -5.5875, 4.5810435, -74.168923
2024-07-17 15:56:02.035, 0.8431709, 8.688339, -2.909074, -0.023823043, -0.19883078, 0.01305686, -0.34317514, 9.794026, -0.36009154, -4.21875, 307.21875, -4.875, 4.5811423, -74.1690056
2024-07-17 15:56:06.035, 0.71395844, 9.47139, -2.0641086, -0.023823043, -0.19883078, 0.01305686, -0.34317514, 9.794026, -0.36009154, -4.21875, 307.21875, -4.875, 4.5813271, -74.1691675
2024-07-17 15:56:07.541, -2.4092734, 9.692726, -3.1857443, -0.023823043, -0.19883078, 0.01305686, -0.34317514, 9.794026, -0.36009154, -4.21875, 307.21875, -4.875, 4.5813949, -74.1692405
2024-07-17 15:56:08.546, -1.4228321, 9.064311, -2.21366, -0.023823043, -0.19883078, 0.01305686, -0.34317514, 9.794026, -0.36009154, -0.28125, 308.1375, 0.69375, 4.5814248, -74.1692686
2024-07-17 15:56:11.023, -1.1644074, 10.2469635, -3.6933217, -0.023823043, -0.19883078, 0.01305686, -0.34317514, 9.794026, -0.36009154, 8.025001, 308.49377, 2.9625, 4.5814943, -74.169295
2024-07-17 15:56:14.058, -0.32392836, 9.662816, -0.3487539, -0.023823043, -0.19883078, 0.01305686, -0.34317514, 9.794026, -0.36009154, 21.581251, 303.975, -14.925, 4.581553, -74.1692587
2024-07-17 15:56:18.045, -0.5249255, 8.602198, -3.2479577, -0.023823043, -0.19883078, 0.01305686, -0.34317514, 9.794026, -0.36009154, 20.60625, 304.93127, -15.900001, 4.5815931, -74.169116
2024-07-17 15:56:22.021, -0.6687939, 9.519247, -0.5617151, -0.023823043, -0.19883078, 0.01305686, -0.34317514, 9.794026, -0.36009154, 21.4125, 302.96252, -15.0375, 4.5816025, -74.1690904
2024-07-17 15:56:25.043, 0.90418786, 8.120941, -1.9381863, -0.023823043, -0.19883078, 0.01305686, -0.34317514, 9.794026, -0.36009154, 17.34375, 305.00626, -5.7562504, 4.5816564, -74.1689856
2024-07-17 15:56:28.111, -1.1572288, 10.301999, -2.2232313, -0.023823043, -0.19883078, 0.01305686, -0.34317514, 9.794026, -0.36009154, -3.8437502, 308.68127, -1.5937501, 4.5817957, -74.1689703
2024-07-17 15:56:32.047, -0.64008003, 9.370592, -0.983151, -0.023823043, -0.19883078, 0.01305686, -0.34317514, 9.794026, -0.36009154, -5.4375, 308.1, -3.2812502, 4.5818851, -74.1690863
2024-07-17 15:56:35.040, -1.5580267, 11.12184, -1.6821543, -0.023823043, -0.19883078, 0.01305686, -0.34317514, 9.794026, -0.36009154, -5.6062503, 307.98752, -3.3750002, 4.5820314, -74.1692336
2024-07-17 15:56:39.035, 0.48394838, 8.673982, -0.82013994, -0.023823043, -0.19883078, 0.01305686, -0.34317514, 9.794026, -0.36009154, -5.6062503, 307.98752, -3.3750002, 4.5822686, -74.1694498
2024-07-17 15:56:41.496, 0.111864455, 10.2673025, -0.78424764, -0.023823043, -0.19883078, 0.01305686, -0.34317514, 9.794026, -0.36009154, -5.6062503, 307.98752, -3.3750002, 4.5824382, -74.1695863
2024-07-17 15:56:42.500, 0.111864455, 10.2673025, -0.78424764, -0.023823043, -0.19883078, 0.01305686, -0.34317514, 9.794026, -0.36009154, -5.6062503, 307.98752, -3.3750002, 4.5824897, -74.1696298
2024-07-17 15:56:44.032, -0.6987042, 8.7266245, -3.4345977, -0.023823043, -0.19883078, 0.01305686, -0.34317514, 9.794026, -0.36009154, -5.6062503, 307.98752, -3.3750002, 4.5825365, -74.1696716
2024-07-17 15:56:47.252, -0.89371926, 9.459426, -2.012663, -0.023823043, -0.19883078, 0.01305686, -0.34317514, 9.794026, -0.36009154, -3.0937502, 308.6625, -2.0625, 4.5826849, -74.1697961
2024-07-17 15:56:49.040, -0.027218357, 9.361021, -3.2216365, -0.023823043, -0.19883078, 0.01305686, -0.34317514, 9.794026, -0.36009154, -4.2375, 309.1875, -1.40625, 4.5827056, -74.1698137
2024-07-17 15:56:50.723, -0.070289165, 9.136096, -2.254338, -0.023823043, -0.19883078, 0.01305686, -0.34317514, 9.794026, -0.36009154, -3.7875001, 309.45, -1.7625, 4.5827222, -74.1698319
2024-07-17 15:56:51.728, 0.0062811594, 9.310772, -2.7379873, -0.023823043, -0.19883078, 0.01305686, -0.34317514, 9.794026, -0.36009154, -3.6000001, 309.73126, -1.06875, 4.5827266, -74.1698359
2024-07-17 15:56:52.733, 0.109471634, 9.8015995, -1.7204394, -0.023823043, -0.19883078, 0.01305686, -0.34317514, 9.794026, -0.36009154, -5.5687504, 312.39377, -3.3937502, 4.5827293, -74.1698387
2024-07-17 15:56:53.738, -0.08943175, 9.38495, -2.1035903, -0.023823043, -0.19883078, 0.01305686, -0.34317514, 9.794026, -0.36009154, -4.5375004, 309.80627, -2.2687502, 4.582732, -74.1698413
2024-07-17 15:56:54.743, -0.1468595, 9.301201, -1.8807586, -0.023823043, -0.19883078, 0.01305686, -0.34317514, 9.794026, -0.36009154, -4.2375, 309.95627, -1.8000001, 4.5827337, -74.1698454
2024-07-17 15:56:55.749, -0.15643078, 9.404092, -2.0222342, -0.023823043, -0.19883078, 0.01305686, -0.34317514, 9.794026, -0.36009154, -4.14375, 310.3125, -1.8000001, 4.5827349, -74.1698477
2024-07-17 15:56:56.754, -0.11335997, 9.372986, -2.038984, -0.023823043, -0.19883078, 0.01305686, -0.34317514, 9.794026, -0.36009154, -4.125, 310.23752, -2.0625, 4.5827348, -74.1698473
2024-07-17 15:56:57.759, -0.08943175, 9.370592, -2.0509481, -0.023823043, -0.19883078, 0.01305686, -0.34317514, 9.794026, -0.36009154, -4.18125, 309.825, -2.2875001, 4.5827344, -74.1698464
2024-07-17 15:56:58.762, -0.072681986, 9.832706, -1.2104691, -0.023823043, -0.19883078, 0.01305686, -0.34317514, 9.794026, -0.36009154, -4.3125, 309.4125, -2.5875, 4.5827349, -74.1698479
2024-07-17 15:56:59.766, 0.01375873, 9.495318, -0.2862414, -0.023823043, -0.19883078, 0.01305686, -0.34317514, 9.794026, -0.36009154, -3.2250001, 309.13126, -2.49375, 4.5827364, -74.169848
2024-07-17 15:57:00.770, 0.13339986, 9.265308, -0.5353941, -0.023823043, -0.19883078, 0.01305686, -0.34317514, 9.794026, -0.36009154, -3.3375, 309.05627, -1.9687501, 4.5827467, -74.1698569
2024-07-17 15:57:01.776, -0.09900304, 9.815957, -1.7850457, -0.023823043, -0.19883078, 0.01305686, -0.34317514, 9.794026, -0.36009154, -4.1625004, 309.1875, -1.10625, 4.5827637, -74.1698709
2024-07-17 15:57:02.781, 0.4851448, 7.19432, -2.539383, -0.023823043, -0.19883078, 0.01305686, -0.34317514, 9.794026, -0.36009154, -3.525, 311.98126, -4.8375, 4.58279, -74.169891
2024-07-17 15:57:03.784, -0.7070791, 8.8701935, -1.7467605, -0.023823043, -0.19883078, 0.01305686, -0.34317514, 9.794026, -0.36009154, -3.6000001, 309.0375, -1.9312501, 4.5828199, -74.1699146
2024-07-17 15:57:04.789, -2.0045872, 8.441878, -3.8727834, -0.023823043, -0.19883078, 0.01305686, -0.34317514, 9.794026, -0.36009154, -1.9312501, 309.75, -0.45000002, 4.582848, -74.1699351
2024-07-17 15:57:05.794, -2.9192436, 6.7516484, -0.58564335, -0.023823043, -0.19883078, 0.01305686, -0.34317514, 9.794026, -0.36009154, 2.34375, 310.3875, 2.1937501, 4.582879, -74.1699519
2024-07-17 15:57:06.798, -1.1500504, 9.071489, -1.1673983, -0.023823043, -0.19883078, 0.01305686, -0.34317514, 9.794026, -0.36009154, 8.7375, 308.92502, 2.9437501, 4.5829117, -74.1699587
2024-07-17 15:57:07.803, -0.7716853, 11.209476, -2.809772, -0.023823043, -0.19883078, 0.01305686, -0.34317514, 9.794026, -0.36009154, 12.918751, 307.78125, 0.61875004, 4.5829495, -74.1699515
2024-07-17 15:57:08.812, -2.3685954, 7.995318, -3.6379876, -0.023823043, -0.19883078, 0.01305686, -0.34317514, 9.794026, -0.36009154, 13.2375, 309.0375, 0.75, 4.582999, -74.1699331
2024-07-17 15:57:09.822, -2.3685954, 7.995318, -3.6379876, -0.023823043, -0.19883078, 0.01305686, -0.34317514, 9.794026, -0.36009154, 13.2375, 309.0375, 0.75, 4.5830548, -74.1699045
2024-07-17 15:57:10.831, -2.3685954, 7.995318, -3.6379876, -0.023823043, -0.19883078, 0.01305686, -0.34317514, 9.794026, -0.36009154, 13.2375, 309.0375, 0.75, 4.5831158, -74.1698757
2024-07-17 15:57:11.839, -2.3685954, 7.995318, -3.6379876, -0.023823043, -0.19883078, 0.01305686, -0.34317514, 9.794026, -0.36009154, 13.2375, 309.0375, 0.75, 4.5831816, -74.1698485
2024-07-17 15:57:12.847, -2.3685954, 7.995318, -3.6379876, -0.023823043, -0.19883078, 0.01305686, -0.34317514, 9.794026, -0.36009154, 13.2375, 309.0375, 0.75, 4.5832544, -74.1698276
2024-07-17 15:57:13.854, -2.3685954, 7.995318, -3.6379876, -0.023823043, -0.19883078, 0.01305686, -0.34317514, 9.794026, -0.36009154, 13.2375, 309.0375, 0.75, 4.5833339, -74.169806
2024-07-17 15:57:14.861, -2.3685954, 7.995318, -3.6379876, -0.023823043, -0.19883078, 0.01305686, -0.34317514, 9.794026, -0.36009154, 13.2375, 309.0375, 0.75, 4.583416, -74.1697797
2024-07-17 15:57:15.870, -2.3685954, 7.995318, -3.6379876, -0.023823043, -0.19883078, 0.01305686, -0.34317514, 9.794026, -0.36009154, 13.2375, 309.0375, 0.75, 4.5834978, -74.1697448
2024-07-17 15:57:16.876, -2.3685954, 7.995318, -3.6379876, -0.023823043, -0.19883078, 0.01305686, -0.34317514, 9.794026, -0.36009154, 13.2375, 309.0375, 0.75, 4.5835767, -74.1696998
2024-07-17 15:57:17.884, -2.3685954, 7.995318, -3.6379876, -0.023823043, -0.19883078, 0.01305686, -0.34317514, 9.794026, -0.36009154, 13.2375, 309.0375, 0.75, 4.583646, -74.1696558
2024-07-17 15:57:18.891, -0.43998027, 9.695119, -2.3105693, -0.023823043, -0.19883078, 0.01305686, -0.34317514, 9.794026, -0.36009154, 13.2375, 309.0375, 0.75, 4.5837063, -74.1696175
2024-07-17 15:57:19.898, -0.43998027, 9.695119, -2.3105693, -0.023823043, -0.19883078, 0.01305686, -0.34317514, 9.794026, -0.36009154, 13.2375, 309.0375, 0.75, 4.5837579, -74.1695867
2024-07-17 15:57:20.911, -0.43998027, 9.695119, -2.3105693, -0.023823043, -0.19883078, 0.01305686, -0.34317514, 9.794026, -0.36009154, 13.2375, 309.0375, 0.75, 4.5838019, -74.1695626
2024-07-17 15:57:21.916, -0.7788638, 9.52164, -3.1498518, -0.023823043, -0.19883078, 0.01305686, -0.34317514, 9.794026, -0.36009154, 3.8625002, 66.9375, 1.7625, 4.5838358, -74.1695429
2024-07-17 15:57:24.037, -0.59700924, 9.720243, -1.4452649, -0.023823043, -0.19883078, 0.01305686, -0.34317514, 9.794026, -0.36009154, 3.7500002, 67.21875, 2.23125, 4.58386, -74.169528
2024-07-17 15:57:25.040, -0.9176475, 9.296415, -1.5361922, -0.023823043, -0.19883078, 0.01305686, -0.34317514, 9.794026, -0.36009154, 4.1062503, 67.818756, 2.90625, 4.5838577, -74.1695292
2024-07-17 15:57:26.044, -0.8243274, 9.485747, -1.1506486, -0.023823043, -0.19883078, 0.01305686, -0.34317514, 9.794026, -0.36009154, 4.125, 67.537506, 2.5500002, 4.583857, -74.1695308
2024-07-17 15:57:27.047, -0.8362915, 9.524033, -1.172184, -0.023823043, -0.19883078, 0.01305686, -0.34317514, 9.794026, -0.36009154, 3.6375, 66.881256, 3.2250001, 4.5838571, -74.169531
2024-07-17 15:57:29.467, -0.85064846, 9.483355, -1.1841481, -0.023823043, -0.19883078, 0.01305686, -0.34317514, 9.794026, -0.36009154, 3.7125, 67.762505, 2.3812501, 4.5838567, -74.169532
2024-07-17 15:57:30.471, -0.82672024, 9.512068, -1.1889337, -0.023823043, -0.19883078, 0.01305686, -0.34317514, 9.794026, -0.36009154, 3.4875002, 67.0875, 2.4562502, 4.5838569, -74.1695326
2024-07-17 15:57:31.475, -0.83389866, 9.497711, -1.1697912, -0.023823043, -0.19883078, 0.01305686, -0.34317514, 9.794026, -0.36009154, 3.1875002, 67.256256, 1.66875, 4.5838569, -74.1695327
2024-07-17 15:57:34.029, -0.8147561, 9.492926, -1.186541, -0.023823043, -0.19883078, 0.01305686, -0.34317514, 9.794026, -0.36009154, 4.03125, 67.05, 2.6437502, 4.5838569, -74.1695326
2024-07-17 15:57:35.033, -0.8315059, 9.492926, -1.1841481, -0.023823043, -0.19883078, 0.01305686, -0.34317514, 9.794026, -0.36009154, 3.2250001, 67.387505, 2.7562501, 4.5838569, -74.1695326
2024-07-17 15:57:36.037, -0.84825563, 9.519247, -1.1841481, -0.023823043, -0.19883078, 0.01305686, -0.34317514, 9.794026, -0.36009154, 4.1625004, 67.481255, 2.9250002, 4.5838569, -74.1695326
2024-07-17 15:57:38.023, -0.8362915, 9.512068, -1.1817553, -0.023823043, -0.19883078, 0.01305686, -0.34317514, 9.794026, -0.36009154, 3.825, 67.14375, 2.4375, 4.5838569, -74.1695326
2024-07-17 15:57:39.724, -0.8243274, 9.490533, -1.186541, -0.023823043, -0.19883078, 0.01305686, -0.34317514, 9.794026, -0.36009154, 3.825, 67.3125, 2.25, 4.5838569, -74.1695326
2024-07-17 15:57:40.729, -0.8362915, 9.497711, -1.186541, -0.023823043, -0.19883078, 0.01305686, -0.34317514, 9.794026, -0.36009154, 3.4875002, 67.275, 1.5, 4.5838569, -74.1695326
2024-07-17 15:57:41.734, -0.8315059, 9.5048895, -1.1913266, -0.023823043, -0.19883078, 0.01305686, -0.34317514, 9.794026, -0.36009154, 3.6562502, 67.40625, 2.0625, 4.5838569, -74.1695326
2024-07-17 15:57:44.135, -0.83389866, 9.48814, -1.186541, -0.023823043, -0.19883078, 0.01305686, -0.34317514, 9.794026, -0.36009154, 3.73125, 67.762505, 2.2687502, 4.5838569, -74.1695326
2024-07-17 15:57:45.139, -0.8386843, 9.497711, -1.1913266, -0.023823043, -0.19883078, 0.01305686, -0.34317514, 9.794026, -0.36009154, 3.5625002, 67.5, 2.0625, 4.5838569, -74.1695326
2024-07-17 15:57:46.144, -0.8315059, 9.512068, -1.1913266, -0.023823043, -0.19883078, 0.01305686, -0.34317514, 9.794026, -0.36009154, 3.61875, 66.8625, 2.79375, 4.5838609, -74.1695398
2024-07-17 15:57:48.028, -0.8219346, 9.490533, -1.186541, -0.023823043, -0.19883078, 0.01305686, -0.34317514, 9.794026, -0.36009154, 4.3875003, 67.21875, 2.5500002, 4.5838621, -74.1695416
2024-07-17 15:57:49.726, -0.8243274, 9.497711, -1.1793624, -0.023823043, -0.19883078, 0.01305686, -0.34317514, 9.794026, -0.36009154, 3.6000001, 67.51875, 2.775, 4.5838628, -74.1695422
2024-07-17 15:57:50.730, -0.83389866, 9.500104, -1.1889337, -0.023823043, -0.19883078, 0.01305686, -0.34317514, 9.794026, -0.36009154, 3.7687502, 67.2375, 2.3625002, 4.5838627, -74.1695421
2024-07-17 15:57:51.734, -0.85064846, 9.492926, -1.1913266, -0.023823043, -0.19883078, 0.01305686, -0.34317514, 9.794026, -0.36009154, 4.05, 66.76875, 2.7, 4.5838627, -74.169542
2024-07-17 15:57:54.278, -0.7405786, 9.634102, -0.0038883367, -0.023823043, -0.19883078, 0.01305686, -0.34317514, 9.794026, -0.36009154, 6.2250004, 68.662506, 2.3625002, 4.5838688, -74.1695373
2024-07-17 15:57:55.282, -0.5922236, 9.763314, -0.73399836, -0.023823043, -0.19883078, 0.01305686, -0.34317514, 9.794026, -0.36009154, 1.3687501, 68.08125, 3.6375, 4.5838782, -74.169532
2024-07-17 15:57:56.286, -0.38614175, 9.150453, -0.96879405, -0.023823043, -0.19883078, 0.01305686, -0.34317514, 9.794026, -0.36009154, 3.0187502, 67.78125, 3.16875, 4.583894, -74.1695232
2024-07-17 15:57:58.030, -0.50099725, 8.894122, -1.4189439, -0.023823043, -0.19883078, 0.01305686, -0.34317514, 9.794026, -0.36009154, 3.05625, 68.606255, 3.825, 4.5839108, -74.169514
2024-07-17 15:57:59.762, -0.695115, 9.404092, -1.442872, -0.023823043, -0.19883078, 0.01305686, -0.34317514, 9.794026, -0.36009154, 3.6750002, 67.912506, 3.6562502, 4.5839371, -74.1695004
2024-07-17 15:58:00.768, -0.5201398, 9.579067, -1.7898313, -0.023823043, -0.19883078, 0.01305686, -0.34317514, 9.794026, -0.36009154, 2.5875, 68.006256, 3.9, 4.583944, -74.1694971
2024-07-17 15:58:01.774, -0.5778667, 9.528818, -0.6550352, -0.023823043, -0.19883078, 0.01305686, -0.34317514, 9.794026, -0.36009154, 2.9250002, 67.55625, 3.6000001, 4.5839498, -74.1694949
2024-07-17 15:58:05.032, -0.6831509, 9.574282, -1.6247265, -0.023823043, -0.19883078, 0.01305686, -0.34317514, 9.794026, -0.36009154, 2.325, 68.287506, 3.80625, 4.5839645, -74.1694888
2024-07-17 15:58:06.036, -1.3055838, 9.392128, -2.4912274, -0.023823043, -0.19883078, 0.01305686, -0.34317514, 9.794026, -0.36009154, 3.24375, 67.762505, 4.65, 4.5839705, -74.1694861
2024-07-17 15:58:07.047, -0.613759, 9.4280205, -1.0118649, -0.023823043, -0.19883078, 0.01305686, -0.34317514, 9.794026, -0.36009154, 2.4, 68.662506, 4.03125, 4.5839702, -74.1694863
2024-07-17 15:58:10.135, -0.6089734, 9.531211, -1.1530414, -0.023823043, -0.19883078, 0.01305686, -0.34317514, 9.794026, -0.36009154, 2.5875, 68.49375, 4.05, 4.583969, -74.1694868
2024-07-17 15:58:11.139, -0.6161518, 9.524033, -1.1458629, -0.023823043, -0.19883078, 0.01305686, -0.34317514, 9.794026, -0.36009154, 3.075, 68.193756, 4.05, 4.5839689, -74.1694868
2024-07-17 15:58:12.143, -0.59940207, 9.526425, -1.1362916, -0.023823043, -0.19883078, 0.01305686, -0.34317514, 9.794026, -0.36009154, 2.8312502, 68.49375, 3.9750001, 4.5839689, -74.1694868
2024-07-17 15:58:15.119, -0.58983076, 9.524033, -1.1410773, -0.023823043, -0.19883078, 0.01305686, -0.34317514, 9.794026, -0.36009154, 3.16875, 67.950005, 4.2375, 4.5839689, -74.1694868
2024-07-17 15:58:16.126, -0.2832504, 9.703494, 0.07986046, -0.023823043, -0.19883078, 0.01305686, -0.34317514, 9.794026, -0.36009154, 2.6437502, 68.418755, 3.8812501, 4.5839689, -74.1694868
2024-07-17 15:58:17.130, -0.45553362, 9.413663, -0.4444668, -0.023823043, -0.19883078, 0.01305686, -0.34317514, 9.794026, -0.36009154, 2.1375, 68.043755, 4.275, 4.5839713, -74.1694827
2024-07-17 15:58:20.071, -0.90329057, 9.500104, 0.043968115, -0.023823043, -0.19883078, 0.01305686, -0.34317514, 9.794026, -0.36009154, -0.88125, 68.86875, 4.8375, 4.5840347, -74.1694702
2024-07-17 15:58:21.074, -1.2672987, 9.215059, -0.075673014, -0.023823043, -0.19883078, 0.01305686, -0.34317514, 9.794026, -0.36009154, -1.7062501, 67.162506, 5.2875004, 4.5840863, -74.1694614
2024-07-17 15:58:22.081, -1.2672987, 9.215059, -0.075673014, -0.023823043, -0.19883078, 0.01305686, -0.34317514, 9.794026, -0.36009154, -1.7062501, 67.162506, 5.2875004, 4.5841411, -74.1694492
2024-07-17 15:58:24.273, -0.2545365, 9.416057, -2.105983, -0.023823043, -0.19883078, 0.01305686, -0.34317514, 9.794026, -0.36009154, 3.8812501, 66.693756, 3.0937502, 4.5842168, -74.1694155
2024-07-17 15:58:26.043, -2.562414, 11.714662, -1.942972, -0.023823043, -0.19883078, 0.01305686, -0.34317514, 9.794026, -0.36009154, 4.0875, 67.425, 2.41875, 4.58424, -74.1693971
2024-07-17 15:58:27.748, -0.8817552, 9.35145, -1.0166506, -0.023823043, -0.19883078, 0.01305686, -0.34317514, 9.794026, -0.36009154, 5.775, 66.375, -0.80625004, 4.5842905, -74.1693543
2024-07-17 15:58:28.752, -4.429713, 10.646864, -5.445765, -0.023823043, -0.19883078, 0.01305686, -0.34317514, 9.794026, -0.36009154, 5.1937504, 66.675, -0.71250004, 4.5843197, -74.1693253
2024-07-17 15:58:29.757, 1.0046864, 7.7210402, -0.06131608, -0.023823043, -0.19883078, 0.01305686, -0.34317514, 9.794026, -0.36009154, 3.7687502, 67.068756, 1.7437501, 4.5843505, -74.1692944
2024-07-17 15:58:32.841, -0.5706882, 10.179965, -1.4656038, -0.023823043, -0.19883078, 0.01305686, -0.34317514, 9.794026, -0.36009154, -18.768751, 6.3750005, -3.4875002, 4.5844822, -74.1692627
2024-07-17 15:58:35.255, -0.70229346, 9.29163, -4.1694937, -0.023823043, -0.19883078, 0.01305686, -0.34317514, 9.794026, -0.36009154, -18.768751, 6.3750005, -3.4875002, 4.5846243, -74.169301
2024-07-17 15:58:39.049, -0.42681974, 9.701101, -0.9927223, -0.023823043, -0.19883078, 0.01305686, -0.34317514, 9.794026, -0.36009154, -22.63125, 5.5875, -5.3812504, 4.5846347, -74.1693076
2024-07-17 15:58:40.768, -0.38614175, 9.179167, -1.6510476, -0.023823043, -0.19883078, 0.01305686, -0.34317514, 9.794026, -0.36009154, -23.1375, 6.7875004, -5.1937504, 4.5846409, -74.169308
2024-07-17 15:58:43.024, -0.41724846, 9.334701, 1.047159, -0.023823043, -0.19883078, 0.01305686, -0.34317514, 9.794026, -0.36009154, -23.56875, 7.14375, -5.6062503, 4.5846385, -74.1693066
2024-07-17 15:58:44.026, -1.1114662, 8.980562, -0.80817586, -0.023823043, -0.19883078, 0.01305686, -0.34317514, 9.794026, -0.36009154, -23.081251, 6.7875004, -4.51875, 4.5846584, -74.1693103
2024-07-17 15:58:45.030, -1.6911274, 9.2126665, -0.7938189, -0.023823043, -0.19883078, 0.01305686, -0.34317514, 9.794026, -0.36009154, -21.075, 7.1062503, -3.3937502, 4.5846851, -74.1693167
2024-07-17 15:58:48.072, -1.7844474, 9.296415, -1.2439687, -0.023823043, -0.19883078, 0.01305686, -0.34317514, 9.794026, -0.36009154, 16.425001, -63.843754, 23.362501, 4.5847654, -74.1693017
2024-07-17 15:58:52.005, -3.5847473, 8.867801, -1.9142581, -0.023823043, -0.19883078, 0.01305686, -0.34317514, 9.794026, -0.36009154, 22.275002, -66.7125, 7.2937503, 4.584784, -74.1692604
2024-07-17 15:58:55.032, -0.701097, 8.505288, 0.41156548, -0.023823043, -0.19883078, 0.01305686, -0.34317514, 9.794026, -0.36009154, 21.45, -68.231255, 6.6000004, 4.58485, -74.1690106
2024-07-17 15:58:58.049, -0.8219346, 9.916455, -2.184946, -0.023823043, -0.19883078, 0.01305686, -0.34317514, 9.794026, -0.36009154, 21.45, -68.231255, 6.6000004, 4.5849383, -74.1687177
2024-07-17 15:59:01.282, -0.8147561, 6.949056, -3.3352957, -0.023823043, -0.19883078, 0.01305686, -0.34317514, 9.794026, -0.36009154, 21.45, -68.231255, 6.6000004, 4.5850247, -74.168415
2024-07-17 15:59:02.288, 0.9843474, 10.987842, -1.6271194, -0.023823043, -0.19883078, 0.01305686, -0.34317514, 9.794026, -0.36009154, 21.45, -68.231255, 6.6000004, 4.5850366, -74.1683699
2024-07-17 15:59:04.016, 0.6337989, 7.9678, -2.3309083, -0.023823043, -0.19883078, 0.01305686, -0.34317514, 9.794026, -0.36009154, 20.2875, -67.59375, 11.6625, 4.5850469, -74.1683396
2024-07-17 15:59:07.135, 0.76540416, 9.667602, -0.2670988, -0.023823043, -0.19883078, 0.01305686, -0.34317514, 9.794026, -0.36009154, 15.50625, -122.006256, 27.73125, 4.585165, -74.1682855
2024-07-17 15:59:11.099, -0.14327025, 10.351051, -0.92572325, -0.023823043, -0.19883078, 0.01305686, -0.34317514, 9.794026, -0.36009154, 10.856251, -121.36875, 27.562502, 4.5853787, -74.1683444
2024-07-17 15:59:15.028, -0.43758744, 8.937491, -0.8670991, -0.023823043, -0.19883078, 0.01305686, -0.34317514, 9.794026, -0.36009154, 10.856251, -121.36875, 27.562502, 4.5855342, -74.1684009
2024-07-17 15:59:19.030, 1.1171491, 9.741779, -0.39541394, -0.023823043, -0.19883078, 0.01305686, -0.34317514, 9.794026, -0.36009154, 10.856251, -121.36875, 27.562502, 4.5858028, -74.1684826
2024-07-17 15:59:22.836, -0.27726832, 9.222238, -3.0897322, -0.023823043, -0.19883078, 0.01305686, -0.34317514, 9.794026, -0.36009154, 10.856251, -121.36875, 27.562502, 4.5860382, -74.1685548
2024-07-17 15:59:24.028, -0.6879365, 9.361021, -0.3080759, -0.023823043, -0.19883078, 0.01305686, -0.34317514, 9.794026, -0.36009154, 11.56875, -121.6125, 27.712502, 4.5860392, -74.1685545
2024-07-17 15:59:26.516, -0.369392, 9.476176, -0.590429, -0.023823043, -0.19883078, 0.01305686, -0.34317514, 9.794026, -0.36009154, 11.4375, -121.950005, 28.593752, 4.586044, -74.1685553
2024-07-17 15:59:27.521, -0.44117668, 9.777672, -0.70289165, -0.023823043, -0.19883078, 0.01305686, -0.34317514, 9.794026, -0.36009154, 11.71875, -121.68751, 28.462502, 4.5860547, -74.168558
2024-07-17 15:59:28.526, -0.48424748, 9.916455, -2.254338, -0.023823043, -0.19883078, 0.01305686, -0.34317514, 9.794026, -0.36009154, 10.762501, -121.93125, 27.525002, 4.5860682, -74.1685618
2024-07-17 15:59:31.057, -0.28085756, 9.516854, -0.51864433, -0.023823043, -0.19883078, 0.01305686, -0.34317514, 9.794026, -0.36009154, 11.08125, -122.49375, 29.7, 4.5860876, -74.1685671
2024-07-17 15:59:34.027, -0.4339982, 9.622138, -0.5952146, -0.023823043, -0.19883078, 0.01305686, -0.34317514, 9.794026, -0.36009154, 10.78125, -123.20625, 29.2875, 4.5860934, -74.1685626
2024-07-17 15:59:35.716, -0.3382853, 9.48814, -0.44685963, -0.023823043, -0.19883078, 0.01305686, -0.34317514, 9.794026, -0.36009154, 10.5, -121.9875, 29.587502, 4.5860949, -74.1685614
2024-07-17 15:59:36.722, -0.17078772, 9.7298155, -0.76271224, -0.023823043, -0.19883078, 0.01305686, -0.34317514, 9.794026, -0.36009154, 10.63125, -122.137505, 29.23125, 4.5860983, -74.1685628
2024-07-17 15:59:37.727, -0.39332023, 9.519247, -0.50189453, -0.023823043, -0.19883078, 0.01305686, -0.34317514, 9.794026, -0.36009154, 11.400001, -121.14375, 26.362501, 4.5860991, -74.1685632
2024-07-17 15:59:40.080, -0.38853458, 9.598209, -0.1689931, -0.023823043, -0.19883078, 0.01305686, -0.34317514, 9.794026, -0.36009154, 10.950001, -121.387505, 27.000002, 4.5860984, -74.168563
2024-07-17 15:59:41.083, -0.33349967, 9.500104, 0.16121642, -0.023823043, -0.19883078, 0.01305686, -0.34317514, 9.794026, -0.36009154, 11.45625, -122.418755, 26.23125, 4.5861064, -74.1685623
2024-07-17 15:59:42.089, -0.118145615, 9.52164, 1.0184451, -0.023823043, -0.19883078, 0.01305686, -0.34317514, 9.794026, -0.36009154, 11.868751, -122.043755, 27.281252, 4.5861199, -74.168564
2024-07-17 15:59:44.029, -0.73579293, 9.837492, 1.7150556, -0.023823043, -0.19883078, 0.01305686, -0.34317514, 9.794026, -0.36009154, 11.85, -122.49375, 27.50625, 4.5861443, -74.1685719
2024-07-17 15:59:48.042, -0.018843478, 8.382058, -1.2056835, -0.023823043, -0.19883078, 0.01305686, -0.34317514, 9.794026, -0.36009154, 11.793751, -122.5875, 27.487501, 4.5863429, -74.1686308
2024-07-17 15:59:51.251, -0.48424748, 9.765707, -2.1035903, -0.023823043, -0.19883078, 0.01305686, -0.34317514, 9.794026, -0.36009154, 11.868751, -123.65626, 27.018751, 4.5865378, -74.168699
2024-07-17 15:59:52.906, -0.16121642, 9.260523, -2.4553351, -0.023823043, -0.19883078, 0.01305686, -0.34317514, 9.794026, -0.36009154, 10.950001, -122.9625, 27.243752, 4.5865638, -74.1687069
2024-07-17 15:59:54.745, -0.30957142, 9.837492, 1.3223336, -0.023823043, -0.19883078, 0.01305686, -0.34317514, 9.794026, -0.36009154, 10.9125, -122.925, 27.075, 4.5865708, -74.1687091
2024-07-17 15:59:55.750, -0.4339982, 9.626924, 1.9905293, -0.023823043, -0.19883078, 0.01305686, -0.34317514, 9.794026, -0.36009154, 11.887501, -122.925, 26.2875, 4.5865722, -74.16871
2024-07-17 15:59:56.754, -0.41724846, 8.865408, 0.9849456, -0.023823043, -0.19883078, 0.01305686, -0.34317514, 9.794026, -0.36009154, 11.887501, -123.675, 27.6, 4.5865885, -74.1687152
