2024-07-17 10:02:33.357, -1.2194422, 9.456735, -1.3683954, -0.023823043, -0.19883078, 0.01305686, -0.34317514, 9.794026, -0.36009154, -14.475, 59.9625, 15.450001, 4.570454, -74.1688241
2024-07-17 10:05:10.985, -1.2194422, 9.456735, -1.3683954, -0.023823043, -0.19883078, 0.01305686, -0.34317514, 9.794026, -0.36009154, -14.475, 59.9625, 15.450001, 4.570454, -74.1688241
2024-07-17 10:11:41.665, -1.2194422, 9.456735, -1.3683954, -0.023823043, -0.19883078, 0.01305686, -0.34317514, 9.794026, -0.36009154, -14.475, 59.9625, 15.450001, 4.570454, -74.1688241
2024-07-17 10:20:46.974, -1.2194422, 9.456735, -1.3683954, -0.023823043, -0.19883078, 0.01305686, -0.34317514, 9.794026, -0.36009154, -14.475, 59.9625, 15.450001, 4.570454, -74.1688241
2024-07-17 10:20:47.978, -1.2194422, 9.456735, -1.3683954, -0.023823043, -0.19883078, 0.01305686, -0.34317514, 9.794026, -0.36009154, -14.475, 59.9625, 15.450001, 4.570454, -74.1688241
2024-07-17 10:24:09.252, -1.2194422, 9.456735, -1.3683954, -0.023823043, -0.19883078, 0.01305686, -0.34317514, 9.794026, -0.36009154, -14.475, 59.9625, 15.450001, 4.570454, -74.1688241
2024-07-17 10:30:47.140, -1.2194422, 9.456735, -1.3683954, -0.023823043, -0.19883078, 0.01305686, -0.34317514, 9.794026, -0.36009154, -14.475, 59.9625, 15.450001, 4.570454, -74.1688241
2024-07-17 10:30:48.145, -1.2194422, 9.456735, -1.3683954, -0.023823043, -0.19883078, 0.01305686, -0.34317514, 9.794026, -0.36009154, -14.475, 59.9625, 15.450001, 4.570454, -74.1688241
2024-07-17 10:39:51.029, -1.2194422, 9.456735, -1.3683954, -0.023823043, -0.19883078, 0.01305686, -0.34317514, 9.794026, -0.36009154, -14.475, 59.9625, 15.450001, 4.570454, -74.1688241
2024-07-17 10:39:52.034, -1.2792628, 9.4483595, -1.3767704, -0.023823043, -0.19883078, 0.01305686, -0.34317514, 9.794026, -0.36009154, -14.475, 59.9625, 15.450001, 4.570454, -74.1688241
2024-07-17 10:39:53.040, -1.2684951, 9.455538, -1.3695918, -0.023823043, -0.19883078, 0.01305686, -0.34317514, 9.794026, -0.36009154, -14.475, 59.9625, 15.450001, 4.5704517, -74.1688221
2024-07-17 10:39:54.043, -1.2840484, 9.449555, -1.3755739, -0.023823043, -0.19883078, 0.01305686, -0.34317514, 9.794026, -0.36009154, -14.475, 59.9625, 15.450001, 4.5704065, -74.1688108
2024-07-17 10:39:55.047, -1.2912269, 9.454341, -1.3707882, -0.023823043, -0.19883078, 0.01305686, -0.34317514, 9.794026, -0.36009154, -16.40625, 60.24375, 15.900001, 4.5703889, -74.1688229
2024-07-17 10:39:56.050, -1.2720844, 9.442377, -1.3707882, -0.023823043, -0.19883078, 0.01305686, -0.34317514, 9.794026, -0.36009154, -16.143751, 60.881252, 16.125, 4.5703902, -74.1688283
2024-07-17 10:39:57.053, -1.2816557, 9.439984, -1.3707882, -0.023823043, -0.19883078, 0.01305686, -0.34317514, 9.794026, -0.36009154, -16.143751, 61.050003, 16.44375, 4.5703846, -74.1688272
2024-07-17 10:39:58.057, -1.3079767, 9.442377, -1.3707882, -0.023823043, -0.19883078, 0.01305686, -0.34317514, 9.794026, -0.36009154, -16.0125, 60.35625, 16.612501, 4.5703821, -74.1688253
2024-07-17 10:39:59.062, -1.2816557, 9.44477, -1.3779668, -0.023823043, -0.19883078, 0.01305686, -0.34317514, 9.794026, -0.36009154, -16.2, 60.24375, 16.368752, 4.5703776, -74.1688232
2024-07-17 10:40:00.066, -1.2792628, 9.437592, -1.3995022, -0.023823043, -0.19883078, 0.01305686, -0.34317514, 9.794026, -0.36009154, -16.35, 60.6375, 16.462502, 4.5703759, -74.1688235
2024-07-17 10:40:01.069, -1.2672987, 9.451948, -1.3803595, -0.023823043, -0.19883078, 0.01305686, -0.34317514, 9.794026, -0.36009154, -16.29375, 60.393753, 15.806251, 4.5703751, -74.1688205
2024-07-17 10:40:02.071, -1.2792628, 9.442377, -1.3827524, -0.023823043, -0.19883078, 0.01305686, -0.34317514, 9.794026, -0.36009154, -16.0125, 60.187504, 16.462502, 4.570378, -74.1688166
2024-07-17 10:40:03.077, -1.2864413, 9.454341, -1.3803595, -0.023823043, -0.19883078, 0.01305686, -0.34317514, 9.794026, -0.36009154, -15.750001, 60.7125, 16.44375, 4.570384, -74.1688117
2024-07-17 10:40:04.081, -1.2744771, 9.447163, -1.3779668, -0.023823043, -0.19883078, 0.01305686, -0.34317514, 9.794026, -0.36009154, -16.462502, 59.756252, 16.25625, 4.5703858, -74.1688114
2024-07-17 10:40:05.086, -1.2840484, 9.447163, -1.3707882, -0.023823043, -0.19883078, 0.01305686, -0.34317514, 9.794026, -0.36009154, -16.63125, 60.45, 16.237501, 4.5703857, -74.1688128
2024-07-17 10:40:06.090, -1.27687, 9.447163, -1.3683954, -0.023823043, -0.19883078, 0.01305686, -0.34317514, 9.794026, -0.36009154, -16.575, 60.075, 16.40625, 4.5703851, -74.1688139
2024-07-17 10:40:07.093, -1.262513, 9.459426, -1.3755739, -0.023823043, -0.19883078, 0.01305686, -0.34317514, 9.794026, -0.36009154, -16.25625, 60.54375, 16.40625, 4.570385, -74.1688144
2024-07-17 10:40:08.097, -1.2816557, 9.44477, -1.3636098, -0.023823043, -0.19883078, 0.01305686, -0.34317514, 9.794026, -0.36009154, -16.5, 60.9, 15.937501, 4.5703849, -74.168816
2024-07-17 10:40:09.101, -1.27687, 9.449555, -1.3707882, -0.023823043, -0.19883078, 0.01305686, -0.34317514, 9.794026, -0.36009154, -16.5, 60.843754, 15.562501, 4.5703842, -74.1688179
2024-07-17 10:40:10.105, -1.2744771, 9.44477, -1.3636098, -0.023823043, -0.19883078, 0.01305686, -0.34317514, 9.794026, -0.36009154, -16.331251, 60.506252, 16.575, 4.5703838, -74.1688196
2024-07-17 10:40:11.109, -1.27687, 9.447163, -1.3923237, -0.023823043, -0.19883078, 0.01305686, -0.34317514, 9.794026, -0.36009154, -16.78125, 60.525, 16.181252, 4.5703841, -74.1688203
2024-07-17 10:40:12.113, -1.2696915, 9.439984, -1.3755739, -0.023823043, -0.19883078, 0.01305686, -0.34317514, 9.794026, -0.36009154, -16.518751, 60.375004, 16.5375, 4.5703843, -74.1688214
2024-07-17 10:40:13.117, -1.262513, 9.468997, -1.3588241, -0.023823043, -0.19883078, 0.01305686, -0.34317514, 9.794026, -0.36009154, -16.5, 60.656254, 16.275002, 4.5703845, -74.1688219
2024-07-17 10:40:14.121, -1.2840484, 9.442377, -1.3971093, -0.023823043, -0.19883078, 0.01305686, -0.34317514, 9.794026, -0.36009154, -16.125, 60.581253, 16.25625, 4.5703849, -74.168822
2024-07-17 10:40:15.124, -1.2888341, 9.439984, -1.3779668, -0.023823043, -0.19883078, 0.01305686, -0.34317514, 9.794026, -0.36009154, -15.637501, 60.61875, 16.368752, 4.5703854, -74.168822
2024-07-17 10:40:16.128, -1.2720844, 9.461819, -1.3899308, -0.023823043, -0.19883078, 0.01305686, -0.34317514, 9.794026, -0.36009154, -16.237501, 60.45, 16.275002, 4.5703855, -74.1688221
2024-07-17 10:40:17.132, -1.27687, 9.456735, -1.3875381, -0.023823043, -0.19883078, 0.01305686, -0.34317514, 9.794026, -0.36009154, -15.750001, 60.693752, 16.181252, 4.5703856, -74.1688221
2024-07-17 10:40:18.136, -1.2888341, 9.435199, -1.3971093, -0.023823043, -0.19883078, 0.01305686, -0.34317514, 9.794026, -0.36009154, -16.03125, 60.562504, 16.650002, 4.5703858, -74.1688221
2024-07-17 10:40:19.139, -1.2888341, 9.461819, -1.3851452, -0.023823043, -0.19883078, 0.01305686, -0.34317514, 9.794026, -0.36009154, -16.125, 60.693752, 17.75625, 4.5703869, -74.1688222
2024-07-17 10:40:20.144, -1.2864413, 9.435199, -1.3827524, -0.023823043, -0.19883078, 0.01305686, -0.34317514, 9.794026, -0.36009154, -17.212502, 60.9, 17.2875, 4.5703877, -74.1688223
2024-07-17 10:40:21.149, -1.2864413, 9.466604, -1.3731811, -0.023823043, -0.19883078, 0.01305686, -0.34317514, 9.794026, -0.36009154, -17.15625, 60.73125, 15.69375, 4.5703878, -74.1688222
2024-07-17 10:41:22.459, -1.2792628, 9.44477, -1.3731811, -0.023823043, -0.19883078, 0.01305686, -0.34317514, 9.794026, -0.36009154, -16.21875, 60.000004, 15.8625, 4.5703878, -74.1688222
2024-07-17 10:51:03.944, -1.2792628, 9.44477, -1.3731811, -0.023823043, -0.19883078, 0.01305686, -0.34317514, 9.794026, -0.36009154, -16.21875, 60.000004, 15.8625, 4.5703878, -74.1688222
2024-07-17 10:51:04.951, -1.2792628, 9.44477, -1.3731811, -0.023823043, -0.19883078, 0.01305686, -0.34317514, 9.794026, -0.36009154, -16.21875, 60.000004, 15.8625, 4.5703878, -74.1688222
2024-07-17 10:55:11.949, -1.2792628, 9.44477, -1.3731811, -0.023823043, -0.19883078, 0.01305686, -0.34317514, 9.794026, -0.36009154, -16.21875, 60.000004, 15.8625, 4.5703878, -74.1688222
2024-07-17 10:58:31.678, -1.2792628, 9.44477, -1.3731811, -0.023823043, -0.19883078, 0.01305686, -0.34317514, 9.794026, -0.36009154, -16.21875, 60.000004, 15.8625, 4.5703878, -74.1688222
