2024-07-17 12:00:56.947, -1.2792628, 9.44477, -1.3731811, -0.023823043, -0.19883078, 0.01305686, -0.34317514, 9.794026, -0.36009154, -16.21875, 60.000004, 15.8625, 4.5703878, -74.1688222
2024-07-17 12:01:49.693, -1.2792628, 9.44477, -1.3731811, -0.023823043, -0.19883078, 0.01305686, -0.34317514, 9.794026, -0.36009154, -16.21875, 60.000004, 15.8625, 4.5703878, -74.1688222
2024-07-17 12:05:10.991, -1.2792628, 9.44477, -1.3731811, -0.023823043, -0.19883078, 0.01305686, -0.34317514, 9.794026, -0.36009154, -16.21875, 60.000004, 15.8625, 4.5703878, -74.1688222
2024-07-17 12:15:58.048, -1.2792628, 9.44477, -1.3731811, -0.023823043, -0.19883078, 0.01305686, -0.34317514, 9.794026, -0.36009154, -16.21875, 60.000004, 15.8625, 4.5703878, -74.1688222
2024-07-17 12:15:59.060, -1.2792628, 9.44477, -1.3731811, -0.023823043, -0.19883078, 0.01305686, -0.34317514, 9.794026, -0.36009154, -16.21875, 60.000004, 15.8625, 4.5703878, -74.1688222
2024-07-17 12:24:09.568, -1.2792628, 9.44477, -1.3731811, -0.023823043, -0.19883078, 0.01305686, -0.34317514, 9.794026, -0.36009154, -16.21875, 60.000004, 15.8625, 4.5703878, -74.1688222
2024-07-17 12:26:41.334, -1.2792628, 9.44477, -1.3731811, -0.023823043, -0.19883078, 0.01305686, -0.34317514, 9.794026, -0.36009154, -16.21875, 60.000004, 15.8625, 4.5703878, -74.1688222
2024-07-17 12:33:13.768, -1.2792628, 9.44477, -1.3731811, -0.023823043, -0.19883078, 0.01305686, -0.34317514, 9.794026, -0.36009154, -16.21875, 60.000004, 15.8625, 4.5703878, -74.1688222
2024-07-17 12:36:09.315, -1.2792628, 9.44477, -1.3731811, -0.023823043, -0.19883078, 0.01305686, -0.34317514, 9.794026, -0.36009154, -16.21875, 60.000004, 15.8625, 4.5703878, -74.1688222
2024-07-17 12:40:21.883, -1.2792628, 9.44477, -1.3731811, -0.023823043, -0.19883078, 0.01305686, -0.34317514, 9.794026, -0.36009154, -16.21875, 60.000004, 15.8625, 4.5703878, -74.1688222
2024-07-17 12:40:22.886, -1.2756736, 9.434002, -1.3899308, -0.023823043, -0.19883078, 0.01305686, -0.34317514, 9.794026, -0.36009154, -16.21875, 60.000004, 15.8625, 4.5703878, -74.1688222
2024-07-17 12:40:23.890, -1.2924234, 9.449555, -1.3743775, -0.023823043, -0.19883078, 0.01305686, -0.34317514, 9.794026, -0.36009154, -16.21875, 60.000004, 15.8625, 4.5703878, -74.1688222
2024-07-17 12:40:24.894, -1.2756736, 9.44477, -1.3767704, -0.023823043, -0.19883078, 0.01305686, -0.34317514, 9.794026, -0.36009154, -16.21875, 60.000004, 15.8625, 4.5703878, -74.1688222
2024-07-17 12:40:25.902, -1.282852, 9.445967, -1.3827524, -0.023823043, -0.19883078, 0.01305686, -0.34317514, 9.794026, -0.36009154, -16.21875, 60.000004, 15.8625, 4.5703878, -74.1688222
2024-07-17 12:40:26.906, -1.2840484, 9.456735, -1.3755739, -0.023823043, -0.19883078, 0.01305686, -0.34317514, 9.794026, -0.36009154, -15.3, 60.131252, 15.975, 4.5707232, -74.1684428
2024-07-17 12:40:27.910, -1.2888341, 9.442377, -1.3779668, -0.023823043, -0.19883078, 0.01305686, -0.34317514, 9.794026, -0.36009154, -15.01875, 59.925003, 16.050001, 4.5707027, -74.1683944
2024-07-17 12:40:28.915, -1.2936198, 9.432806, -1.3827524, -0.023823043, -0.19883078, 0.01305686, -0.34317514, 9.794026, -0.36009154, -15.000001, 59.775, 16.03125, 4.5706749, -74.1684202
2024-07-17 12:40:29.918, -1.2816557, 9.439984, -1.3851452, -0.023823043, -0.19883078, 0.01305686, -0.34317514, 9.794026, -0.36009154, -15.093751, 60.3375, 15.843751, 4.5706478, -74.1684596
2024-07-17 12:40:30.922, -1.27687, 9.442377, -1.3636098, -0.023823043, -0.19883078, 0.01305686, -0.34317514, 9.794026, -0.36009154, -14.887501, 59.906254, 16.237501, 4.5706426, -74.168481
2024-07-17 12:40:31.926, -1.2720844, 9.442377, -1.3755739, -0.023823043, -0.19883078, 0.01305686, -0.34317514, 9.794026, -0.36009154, -15.225, 60.15, 16.612501, 4.5706406, -74.1684858
2024-07-17 12:40:32.930, -1.2984054, 9.447163, -1.3588241, -0.023823043, -0.19883078, 0.01305686, -0.34317514, 9.794026, -0.36009154, -15.88125, 59.8875, 16.1625, 4.5706384, -74.168482
2024-07-17 12:40:33.934, -1.2840484, 9.439984, -1.3779668, -0.023823043, -0.19883078, 0.01305686, -0.34317514, 9.794026, -0.36009154, -14.55, 60.581253, 16.575, 4.5706357, -74.1684848
2024-07-17 12:40:34.937, -1.2720844, 9.454341, -1.3707882, -0.023823043, -0.19883078, 0.01305686, -0.34317514, 9.794026, -0.36009154, -14.75625, 59.850002, 17.1375, 4.5706455, -74.168477
2024-07-17 12:40:35.941, -1.27687, 9.439984, -1.3755739, -0.023823043, -0.19883078, 0.01305686, -0.34317514, 9.794026, -0.36009154, -14.887501, 60.075, 17.118752, 4.5706227, -74.1685286
2024-07-17 12:40:36.946, -1.2672987, 9.442377, -1.3660027, -0.023823043, -0.19883078, 0.01305686, -0.34317514, 9.794026, -0.36009154, -15.4125, 60.112503, 17.71875, 4.5706172, -74.1685454
2024-07-17 12:40:37.950, -1.2960125, 9.449555, -1.3731811, -0.023823043, -0.19883078, 0.01305686, -0.34317514, 9.794026, -0.36009154, -15.88125, 60.412502, 16.837502, 4.5706108, -74.1685589
2024-07-17 12:40:38.956, -1.2720844, 9.451948, -1.3755739, -0.023823043, -0.19883078, 0.01305686, -0.34317514, 9.794026, -0.36009154, -16.5, 60.975002, 16.29375, 4.5704832, -74.1687527
2024-07-17 12:40:39.962, -1.2553346, 9.44477, -1.3588241, -0.023823043, -0.19883078, 0.01305686, -0.34317514, 9.794026, -0.36009154, -16.21875, 60.750004, 14.306251, 4.5704545, -74.1687947
2024-07-17 12:40:40.967, -1.2601203, 9.435199, -1.3660027, -0.023823043, -0.19883078, 0.01305686, -0.34317514, 9.794026, -0.36009154, -14.718751, 60.7125, 14.85, 4.5704499, -74.168803
2024-07-17 12:40:41.969, -1.2744771, 9.447163, -1.3755739, -0.023823043, -0.19883078, 0.01305686, -0.34317514, 9.794026, -0.36009154, -15.20625, 59.812504, 14.962501, 4.5704424, -74.1688157
2024-07-17 12:40:42.974, -1.2888341, 9.439984, -1.3683954, -0.023823043, -0.19883078, 0.01305686, -0.34317514, 9.794026, -0.36009154, -14.625001, 59.718754, 15.13125, 4.5704377, -74.1688187
2024-07-17 12:40:43.977, -1.2696915, 9.442377, -1.3683954, -0.023823043, -0.19883078, 0.01305686, -0.34317514, 9.794026, -0.36009154, -14.925, 59.906254, 15.656251, 4.5704391, -74.1688185
2024-07-17 12:40:44.979, -1.2840484, 9.44477, -1.3707882, -0.023823043, -0.19883078, 0.01305686, -0.34317514, 9.794026, -0.36009154, -15.056251, 59.831253, 15.69375, 4.5704372, -74.1688273
2024-07-17 12:40:45.981, -1.2672987, 9.447163, -1.3683954, -0.023823043, -0.19883078, 0.01305686, -0.34317514, 9.794026, -0.36009154, -14.75625, 59.812504, 15.825001, 4.5704372, -74.1688273
2024-07-17 12:40:46.984, -1.2936198, 9.435199, -1.3803595, -0.023823043, -0.19883078, 0.01305686, -0.34317514, 9.794026, -0.36009154, -14.2875, 59.9625, 15.6, 4.570434, -74.1688359
2024-07-17 12:40:47.987, -1.2840484, 9.461819, -1.3731811, -0.023823043, -0.19883078, 0.01305686, -0.34317514, 9.794026, -0.36009154, -15.168751, 59.662502, 15.750001, 4.5704331, -74.1688379
2024-07-17 12:40:48.991, -1.2792628, 9.447163, -1.3731811, -0.023823043, -0.19883078, 0.01305686, -0.34317514, 9.794026, -0.36009154, -14.493751, 59.41875, 15.806251, 4.5704326, -74.1688397
2024-07-17 12:40:49.995, -1.2960125, 9.430413, -1.3803595, -0.023823043, -0.19883078, 0.01305686, -0.34317514, 9.794026, -0.36009154, -14.64375, 60.206253, 15.356251, 4.5704315, -74.1688411
2024-07-17 12:40:50.998, -1.2720844, 9.44477, -1.3803595, -0.023823043, -0.19883078, 0.01305686, -0.34317514, 9.794026, -0.36009154, -14.906251, 59.79375, 15.637501, 4.5704307, -74.168843
2024-07-17 12:40:52.002, -1.2720844, 9.442377, -1.3875381, -0.023823043, -0.19883078, 0.01305686, -0.34317514, 9.794026, -0.36009154, -14.512501, 59.850002, 16.087502, 4.5704301, -74.1688441
2024-07-17 12:45:10.900, -1.2888341, 9.435199, -1.3827524, -0.023823043, -0.19883078, 0.01305686, -0.34317514, 9.794026, -0.36009154, -15.543751, 59.8875, 16.368752, 4.5704301, -74.1688441
2024-07-17 12:45:22.550, -1.2888341, 9.435199, -1.3827524, -0.023823043, -0.19883078, 0.01305686, -0.34317514, 9.794026, -0.36009154, -15.543751, 59.8875, 16.368752, 4.5704301, -74.1688441
2024-07-17 12:50:22.155, -1.2888341, 9.435199, -1.3827524, -0.023823043, -0.19883078, 0.01305686, -0.34317514, 9.794026, -0.36009154, -15.543751, 59.8875, 16.368752, 4.5704301, -74.1688441
2024-07-17 12:55:48.905, -1.2888341, 9.435199, -1.3827524, -0.023823043, -0.19883078, 0.01305686, -0.34317514, 9.794026, -0.36009154, -15.543751, 59.8875, 16.368752, 4.5704301, -74.1688441
2024-07-17 12:55:49.910, -1.2888341, 9.435199, -1.3827524, -0.023823043, -0.19883078, 0.01305686, -0.34317514, 9.794026, -0.36009154, -15.543751, 59.8875, 16.368752, 4.5704301, -74.1688441
