2024-07-23 19:00:00.784, 0.7366903, 9.532108, -0.44027936, 0.009086353, 0.08773294, -0.018630842, 1.2156204, 9.727319, -0.2681798, 6.39375, -15.168751, 46.912502, 4.5540806, -74.1107501
2024-07-23 19:00:01.788, 0.5835496, 9.876974, -0.88325065, -5.344914E-4, 0.036116343, -0.00671932, 0.6477913, 9.761336, -0.68341273, 5.8500004, -14.56875, 45.84375, 4.554087, -74.1107572
2024-07-23 19:00:02.795, 0.9281161, 9.615857, -0.13160525, 0.009086353, 3.8177954E-4, -0.003970507, 0.6625006, 9.774913, -0.42726037, 5.7000003, -14.981251, 45.600002, 4.5540894, -74.1107621
2024-07-23 19:00:03.800, 0.6409774, 9.833903, 0.03619144, 6.8720314E-4, 3.8177954E-4, -0.0045813546, 0.7276517, 9.779198, -0.09058672, 6.24375, -14.55, 45.300003, 4.554089, -74.1107622
2024-07-23 19:00:04.805, 0.75583285, 9.778868, -0.083748795, 6.8720314E-4, -8.39915E-4, -3.0542363E-4, 0.7187598, 9.780269, -0.011162753, 6.2812505, -15.225, 45.05625, 4.5540889, -74.1107622
2024-07-23 19:00:05.810, 0.71276206, 9.762118, -0.0212363, 6.8720314E-4, -5.344914E-4, 3.0542363E-4, 0.72476286, 9.779832, -8.836982E-4, 6.6000004, -15.750001, 45.24375, 4.5540888, -74.1107621
2024-07-23 19:00:06.816, 0.6936195, 9.766904, 0.045762733, -6.1084726E-4, 7.635591E-5, 1.5271181E-4, 0.7251125, 9.779805, 0.0022513578, 5.7000003, -15.093751, 45.28125, 4.5540886, -74.1107619
2024-07-23 19:00:07.819, 0.7151549, 9.786046, 0.06011967, 5.344914E-4, -1.5271181E-4, -7.635591E-5, 0.7248285, 9.779826, 0.0022377763, 6.20625, -15.1125, 44.756252, 4.5540884, -74.1107617
2024-07-23 19:00:08.823, 0.6936195, 9.798011, 0.03379862, -1.5271181E-4, 1.5271181E-4, -1.5271181E-4, 0.7256943, 9.779762, 0.00115081, 6.3187504, -15.39375, 45.16875, 4.5540883, -74.1107616
2024-07-23 19:00:09.827, 0.68165535, 9.7908325, 0.07447661, 3.0542363E-4, 7.635591E-5, -3.0542363E-4, 0.7241233, 9.779879, 0.0043372316, 5.775, -14.64375, 45.581253, 4.5540883, -74.1107615
2024-07-23 19:00:10.832, 0.8060821, 9.843474, 0.4645067, -0.0018325418, 0.0080173705, 0.001603474, 0.73132455, 9.778622, 0.118803665, 5.6062503, -15.20625, 46.050003, 4.5540883, -74.1107615
2024-07-23 19:00:11.837, 0.4229314, 9.742975, 1.0271192, -0.002443389, 0.01137703, -0.013667707, 0.5682535, 9.759461, 0.774861, 5.25, -14.700001, 45.525, 4.5540883, -74.1107615
2024-07-23 19:00:12.842, 0.5667999, 10.0372925, -0.11006984, 0.021226943, -0.04756973, 0.0122933015, 0.34548235, 9.777438, 0.6728569, 5.64375, -15.8625, 46.125, 4.5540914, -74.1107658
2024-07-23 19:00:13.846, 0.7749754, 9.83151, 0.07926225, 0.009086353, -0.064978875, 0.0104607595, 0.57152003, 9.7886915, 0.15898845, 6.05625, -15.543751, 46.3875, 4.5540996, -74.1107753
2024-07-23 19:00:14.851, 0.9065807, 9.613464, 0.20847467, 0.00503949, -0.038712446, 0.0077119465, 0.75646096, 9.773534, 0.27605635, 7.4625, -15.6, 48.318752, 4.5541114, -74.1107868
2024-07-23 19:00:15.855, 1.1078769, 9.979865, -0.07178468, 0.002519745, 0.057190575, 0.005879405, 1.2134295, 9.731097, 0.06102557, 6.9750004, -15.000001, 48.3375, 4.5541258, -74.1108013
2024-07-23 19:00:16.859, 1.6247265, 10.022936, -1.4075779, -0.0086282175, 0.09994988, -0.011835165, 1.3996364, 9.6823635, -0.6806186, 5.9625, -14.3625, 47.30625, 4.5541413, -74.1108172
2024-07-23 19:00:17.865, 0.42053857, 9.639785, -0.72293156, -8.39915E-4, 0.066353284, 0.013820419, 0.84615946, 9.729137, -0.89346075, 4.96875, -14.418751, 45.5625, 4.554154, -74.1108327
2024-07-23 19:00:18.870, 0.59790653, 9.819546, -0.89760756, 0.0022143214, 0.011682454, 0.008322794, 0.6676425, 9.734045, -0.9864047, 4.8562503, -14.887501, 44.737503, 4.5541602, -74.1108446
2024-07-23 19:00:19.875, 0.8635099, 9.7812605, -0.3924229, 0.0069483877, -0.0011453386, 0.002519745, 0.76244897, 9.771022, -0.34085172, 4.2562504, -14.437501, 44.268753, 4.5541629, -74.1108502
2024-07-23 19:00:20.879, 0.7510472, 9.798011, -0.04755735, 3.8177954E-4, -2.2906772E-4, 6.8720314E-4, 0.7835813, 9.774219, -0.14502025, 3.80625, -14.025001, 44.456253, 4.5541627, -74.110851
2024-07-23 19:00:21.882, 0.7223333, 9.795618, -0.033200413, -2.2906772E-4, 7.635591E-5, 7.635591E-5, 0.78687185, 9.77448, -0.10376533, 5.55, -14.231251, 43.893753, 4.5541625, -74.1108508
2024-07-23 19:00:22.887, 0.8635099, 9.719048, -0.1794617, 3.8177954E-4, 3.8177954E-4, 0.001603474, 0.7939518, 9.774007, -0.0938978, 5.53125, -13.387501, 44.287502, 4.5541624, -74.1108507
2024-07-23 19:00:23.891, 0.74386877, 9.7043915, -0.13878371, -0.0018325418, 6.8720314E-4, -0.0017561859, 0.81011224, 9.772601, -0.101840414, 5.71875, -14.250001, 43.48125, 4.5541623, -74.1108506
2024-07-23 19:00:24.896, 0.74386877, 9.747761, -0.026021946, 7.635591E-5, -0.0011453386, 0.0022143214, 0.78398025, 9.774843, -0.09049139, 5.4375, -14.606251, 44.025, 4.5541623, -74.1108506
2024-07-23 19:00:25.901, 0.8635099, 9.7908325, -0.14117654, -2.2906772E-4, 3.8177954E-4, 0.001603474, 0.79965585, 9.773512, -0.097028404, 6.24375, -13.875001, 44.193752, 4.5541623, -74.1108506
2024-07-23 19:00:26.905, 0.7606185, 9.795618, -0.023629123, -0.0015271181, -2.2906772E-4, 0.0019088977, 0.7996945, 9.7735405, -0.0936434, 5.2875004, -13.89375, 44.11875, 4.5541623, -74.1108506
2024-07-23 19:00:27.910, 0.8252247, 9.7908325, -0.06699903, 3.8177954E-4, -5.344914E-4, 7.635591E-5, 0.8110309, 9.77258, -0.096339636, 5.15625, -14.250001, 44.456253, 4.5541623, -74.1108506
2024-07-23 19:00:28.915, 0.83718884, 9.778868, -0.13399807, -0.0, 3.0542363E-4, 1.5271181E-4, 0.81343, 9.772398, -0.09459297, 5.68125, -13.781251, 43.55625, 4.5541623, -74.1108506
2024-07-23 19:00:29.919, 0.8276175, 9.774082, -0.16031912, 1.5271181E-4, 3.8177954E-4, 6.1084726E-4, 0.81034803, 9.772653, -0.094873145, 5.83125, -15.20625, 43.95, 4.5541623, -74.1108506
2024-07-23 19:00:30.924, 0.834796, 9.793225, -0.08135597, -0.0010689828, -0.0, 9.162709E-4, 0.8100661, 9.772672, -0.095163085, 5.9812503, -14.83125, 43.74375, 4.5541623, -74.1108506
2024-07-23 19:00:31.930, 0.84436727, 9.795618, -0.19381863, 6.8720314E-4, -3.0542363E-4, -7.635591E-4, 0.80892503, 9.772784, -0.09339686, 5.4375, -14.418751, 43.6875, 4.5541623, -74.1108506
2024-07-23 19:00:32.935, 0.74865437, 9.764511, -0.09332009, 0.002443389, -8.39915E-4, 2.2906772E-4, 0.80464715, 9.7731085, -0.09629117, 5.7000003, -14.512501, 44.1375, 4.5541623, -74.1108506
2024-07-23 19:00:33.939, 0.76301134, 9.824331, 0.009870393, 0.0014507623, -0.0011453386, 0.0011453386, 0.79984474, 9.773498, -0.0968444, 5.925, -14.606251, 43.706253, 4.5541623, -74.1108506
2024-07-23 19:00:34.943, 0.83718884, 9.786046, -0.1052842, -7.635591E-5, 7.635591E-5, 0.0017561859, 0.8003606, 9.773458, -0.09660154, 5.3812504, -15.0375, 43.237503, 4.5541623, -74.1108506
2024-07-23 19:00:35.948, 0.77018976, 9.786046, -0.06430711, 8.39915E-4, -2.2906772E-4, 0.0014507623, 0.7972274, 9.773723, -0.09574255, 5.4187503, -14.343751, 43.8375, 4.5541623, -74.1108506
2024-07-23 19:00:36.955, 0.7797611, 9.807582, -0.016450657, 5.344914E-4, -2.2906772E-4, -3.8177954E-4, 0.80010676, 9.773488, -0.09564315, 4.89375, -15.093751, 43.55625, 4.5541623, -74.1108506
2024-07-23 19:00:37.961, 0.8252247, 9.802796, -0.033200413, -0.004428643, 9.162709E-4, 4.5813544E-4, 0.7978727, 9.773662, -0.096587375, 5.68125, -14.343751, 44.25, 4.5541623, -74.1108506
2024-07-23 19:00:38.963, 0.85154575, 9.7812605, -0.15314065, 7.635591E-4, -4.5813544E-4, 0.0, 0.7970841, 9.773779, -0.09106169, 5.55, -14.531251, 44.081253, 4.5541623, -74.1108506
2024-07-23 19:00:39.966, 0.8324032, 9.867402, -0.05712864, -0.0015271181, 7.635591E-4, 0.0013744063, 0.79167104, 9.774226, -0.09024576, 4.9125004, -15.056251, 44.381252, 4.5541623, -74.1108506
2024-07-23 19:00:40.972, 0.8132606, 9.7812605, -0.124426775, 7.635591E-5, 7.635591E-4, -0.0025961008, 0.7903852, 9.774347, -0.08832301, 4.9125004, -14.325001, 43.518753, 4.5541623, -74.1108506
2024-07-23 19:00:41.974, 0.794118, 9.783653, -0.1363909, 0.0012980504, -4.5813544E-4, -1.5271181E-4, 0.7750566, 9.77553, -0.093164995, 5.7562504, -14.718751, 43.443752, 4.5541623, -74.1108506
2024-07-23 19:00:42.977, 0.81565344, 9.7908325, -0.061914288, 7.635591E-5, 1.5271181E-4, -4.5813544E-4, 0.7760706, 9.775445, -0.09367586, 5.6625004, -14.6625, 43.893753, 4.5541623, -74.1108506
2024-07-23 19:00:43.983, 0.8012965, 9.771689, -0.17467605, 7.635591E-5, -1.5271181E-4, -0.00167983, 0.7748064, 9.775533, -0.09497813, 5.2312503, -14.700001, 43.65, 4.5541623, -74.1108506
2024-07-23 19:00:44.986, 0.7965108, 9.788439, -0.06699903, -3.8177954E-4, 7.635591E-5, 7.635591E-4, 0.7771874, 9.77536, -0.09339728, 5.9625, -14.325001, 43.875, 4.5541623, -74.1108506
2024-07-23 19:00:45.990, 0.794118, 9.795618, -0.1268196, -6.8720314E-4, 7.635591E-5, -8.39915E-4, 0.7802697, 9.775117, -0.093135685, 4.6875, -14.231251, 43.95, 4.5541623, -74.1108506
2024-07-23 19:00:46.995, 0.7965108, 9.7812605, -0.18185452, 1.5271181E-4, -5.344914E-4, -3.0542363E-4, 0.7797096, 9.775185, -0.090587944, 5.68125, -14.85, 43.40625, 4.5541623, -74.1108506
2024-07-23 19:00:47.999, 0.7582257, 9.7908325, -0.054735817, -8.39915E-4, 4.5813544E-4, 5.344914E-4, 0.7793388, 9.775197, -0.092454836, 5.025, -14.606251, 43.66875, 4.5541623, -74.1108506
2024-07-23 19:00:49.003, 0.8036893, 9.805189, -0.15553348, 0.0013744063, -8.39915E-4, 7.635591E-5, 0.7807027, 9.775083, -0.093049, 5.9437504, -14.56875, 43.612503, 4.5541623, -74.1108506
2024-07-23 19:00:50.007, 0.81565344, 9.807582, -0.04516453, -0.0038177953, -2.2906772E-4, 9.926268E-4, 0.78461856, 9.774761, -0.09388262, 5.49375, -14.1, 43.818752, 4.5541623, -74.1108506
2024-07-23 19:00:51.011, 0.8108678, 9.778868, -0.09810573, -3.8177954E-4, -5.344914E-4, -7.635591E-5, 0.7840186, 9.77484, -0.09055899, 5.55, -14.38125, 43.6875, 4.5541623, -74.1108506
2024-07-23 19:00:52.016, 0.8132606, 9.805189, -0.14117654, -6.8720314E-4, -2.2906772E-4, -6.8720314E-4, 0.77788544, 9.775312, -0.09251609, 5.49375, -13.762501, 43.6875, 4.5541623, -74.1108506
2024-07-23 19:00:53.021, 0.76301134, 9.786046, -0.06430711, -3.8177954E-4, -2.2906772E-4, 5.344914E-4, 0.7789874, 9.775236, -0.09119065, 5.2312503, -14.45625, 43.912502, 4.5541623, -74.1108506
2024-07-23 19:00:54.024, 0.7582257, 9.802796, -0.04995017, -0.0013744063, 6.8720314E-4, 0.0019852535, 0.7744466, 9.775569, -0.09417563, 4.96875, -14.3625, 43.4625, 4.5541623, -74.1108506
2024-07-23 19:00:55.028, 0.7821539, 9.795618, -0.15553348, -9.926268E-4, 1.5271181E-4, 9.162709E-4, 0.775943, 9.775498, -0.08911061, 4.36875, -14.718751, 44.475002, 4.5541623, -74.1108506
2024-07-23 19:00:56.032, 0.76540416, 9.7812605, -0.026021946, 3.0542363E-4, 3.8177954E-4, -3.0542363E-4, 0.77502805, 9.775565, -0.08970645, 5.6062503, -14.175, 43.59375, 4.5541623, -74.1108506
2024-07-23 19:00:57.036, 0.8132606, 9.776475, -0.14117654, -1.5271181E-4, 4.5813544E-4, 3.0542363E-4, 0.7716693, 9.775819, -0.090923265, 4.6312504, -14.400001, 43.96875, 4.5541623, -74.1108506
2024-07-23 19:00:58.042, 0.7151549, 9.802796, -0.069391854, -5.344914E-4, 1.5271181E-4, 7.635591E-4, 0.7716559, 9.775837, -0.089203805, 4.1625004, -14.906251, 44.0625, 4.5541623, -74.1108506
2024-07-23 19:00:59.045, 0.77018976, 9.766904, -0.061914288, 3.0542363E-4, 3.8177954E-4, 1.5271181E-4, 0.777431, 9.775378, -0.08932086, 5.0062504, -14.08125, 43.85625, 4.5541623, -74.1108506
2024-07-23 19:01:00.049, 0.75583285, 9.807582, -0.023629123, -3.0542363E-4, -2.2906772E-4, 2.2906772E-4, 0.77790415, 9.77536, -0.087102875, 5.55, -13.781251, 43.93125, 4.5541623, -74.1108506
2024-07-23 19:01:01.052, 0.74865437, 9.774082, -0.07178468, 1.5271181E-4, 1.5271181E-4, 5.344914E-4, 0.778389, 9.775326, -0.08661956, 5.2125, -14.625001, 44.4, 4.5541623, -74.1108506
2024-07-23 19:01:02.057, 0.7366903, 9.788439, -0.006879365, 7.635591E-4, 7.635591E-5, -5.344914E-4, 0.77779055, 9.77538, -0.085948534, 5.64375, -14.343751, 44.568752, 4.5541623, -74.1108506
2024-07-23 19:01:03.060, 0.7797611, 9.800404, -0.035593238, -3.8177954E-4, -3.0542363E-4, 5.344914E-4, 0.77853113, 9.7753315, -0.08465455, 5.7937503, -14.400001, 42.9, 4.5541623, -74.1108506
2024-07-23 19:01:04.065, 0.74147594, 9.800404, 0.017048862, -2.2906772E-4, 9.926268E-4, 3.0542363E-4, 0.7788565, 9.775284, -0.0871037, 4.8, -14.156251, 42.693752, 4.5541623, -74.1108506
2024-07-23 19:01:05.069, 0.76540416, 9.7908325, -0.033200413, 2.2906772E-4, -9.162709E-4, 1.5271181E-4, 0.776861, 9.775447, -0.08672069, 4.2000003, -13.9875, 43.893753, 4.5541623, -74.1108506
2024-07-23 19:01:06.073, 0.78693956, 9.774082, -0.076570325, -7.635591E-4, -3.0542363E-4, 1.5271181E-4, 0.7800327, 9.7752, -0.085970215, 5.34375, -13.950001, 44.287502, 4.5541623, -74.1108506
2024-07-23 19:01:07.077, 0.7319046, 9.783653, 2.9910283E-4, 0.0010689828, -4.5813544E-4, -6.8720314E-4, 0.77918917, 9.775272, -0.08545822, 4.9875, -14.437501, 44.1375, 4.5541623, -74.1108506
2024-07-23 19:01:08.081, 0.7582257, 9.788439, -0.04755735, -5.344914E-4, 3.8177954E-4, -2.2906772E-4, 0.78115016, 9.775112, -0.08589751, 5.2125, -14.512501, 43.96875, 4.5541623, -74.1108506
2024-07-23 19:01:09.086, 0.7821539, 9.776475, -0.054735817, -1.5271181E-4, -3.0542363E-4, 1.5271181E-4, 0.7807663, 9.7751465, -0.08544881, 5.1000004, -14.400001, 44.643753, 4.5541623, -74.1108506
2024-07-23 19:01:10.091, 0.74626154, 9.783653, -0.02841477, -3.8177954E-4, 1.5271181E-4, -3.0542363E-4, 0.7775823, 9.775393, -0.08635345, 5.1937504, -14.83125, 43.256252, 4.5541623, -74.1108506
2024-07-23 19:01:11.096, 0.8012965, 9.769297, -0.0741775, -1.5271181E-4, -6.8720314E-4, -1.5271181E-4, 0.77995694, 9.77522, -0.08441615, 4.2937503, -13.837501, 43.93125, 4.5541623, -74.1108506
2024-07-23 19:01:12.099, 0.794118, 9.786046, -0.12203395, 3.8177954E-4, 3.0542363E-4, -1.5271181E-4, 0.7781834, 9.775334, -0.08754392, 5.025, -14.400001, 44.86875, 4.5541623, -74.1108506
2024-07-23 19:01:13.103, 0.82283187, 9.716655, -0.1268196, -2.2906772E-4, 9.926268E-4, -0.0023670332, 0.81710374, 9.772241, -0.077647954, 4.9125004, -14.7375, 43.85625, 4.5541623, -74.1108506
2024-07-23 19:01:14.107, 1.119841, 9.658928, 0.39511484, 0.0022143214, 0.031840414, -0.0045049987, 0.9113965, 9.758859, 0.32314187, 4.33125, -14.475, 44.04375, 4.5541681, -74.1108478
2024-07-23 19:01:15.111, 0.74626154, 9.771689, 0.45254257, 0.013744064, 0.044668205, 0.004352287, 0.7209318, 9.7573595, 0.6667644, 4.4437504, -14.793751, 43.537502, 4.5541698, -74.1108526
2024-07-23 19:01:16.116, 0.60747784, 9.9344015, 0.07926225, 0.0038177953, 0.0012980504, -0.0020616094, 0.5560289, 9.788136, 0.23157327, 3.5625002, -15.39375, 43.29375, 4.5541743, -74.1108629
2024-07-23 19:01:17.121, 0.82283187, 9.69482, -0.76600236, 9.926268E-4, -0.0035887277, -0.0066429637, 0.77242315, 9.770649, -0.32888612, 4.21875, -14.212501, 42.675003, 4.5541802, -74.1108753
2024-07-23 19:01:18.126, 0.8778668, 9.417253, -0.39960137, 7.635591E-5, 0.013820419, -0.01641652, 0.9731529, 9.742772, -0.5493125, 4.425, -14.26875, 42.45, 4.5541851, -74.1108845
2024-07-23 19:01:19.130, 0.75583285, 10.674083, -0.19860429, -0.011147963, -0.0011453386, -0.00633754, 0.82380974, 9.711152, -1.0886914, 4.59375, -14.231251, 41.8125, 4.5541867, -74.1108885
2024-07-23 19:01:20.135, 0.76540416, 9.769297, -0.08853444, -0.0021379655, -5.344914E-4, -0.0020616094, 0.7688269, 9.764646, -0.48063117, 4.6875, -14.493751, 42.16875, 4.5541874, -74.1108899
2024-07-23 19:01:21.140, 0.7295118, 9.793225, -0.1268196, -0.0021379655, -5.344914E-4, -0.0017561859, 0.74237365, 9.775329, -0.24942431, 4.8562503, -14.19375, 41.9625, 4.5541869, -74.110889
2024-07-23 19:01:22.145, 0.7175477, 9.759726, -0.2105684, -5.344914E-4, 9.926268E-4, -5.344914E-4, 0.74086666, 9.776333, -0.21172686, 4.8187504, -14.325001, 41.8125, 4.5541865, -74.1108884
2024-07-23 19:01:23.150, 0.69122666, 9.800404, -0.16031912, 6.8720314E-4, 3.8177954E-4, -2.2906772E-4, 0.7342035, 9.776925, -0.20753904, 4.74375, -14.19375, 42.037502, 4.5541864, -74.1108881
2024-07-23 19:01:24.155, 0.7175477, 9.788439, -0.17706887, 5.344914E-4, 7.635591E-5, -3.0542363E-4, 0.73526657, 9.7769, -0.20493998, 4.59375, -14.925, 42.43125, 4.5541863, -74.110888
2024-07-23 19:01:25.161, 0.71276206, 9.786046, -0.14596218, 6.1084726E-4, -8.39915E-4, -3.0542363E-4, 0.7357057, 9.77688, -0.20428161, 4.05, -15.20625, 42.24375, 4.5541863, -74.110888
2024-07-23 19:01:26.166, 0.70319074, 9.798011, -0.15074782, -3.8177954E-4, -2.2906772E-4, -3.0542363E-4, 0.73622787, 9.776823, -0.20511639, 4.5750003, -14.437501, 42.46875, 4.5541863, -74.110888
2024-07-23 19:01:27.171, 0.66969126, 9.819546, 0.2108675, -0.0019852535, 4.5813544E-4, -0.0017561859, 0.6834889, 9.782792, 0.01472532, 4.6687503, -14.868751, 41.98125, 4.5541863, -74.110888
2024-07-23 19:01:28.177, 0.68883383, 9.764511, -0.20338993, 0.0036650836, -0.0071774554, 0.006795676, 0.6093628, 9.7874565, 0.06893877, 4.70625, -14.700001, 42.768753, 4.5541868, -74.110892
2024-07-23 19:01:29.182, 0.73429745, 9.920045, 0.4142574, -0.0051158457, -0.004123219, -0.0060321167, 0.6713677, 9.782493, 0.14997642, 5.11875, -15.731251, 42.46875, 4.5541887, -74.1108962
2024-07-23 19:01:30.188, 0.44207397, 9.577572, 0.8644072, -0.007253811, -0.0071774554, -0.0045049987, 0.596818, 9.772955, 0.5509372, 5.30625, -15.4125, 42.65625, 4.5541923, -74.1109036
2024-07-23 19:01:31.192, -0.15164514, 10.324731, -0.03798606, -0.012904149, -0.047798797, 0.013514996, 0.28171337, 9.785964, 0.57091016, 5.1375003, -15.4875, 42.7125, 4.5541996, -74.1109174
2024-07-23 19:01:32.198, 0.97597253, 9.853045, -0.9622138, 0.024510246, -0.035276428, 0.011071607, 0.497922, 9.793861, 0.05241823, 4.96875, -15.843751, 43.912502, 4.5542112, -74.1109364
2024-07-23 19:01:33.201, 0.4229314, 10.003794, -0.2536392, -0.0019852535, -0.027946262, -0.0014507623, 0.5198087, 9.792497, -0.08481855, 4.36875, -15.243751, 44.5125, 4.5542242, -74.1109559
2024-07-23 19:01:34.206, 0.6122635, 9.735797, -0.62452674, 0.016111096, -0.003206948, -0.0060321167, 0.68110156, 9.779198, -0.27165756, 5.2312503, -15.281251, 44.831253, 4.5542377, -74.1109752
2024-07-23 19:01:35.210, 0.85154575, 9.457931, -1.4338989, -0.005726693, 0.011147963, -0.007864659, 0.68850154, 9.75556, -0.7248495, 5.2875004, -14.775001, 45.35625, 4.5542499, -74.1109932
2024-07-23 19:01:36.214, 0.6577271, 9.438788, -0.2440679, -0.0193944, 0.009009997, 0.022983128, 0.72759396, 9.760017, -0.6189107, 5.53125, -14.812501, 44.5875, 4.5542589, -74.1110075
2024-07-23 19:01:37.218, 0.5883353, 9.570394, -0.023629123, -0.0013744063, 0.009009997, 0.011682454, 0.64508784, 9.777053, -0.40432134, 5.6062503, -14.868751, 44.081253, 4.5542668, -74.1110199
2024-07-23 19:01:38.224, 0.4660022, 9.879367, -0.5072784, 0.011147963, 0.014202199, 0.004963134, 0.6352358, 9.774469, -0.476021, 4.7250004, -14.625001, 44.943752, 4.5542743, -74.1110323
2024-07-23 19:01:39.228, 0.9664012, 9.943973, 0.32093734, -0.008780929, 0.0053449133, 0.053525493, 0.5850754, 9.784609, -0.29917684, 4.96875, -15.525001, 43.96875, 4.5542803, -74.111044
2024-07-23 19:01:40.231, 0.32961133, 9.833903, -0.67028946, 0.01733279, 0.009620844, 0.0046577104, 0.70375174, 9.772032, -0.42723066, 5.175, -15.20625, 44.5125, 4.5542858, -74.1110552
2024-07-23 19:01:41.234, 0.44685963, 9.783653, -0.4331009, -7.635591E-5, 0.008093726, -0.0035887277, 0.76432645, 9.769266, -0.38422227, 5.34375, -14.85, 45.225002, 4.5542931, -74.1110664
2024-07-23 19:01:42.240, 0.8324032, 9.802796, -1.0866406, 0.02107423, -4.5813544E-4, -0.0014507623, 0.7662357, 9.757353, -0.61427313, 5.0062504, -15.337501, 44.625, 4.5542997, -74.1110776
2024-07-23 19:01:43.246, 0.82283187, 9.719048, -1.3477573, -0.0025961008, 0.003206948, -0.007864659, 0.87347806, 9.696037, -1.1807953, 5.2312503, -14.7375, 44.5875, 4.554305, -74.1110866
2024-07-23 19:01:44.249, 0.8060821, 9.829117, -0.40677986, 0.007406523, 1.5271181E-4, -8.39915E-4, 0.8430277, 9.717297, -1.016773, 5.2875004, -15.4875, 43.65, 4.5543067, -74.1110894
2024-07-23 19:01:45.253, 0.7725826, 9.845867, -0.3062813, -0.0013744063, 1.5271181E-4, 3.8177954E-4, 0.7935322, 9.763428, -0.46494192, 4.3500004, -15.000001, 44.1375, 4.5543067, -74.1110893
2024-07-23 19:01:46.260, 0.7965108, 9.776475, -0.3804588, -3.8177954E-4, -7.635591E-4, 3.8177954E-4, 0.79415417, 9.767652, -0.36425146, 5.4, -14.718751, 43.85625, 4.5543065, -74.1110889
2024-07-23 19:01:47.267, 0.8108678, 9.786046, -0.36370903, 8.39915E-4, 7.635591E-4, 3.8177954E-4, 0.79383415, 9.768335, -0.3461823, 5.1375003, -14.718751, 43.74375, 4.5543064, -74.1110888
2024-07-23 19:01:48.272, 0.767797, 9.798011, -0.3493521, 7.635591E-5, -3.0542363E-4, 5.344914E-4, 0.792409, 9.768585, -0.34237143, 4.125, -14.85, 44.268753, 4.5543063, -74.1110887
2024-07-23 19:01:49.277, 0.76540416, 9.7908325, -0.26799613, 4.5813544E-4, 7.635591E-5, 0.0011453386, 0.7932638, 9.768461, -0.34391835, 4.875, -14.64375, 44.90625, 4.5543063, -74.1110887
2024-07-23 19:01:50.282, 0.7917252, 9.783653, -0.3684947, 9.162709E-4, 7.635591E-5, 2.2906772E-4, 0.7951002, 9.7683935, -0.34160447, 5.25, -14.962501, 43.78125, 4.5543063, -74.1110887
2024-07-23 19:01:51.287, 0.7725826, 9.771689, -0.31345975, -6.1084726E-4, 3.0542363E-4, 3.0542363E-4, 0.79637146, 9.7683, -0.34132943, 5.0625, -15.356251, 44.41875, 4.5543063, -74.1110887
2024-07-23 19:01:52.292, 0.79890364, 9.795618, -0.28235307, 7.635591E-5, -2.2906772E-4, -9.162709E-4, 0.7982789, 9.768164, -0.34076253, 5.1937504, -14.625001, 43.725002, 4.5543063, -74.1110887
2024-07-23 19:01:53.296, 0.8132606, 9.769297, -0.37328035, -3.8177954E-4, -7.635591E-5, 9.162709E-4, 0.79498905, 9.7684355, -0.34068522, 5.1000004, -14.493751, 44.2125, 4.5543063, -74.1110887
2024-07-23 19:01:54.301, 0.7797611, 9.776475, -0.30388847, 6.8720314E-4, -4.5813544E-4, -5.344914E-4, 0.7949364, 9.768372, -0.34262466, 4.8, -15.356251, 44.193752, 4.5543063, -74.1110887
2024-07-23 19:01:55.306, 0.7797611, 9.771689, -0.30149564, -3.8177954E-4, -1.5271181E-4, -0.0, 0.79611063, 9.768312, -0.3415694, 5.0437503, -15.075001, 44.081253, 4.5543063, -74.1110887
2024-07-23 19:01:56.312, 0.8132606, 9.774082, -0.35653058, -0.0, 6.1084726E-4, 2.2906772E-4, 0.7949207, 9.768405, -0.34169075, 4.6875, -15.225, 43.95, 4.5543063, -74.1110887
2024-07-23 19:01:57.317, 0.7749754, 9.783653, -0.29671, 6.8720314E-4, 2.2906772E-4, -1.5271181E-4, 0.7949786, 9.7684765, -0.33950692, 5.71875, -15.01875, 43.875, 4.5543063, -74.1110887
2024-07-23 19:01:58.322, 0.79890364, 9.793225, -0.3493521, 2.2906772E-4, 1.5271181E-4, 3.0542363E-4, 0.79319304, 9.7685585, -0.34133622, 4.89375, -15.1125, 44.025, 4.5543063, -74.1110887
2024-07-23 19:01:59.328, 0.834796, 9.766904, -0.38763726, -1.5271181E-4, 3.0542363E-4, -3.8177954E-4, 0.7955845, 9.7683735, -0.34104043, 4.93125, -14.437501, 44.550003, 4.5543063, -74.1110887
2024-07-23 19:02:00.332, 0.8036893, 9.800404, -0.3900301, 0.0, -3.8177954E-4, -6.1084726E-4, 0.7967678, 9.768273, -0.34116423, 4.7250004, -14.83125, 43.96875, 4.5543063, -74.1110887
2024-07-23 19:02:01.339, 0.7797611, 9.783653, -0.31345975, 4.5813544E-4, 3.8177954E-4, 3.0542363E-4, 0.7961873, 9.768339, -0.34063333, 5.025, -15.168751, 44.381252, 4.5543063, -74.1110887
2024-07-23 19:02:02.343, 0.77018976, 9.778868, -0.31106696, -3.0542363E-4, -3.0542363E-4, 4.5813544E-4, 0.7956583, 9.768399, -0.34012523, 4.8187504, -14.83125, 44.5875, 4.5543063, -74.1110887
2024-07-23 19:02:03.348, 0.7893324, 9.786046, -0.3182454, -0.0012216945, 0.0, -6.8720314E-4, 0.79632246, 9.768337, -0.34037736, 4.89375, -14.512501, 44.41875, 4.5543063, -74.1110887
2024-07-23 19:02:04.354, 0.77018976, 9.783653, -0.27756742, -7.635591E-4, 7.635591E-5, 4.5813544E-4, 0.7958521, 9.768398, -0.3397301, 4.4437504, -14.793751, 44.287502, 4.5543063, -74.1110887
2024-07-23 19:02:05.360, 0.77736825, 9.795618, -0.29671, 0.0, -7.635591E-5, 4.5813544E-4, 0.79924834, 9.768137, -0.33924028, 4.9500003, -15.075001, 44.381252, 4.5543063, -74.1110887
2024-07-23 19:02:06.363, 0.8180462, 9.786046, -0.3589234, -9.162709E-4, -7.635591E-5, -7.635591E-5, 0.7973815, 9.768299, -0.33896756, 4.93125, -14.3625, 44.04375, 4.5543063, -74.1110887
2024-07-23 19:02:07.369, 0.82043904, 9.788439, -0.40677986, 2.2906772E-4, 7.635591E-5, -2.2906772E-4, 0.7986094, 9.768166, -0.33992428, 5.4187503, -15.1125, 44.4375, 4.5543063, -74.1110887
2024-07-23 19:02:08.374, 0.8060821, 9.786046, -0.32542387, 1.5271181E-4, -6.1084726E-4, 1.5271181E-4, 0.7966103, 9.768388, -0.33824754, 5.1000004, -14.64375, 44.006252, 4.5543063, -74.1110887
2024-07-23 19:02:09.378, 0.82043904, 9.774082, -0.41635114, -3.0542363E-4, 3.0542363E-4, -2.2906772E-4, 0.79779065, 9.768264, -0.33899748, 4.6312504, -14.775001, 44.475002, 4.5543063, -74.1110887
2024-07-23 19:02:10.383, 0.8180462, 9.788439, -0.3804588, -3.8177954E-4, 3.8177954E-4, 1.5271181E-4, 0.7981359, 9.768305, -0.33705172, 3.8437502, -14.925, 44.268753, 4.5543063, -74.1110887
2024-07-23 19:02:11.389, 0.76540416, 9.764511, -0.29192436, -8.39915E-4, 6.1084726E-4, -6.8720314E-4, 0.7977158, 9.768285, -0.33860052, 4.9500003, -15.225, 44.60625, 4.5543063, -74.1110887
2024-07-23 19:02:12.394, 0.8252247, 9.7812605, -0.37088752, -5.344914E-4, 4.5813544E-4, -3.8177954E-4, 0.7964134, 9.768407, -0.33814728, 5.49375, -15.1125, 44.456253, 4.5543063, -74.1110887
2024-07-23 19:02:13.399, 0.78454673, 9.7812605, -0.30388847, -9.162709E-4, 6.8720314E-4, 6.1084726E-4, 0.79698986, 9.7683735, -0.33774248, 4.5375004, -14.812501, 43.818752, 4.5543063, -74.1110887
2024-07-23 19:02:14.405, 0.7821539, 9.800404, -0.3062813, 7.635591E-5, 1.5271181E-4, 2.2906772E-4, 0.79726917, 9.768303, -0.33913466, 5.4187503, -14.812501, 44.4375, 4.5543063, -74.1110887
2024-07-23 19:02:15.410, 0.7965108, 9.771689, -0.30149564, 2.2906772E-4, -7.635591E-5, 7.635591E-5, 0.7974477, 9.768307, -0.3385835, 5.1000004, -15.01875, 43.987503, 4.5543063, -74.1110887
2024-07-23 19:02:16.415, 0.8180462, 9.783653, -0.4019942, 2.2906772E-4, 0.0, 1.5271181E-4, 0.79932296, 9.768136, -0.33912793, 5.625, -14.475, 44.4375, 4.5543063, -74.1110887
2024-07-23 19:02:17.420, 0.78454673, 9.7908325, -0.33260235, -2.2906772E-4, -1.5271181E-4, 1.5271181E-4, 0.7977076, 9.768227, -0.340275, 4.9875, -14.681251, 44.287502, 4.5543063, -74.1110887
2024-07-23 19:02:18.424, 0.8180462, 9.778868, -0.35174492, 7.635591E-4, -0.0, -3.8177954E-4, 0.79836684, 9.768186, -0.3399159, 5.4375, -15.69375, 44.081253, 4.5543063, -74.1110887
2024-07-23 19:02:19.428, 0.8252247, 9.786046, -0.40677986, 3.8177954E-4, -5.344914E-4, -3.0542363E-4, 0.79648244, 9.768419, -0.3376338, 5.1937504, -14.868751, 44.475002, 4.5543063, -74.1110887
2024-07-23 19:02:20.432, 0.7725826, 9.776475, -0.31106696, 3.8177954E-4, 2.2906772E-4, -7.635591E-5, 0.79848593, 9.768211, -0.33891147, 4.5750003, -14.700001, 44.7, 4.5543063, -74.1110887
2024-07-23 19:02:21.438, 0.8252247, 9.778868, -0.4139583, -7.635591E-5, -2.2906772E-4, 0.0, 0.7945992, 9.768488, -0.34008557, 5.0437503, -15.075001, 44.0625, 4.5543063, -74.1110887
2024-07-23 19:02:22.443, 0.82043904, 9.776475, -0.36131623, -9.162709E-4, 1.5271181E-4, -5.344914E-4, 0.79921526, 9.76813, -0.3395206, 5.6062503, -14.700001, 44.04375, 4.5543063, -74.1110887
2024-07-23 19:02:23.450, 0.78454673, 9.776475, -0.31106696, 5.344914E-4, -3.8177954E-4, -3.8177954E-4, 0.79678065, 9.768327, -0.33961254, 5.025, -15.225, 44.25, 4.5543063, -74.1110887
2024-07-23 19:02:24.457, 0.7725826, 9.774082, -0.28235307, -2.2906772E-4, 1.5271181E-4, 2.2906772E-4, 0.7973745, 9.768254, -0.3402802, 4.9125004, -15.000001, 44.4, 4.5543063, -74.1110887
2024-07-23 19:02:25.463, 0.79890364, 9.771689, -0.3493521, -8.39915E-4, 0.0010689828, -7.635591E-5, 0.79603934, 9.768277, -0.34273556, 5.34375, -15.39375, 44.1375, 4.5543063, -74.1110887
2024-07-23 19:02:26.468, 0.8419745, 9.7812605, -0.3900301, -7.635591E-5, 7.635591E-5, 0.0, 0.7958648, 9.76838, -0.340202, 5.53125, -15.075001, 44.1375, 4.5543063, -74.1110887
2024-07-23 19:02:27.474, 0.767797, 9.726226, -0.042771704, 0.002519745, 0.00167983, -6.8720314E-4, 0.7774642, 9.773687, -0.20241952, 4.6875, -15.093751, 44.4375, 4.5543063, -74.1110887
2024-07-23 19:02:28.478, 0.8324032, 9.774082, -0.3182454, 0.0, 0.0010689828, 5.344914E-4, 0.7830091, 9.773272, -0.20112923, 5.2125, -15.675, 44.1375, 4.5543063, -74.1110887
2024-07-23 19:02:29.482, 0.8108678, 9.802796, -0.39481574, -3.0542363E-4, 4.5813544E-4, -0.0012980504, 0.79241, 9.770635, -0.27780908, 5.1375003, -15.056251, 44.268753, 4.5543063, -74.1110887
2024-07-23 19:02:30.487, 0.7725826, 9.7908325, -0.31106696, -9.162709E-4, 0.0013744063, 5.344914E-4, 0.7951731, 9.768942, -0.3253836, 5.26875, -15.168751, 44.268753, 4.5543063, -74.1110887
2024-07-23 19:02:31.491, 0.81565344, 9.757333, -0.35653058, -3.0542363E-4, 0.00167983, 8.39915E-4, 0.80053794, 9.768241, -0.3331554, 4.7625003, -15.337501, 44.30625, 4.5543063, -74.1110887
2024-07-23 19:02:32.496, 0.8036893, 9.778868, -0.27996024, 0.0019088977, 0.0019852535, -0.002519745, 0.7935624, 9.771573, -0.23874031, 4.96875, -15.31875, 44.49375, 4.5543063, -74.1110887
2024-07-23 19:02:33.501, 0.7725826, 9.798011, -0.26081768, 0.0028251687, 4.5813544E-4, -6.8720314E-4, 0.778667, 9.7719755, -0.2693863, 5.3625, -14.887501, 44.41875, 4.5543063, -74.1110887
2024-07-23 19:02:34.506, 0.7366903, 9.824331, -0.19381863, 0.0022143214, 0.00167983, 0.0035887277, 0.7655261, 9.773135, -0.26491544, 4.96875, -15.281251, 44.025, 4.5543063, -74.1110887
2024-07-23 19:02:35.512, 0.74386877, 9.795618, -0.6029913, -0.0021379655, 0.00167983, 5.344914E-4, 0.7915696, 9.764013, -0.45590174, 4.8562503, -15.656251, 44.5875, 4.5543063, -74.1110887
2024-07-23 19:02:36.517, 0.74865437, 9.81476, -0.2847459, -9.162709E-4, 7.635591E-4, -0.003436016, 0.81337, 9.761879, -0.46318054, 5.1000004, -15.337501, 44.287502, 4.5543063, -74.1110887
2024-07-23 19:02:37.522, 0.77018976, 9.699606, -0.32542387, 0.00503949, -1.5271181E-4, -3.8177954E-4, 0.7867174, 9.766789, -0.40161517, 5.025, -15.69375, 44.4, 4.5543063, -74.1110887
2024-07-23 19:02:38.527, 0.8108678, 9.7908325, -0.33738798, -3.0542363E-4, 4.5813544E-4, 8.39915E-4, 0.7885673, 9.768447, -0.35494062, 4.9500003, -14.925, 43.893753, 4.5543063, -74.1110887
2024-07-23 19:02:39.531, 0.7295118, 9.764511, -0.28235307, 9.926268E-4, 1.5271181E-4, -7.635591E-5, 0.7848688, 9.769471, -0.33437666, 5.0437503, -15.150001, 44.34375, 4.5543063, -74.1110887
2024-07-23 19:02:40.534, 0.7749754, 9.853045, -0.26081768, 3.0542363E-4, 1.5271181E-4, 2.2906772E-4, 0.78522056, 9.769551, -0.33118367, 5.08125, -14.83125, 43.706253, 4.5543063, -74.1110887
2024-07-23 19:02:41.540, 0.8036893, 9.802796, -0.33260235, -3.0542363E-4, -1.5271181E-4, 2.2906772E-4, 0.7869157, 9.769635, -0.32464096, 5.45625, -14.475, 44.1375, 4.5543063, -74.1110887
2024-07-23 19:02:42.545, 0.7366903, 9.7908325, -0.45942193, 0.0019088977, 1.5271181E-4, 4.5813544E-4, 0.7845246, 9.769905, -0.3222761, 4.96875, -15.39375, 43.443752, 4.5543063, -74.1110887
2024-07-23 19:02:43.551, 0.794118, 9.81476, -0.35174492, 0.001603474, -0.0, 0.0017561859, 0.8028611, 9.76847, -0.3206115, 5.83125, -15.168751, 43.575, 4.5543063, -74.1110887
2024-07-23 19:02:44.556, 0.89461654, 9.807582, -0.41874397, 0.0019088977, -6.1084726E-4, -0.0012980504, 0.80104774, 9.768386, -0.32765314, 5.55, -14.606251, 43.66875, 4.5543063, -74.1110887
2024-07-23 19:02:45.561, 0.7821539, 9.838689, -0.36131623, 0.0012980504, -0.0, -7.635591E-5, 0.79923093, 9.768634, -0.3246614, 5.30625, -14.906251, 44.025, 4.5543063, -74.1110887
2024-07-23 19:02:46.566, 0.767797, 9.793225, -0.27756742, 7.635591E-5, -9.162709E-4, -9.926268E-4, 0.7952301, 9.7689085, -0.32621962, 4.8562503, -15.39375, 43.893753, 4.5543063, -74.1110887
2024-07-23 19:02:47.572, 0.8036893, 9.798011, -0.34217364, -4.5813544E-4, 6.1084726E-4, -0.0018325418, 0.7938643, 9.769039, -0.32564884, 5.83125, -15.431251, 44.4, 4.5543063, -74.1110887
2024-07-23 19:02:48.577, 0.80847496, 9.793225, -0.3493521, 4.5813544E-4, -3.0542363E-4, 3.0542363E-4, 0.79023707, 9.769339, -0.3254684, 6.3, -15.468751, 44.11875, 4.5543063, -74.1110887
2024-07-23 19:02:49.582, 0.8467601, 9.75494, -0.4211368, -2.2906772E-4, -7.635591E-5, -9.926268E-4, 0.7886298, 9.769378, -0.3282074, 5.30625, -15.0375, 43.987503, 4.5543063, -74.1110887
2024-07-23 19:02:50.586, 0.7821539, 9.7908325, -0.36370903, -7.635591E-5, 7.635591E-5, 8.39915E-4, 0.7912707, 9.769209, -0.32684842, 5.5125003, -14.55, 43.725002, 4.5543063, -74.1110887
2024-07-23 19:02:51.590, 0.8563314, 9.7501545, -0.38763726, 2.2906772E-4, 7.635591E-5, 0.0023670332, 0.8020817, 9.768425, -0.32390213, 5.83125, -15.281251, 43.40625, 4.5543063, -74.1110887
2024-07-23 19:02:52.595, 0.79890364, 9.774082, -0.2632105, -3.8177954E-4, 7.635591E-5, 5.344914E-4, 0.8047398, 9.768166, -0.32515857, 5.30625, -15.000001, 44.475002, 4.5543063, -74.1110887
2024-07-23 19:02:53.600, 0.8012965, 9.786046, -0.33020952, -1.5271181E-4, -3.8177954E-4, 3.8177954E-4, 0.8021197, 9.768418, -0.32402772, 6.0375004, -14.793751, 43.93125, 4.5543063, -74.1110887
2024-07-23 19:02:54.606, 0.8108678, 9.778868, -0.38524446, -6.1084726E-4, 1.5271181E-4, 2.2906772E-4, 0.7966919, 9.768826, -0.32517567, 5.4750004, -15.075001, 43.0125, 4.5543063, -74.1110887
2024-07-23 19:02:55.609, 0.7917252, 9.766904, -0.33738798, 1.5271181E-4, -2.2906772E-4, -0.0, 0.79688716, 9.768815, -0.32497153, 5.1375003, -15.356251, 43.74375, 4.5543063, -74.1110887
2024-07-23 19:02:56.614, 0.8132606, 9.778868, -0.37088752, 5.344914E-4, 0.0, 1.5271181E-4, 0.79895175, 9.768718, -0.3228419, 5.15625, -14.6625, 44.60625, 4.5543063, -74.1110887
2024-07-23 19:02:57.619, 0.82043904, 9.778868, -0.35174492, 1.5271181E-4, -2.2906772E-4, -8.39915E-4, 0.7989798, 9.76873, -0.32235518, 5.7375, -14.962501, 43.55625, 4.5543063, -74.1110887
2024-07-23 19:02:58.626, 0.7725826, 9.795618, -0.2727818, -3.8177954E-4, 7.635591E-5, 9.162709E-4, 0.7913735, 9.769326, -0.32308492, 5.08125, -14.793751, 43.93125, 4.5543063, -74.1110887
2024-07-23 19:02:59.632, 0.7582257, 9.802796, -0.26081768, 5.344914E-4, 1.5271181E-4, 5.344914E-4, 0.8003512, 9.768609, -0.3226314, 4.9875, -15.76875, 44.30625, 4.5543063, -74.1110887
2024-07-23 19:03:00.638, 0.8132606, 9.788439, -0.33499518, 7.635591E-5, 7.635591E-5, -0.0, 0.7990765, 9.768695, -0.32319212, 5.0062504, -15.356251, 43.912502, 4.5543063, -74.1110887
2024-07-23 19:03:01.644, 0.8180462, 9.783653, -0.3589234, -7.635591E-4, 3.8177954E-4, -1.5271181E-4, 0.79932374, 9.768689, -0.32278332, 5.1000004, -15.075001, 44.381252, 4.5543063, -74.1110887
2024-07-23 19:03:02.649, 0.80847496, 9.771689, -0.28713873, -7.635591E-4, -6.1084726E-4, -1.5271181E-4, 0.7980751, 9.768827, -0.32166922, 4.40625, -15.093751, 44.5875, 4.5543063, -74.1110887
2024-07-23 19:03:03.657, 0.83001035, 9.776475, -0.3397808, 2.2906772E-4, -3.8177954E-4, -2.2906772E-4, 0.7972441, 9.768862, -0.3227136, 5.1937504, -15.13125, 43.875, 4.5543063, -74.1110887
2024-07-23 19:03:04.661, 0.8108678, 9.7812605, -0.3684947, -5.344914E-4, -5.344914E-4, 5.344914E-4, 0.8002869, 9.76859, -0.32341337, 4.4625, -15.243751, 44.287502, 4.5543063, -74.1110887
2024-07-23 19:03:05.666, 0.8132606, 9.783653, -0.33020952, 1.5271181E-4, 7.635591E-5, 3.0542363E-4, 0.79719895, 9.76881, -0.32435822, 4.2375, -14.83125, 44.4, 4.5543063, -74.1110887
2024-07-23 19:03:06.672, 0.77018976, 9.774082, -0.2536392, -5.344914E-4, 7.635591E-5, -3.8177954E-4, 0.79930216, 9.768625, -0.32476008, 4.3875003, -14.793751, 43.125, 4.5543063, -74.1110887
2024-07-23 19:03:07.677, 0.78454673, 9.7908325, -0.32063824, 7.635591E-5, -2.2906772E-4, 1.5271181E-4, 0.79987615, 9.768621, -0.32344258, 4.6125, -15.356251, 44.04375, 4.5543063, -74.1110887
2024-07-23 19:03:08.682, 0.7749754, 9.757333, -0.28713873, 2.2906772E-4, 3.8177954E-4, 1.5271181E-4, 0.7998601, 9.768653, -0.32252368, 4.8, -14.718751, 43.8375, 4.5543063, -74.1110887
2024-07-23 19:03:09.686, 0.78454673, 9.7812605, -0.2632105, -2.2906772E-4, 3.0542363E-4, -4.5813544E-4, 0.8006372, 9.768595, -0.32235888, 4.2000003, -14.700001, 43.631252, 4.5543063, -74.1110887
2024-07-23 19:03:10.691, 0.8324032, 9.766904, -0.41156548, 8.39915E-4, -0.0, -7.635591E-5, 0.7978654, 9.768795, -0.32316265, 4.3500004, -15.20625, 44.1375, 4.5543063, -74.1110887
2024-07-23 19:03:11.697, 0.71276206, 9.865009, -0.2656033, -0.0, -3.0542363E-4, 0.0012980504, 0.7521107, 9.776359, -0.16593194, 4.6312504, -15.000001, 44.30625, 4.5543063, -74.1110887
2024-07-23 19:03:12.702, 0.82043904, 9.769297, -0.32303107, 3.0542363E-4, 3.0542363E-4, -2.2906772E-4, 0.79462475, 9.769913, -0.29624918, 4.9125004, -15.618751, 44.90625, 4.5543063, -74.1110887
2024-07-23 19:03:13.707, 0.8324032, 9.769297, -0.34217364, -0.0, -0.0, -0.0011453386, 0.7902958, 9.76963, -0.31642282, 5.4187503, -15.750001, 44.568752, 4.5543063, -74.1110887
2024-07-23 19:03:14.713, 0.76540416, 9.769297, -0.1794617, -9.162709E-4, 6.1084726E-4, -0.0020616094, 0.77932364, 9.771537, -0.28303203, 4.93125, -15.76875, 43.725002, 4.5543063, -74.1110887
2024-07-23 19:03:15.717, 0.6337989, 9.809975, 0.785444, 0.002519745, 0.004886778, 7.635591E-5, 0.6553395, 9.770448, 0.5284585, 5.4375, -15.50625, 44.4375, 4.5543063, -74.1110887
2024-07-23 19:03:16.720, 0.53330034, 9.587143, 0.110368945, 0.017103724, 0.011606098, -0.0075592347, 0.6545978, 9.77542, 0.4278215, 5.0062504, -15.3, 43.85625, 4.5543063, -74.1110887
2024-07-23 19:03:17.725, 0.8563314, 10.082756, -0.6559325, 0.012140589, 0.007330167, -0.005421269, 0.7123862, 9.779008, 0.18409686, 4.875, -15.656251, 43.74375, 4.5543209, -74.1111186
2024-07-23 19:03:18.731, 0.62183475, 9.762118, -1.0244272, 0.012446013, -0.022906773, -0.024662958, 0.53739375, 9.791823, -0.04243834, 5.1000004, -14.925, 44.15625, 4.554332, -74.1111394
2024-07-23 19:03:19.736, 1.308874, 9.766904, 0.9601201, -0.04734066, -0.030847786, -0.01641652, 0.58709997, 9.787777, -0.15847112, 5.4, -14.793751, 43.706253, 4.5543444, -74.1111619
2024-07-23 19:03:20.740, 0.78454673, 10.0014, 0.62751776, -0.0015271181, -3.0542363E-4, -0.018554486, 0.60522854, 9.78643, -0.17277849, 5.30625, -15.1125, 44.175003, 4.554358, -74.1111852
2024-07-23 19:03:21.744, 0.9520443, 9.204291, -0.9837492, 0.002519745, 0.0027488125, 0.020234315, 0.6021541, 9.785551, -0.22535734, 4.8375, -15.281251, 44.5125, 4.5543723, -74.1112086
2024-07-23 19:03:22.750, 0.31286156, 9.280862, -0.10289137, -0.004963134, 0.004275931, -0.018554486, 0.6570559, 9.779487, -0.3167215, 4.55625, -15.562501, 44.5875, 4.5543866, -74.1112322
2024-07-23 19:03:23.755, 0.85154575, 9.7908325, -1.3046865, 0.021150587, 0.017714571, -0.01641652, 0.65446764, 9.777291, -0.38294363, 4.7625003, -15.262501, 44.193752, 4.5544013, -74.111257
2024-07-23 19:03:24.759, -0.077467635, 10.070792, -1.0698909, 0.038941514, 0.0061084726, 0.0031305922, 0.64360976, 9.779415, -0.34526277, 4.4812503, -15.01875, 43.706253, 4.5544158, -74.1112827
2024-07-23 19:03:25.762, 0.50189453, 10.209576, -0.3062813, 0.008093726, 0.010689827, 0.024204822, 0.68061167, 9.77696, -0.34379518, 4.9500003, -15.262501, 43.85625, 4.5544297, -74.1113074
2024-07-23 19:03:26.766, -0.072681986, 11.734701, -0.2321038, 0.006872032, -6.1084726E-4, -0.010613471, 0.6835109, 9.7748, -0.3955775, 3.54375, -15.39375, 43.48125, 4.5544428, -74.1113324
2024-07-23 19:03:27.771, 0.7606185, 10.3797655, 0.1055833, -0.002519745, 0.008857286, 0.0012980504, 0.702402, 9.769705, -0.47946712, 3.91875, -15.262501, 44.11875, 4.5544562, -74.1113577
2024-07-23 19:03:28.776, 1.0525428, 9.556036, -2.2477577, 0.092848785, 0.0070247436, 0.031229567, 0.71317446, 9.76744, -0.5088186, 3.9750001, -16.25625, 43.2, 4.5544696, -74.1113831
2024-07-23 19:03:29.781, 1.1150553, 9.15135, -3.7298124, 0.02893889, 0.014354911, 0.0080173705, 0.63529944, 9.753084, -0.80258477, 4.59375, -15.712501, 43.66875, 4.5544822, -74.1114078
2024-07-23 19:03:30.786, 0.6577271, 9.668499, -0.6583253, -0.0, -0.009162709, -0.0026724567, 0.6982033, 9.753611, -0.7416021, 4.14375, -15.50625, 43.612503, 4.5544939, -74.1114296
2024-07-23 19:03:31.791, 0.62183475, 9.733404, -0.9669995, 0.023364907, -0.022906773, 0.004046863, 0.5341736, 9.771733, -0.63109154, 4.5750003, -15.6, 43.425003, 4.5545046, -74.1114488
2024-07-23 19:03:32.795, 0.7510472, 9.410074, -1.5798612, 0.016798299, 0.015271181, 0.0077119465, 0.7867344, 9.740186, -0.8247537, 4.8187504, -15.39375, 44.11875, 4.5545143, -74.1114661
2024-07-23 19:03:33.800, 0.65054864, 9.798011, -1.0914263, -0.010308048, 0.01007898, 0.0046577104, 0.67792016, 9.735475, -0.96506697, 4.1625004, -14.55, 43.331253, 4.5545231, -74.1114822
2024-07-23 19:03:34.804, 0.58594245, 9.680463, -1.1105688, -3.0542363E-4, 0.004275931, 0.0022143214, 0.6923486, 9.7323475, -0.9861298, 4.59375, -15.225, 43.40625, 4.55453, -74.1114949
2024-07-23 19:03:35.808, 0.72711897, 9.809975, -0.7636095, -6.1084726E-4, 0.0021379655, 0.011071607, 0.6885566, 9.731346, -0.998595, 4.2562504, -15.000001, 42.693752, 4.5545347, -74.1115038
2024-07-23 19:03:36.814, 0.7079764, 9.759726, -0.78035927, 3.0542363E-4, 6.1084726E-4, 0.0022143214, 0.6848511, 9.751494, -0.78084797, 4.14375, -15.243751, 42.975002, 4.554537, -74.111509
2024-07-23 19:03:37.818, 0.6337989, 9.81476, -0.38763726, 0.0018325418, -3.0542363E-4, 3.8177954E-4, 0.6683914, 9.764796, -0.61023843, 4.55625, -14.700001, 42.393753, 4.5545379, -74.1115114
2024-07-23 19:03:38.822, 0.7175477, 9.740582, -0.51206404, -9.162709E-4, -6.1084726E-4, 6.8720314E-4, 0.6582024, 9.771423, -0.50640255, 4.51875, -14.26875, 42.91875, 4.5545378, -74.1115114
2024-07-23 19:03:39.828, 0.6266204, 9.757333, -0.567099, -0.0015271181, -0.0, -8.39915E-4, 0.6599551, 9.77238, -0.48520502, 4.2000003, -14.775001, 43.256252, 4.5545377, -74.1115112
2024-07-23 19:03:40.833, 0.6409774, 9.769297, -0.47856453, -7.635591E-5, -3.0542363E-4, 3.0542363E-4, 0.65455425, 9.772823, -0.4835989, 4.0125003, -15.000001, 43.050003, 4.5545376, -74.1115112
2024-07-23 19:03:41.838, 0.61704916, 9.776475, -0.43788654, -3.8177954E-4, 3.8177954E-4, 3.0542363E-4, 0.65656096, 9.772789, -0.48158017, 3.80625, -14.55, 43.068752, 4.5545376, -74.1115111
2024-07-23 19:03:42.842, 0.66011995, 9.7812605, -0.4426722, -7.635591E-5, -2.2906772E-4, -0.0, 0.65525883, 9.772853, -0.48204997, 3.73125, -14.812501, 42.9, 4.5545376, -74.1115111
2024-07-23 19:03:43.846, 0.6361917, 9.786046, -0.45942193, 7.635591E-5, 3.0542363E-4, -5.344914E-4, 0.65372145, 9.772977, -0.48162925, 4.2000003, -14.6625, 42.1875, 4.5545376, -74.1115111
2024-07-23 19:03:44.853, 0.6625128, 9.805189, -0.46660042, 2.2906772E-4, 3.8177954E-4, 7.635591E-5, 0.653854, 9.772998, -0.481015, 3.9, -14.45625, 42.318752, 4.5545376, -74.1115111
2024-07-23 19:03:45.859, 0.6768697, 9.757333, -0.47377887, -0.0, 7.635591E-5, 3.8177954E-4, 0.6520287, 9.773177, -0.47983557, 4.0875, -13.70625, 42.84375, 4.5545376, -74.1115111
2024-07-23 19:03:46.864, 0.64576304, 9.812367, -0.45942193, 5.344914E-4, 6.8720314E-4, 6.1084726E-4, 0.6529105, 9.773017, -0.48189792, 4.5, -14.981251, 43.443752, 4.5545376, -74.1115111
2024-07-23 19:03:47.868, 0.619442, 9.7908325, -0.47138608, 5.344914E-4, 3.8177954E-4, 1.5271181E-4, 0.6537711, 9.7729645, -0.48182473, 3.8812501, -14.75625, 43.518753, 4.5545376, -74.1115111
2024-07-23 19:03:48.872, 0.6625128, 9.7908325, -0.485743, -2.2906772E-4, -1.5271181E-4, 0.0, 0.6532741, 9.7730055, -0.48165148, 3.6000001, -14.512501, 42.768753, 4.5545376, -74.1115111
2024-07-23 19:03:49.876, 0.62901324, 9.774082, -0.46660042, -3.8177954E-4, 3.8177954E-4, -3.0542363E-4, 0.6546258, 9.772991, -0.48008752, 2.8312502, -14.55, 43.4625, 4.5545376, -74.1115111
2024-07-23 19:03:50.880, 0.69601226, 9.7812605, -0.5240282, 6.1084726E-4, -1.5271181E-4, 3.0542363E-4, 0.6551867, 9.772909, -0.48099667, 4.0125003, -14.400001, 42.956253, 4.5545376, -74.1115111
2024-07-23 19:03:51.883, 0.6481558, 9.776475, -0.50488555, 3.0542363E-4, -3.0542363E-4, -7.635591E-5, 0.6537314, 9.773042, -0.4802784, 4.03125, -15.000001, 43.0875, 4.5545376, -74.1115111
2024-07-23 19:03:52.887, 0.619442, 9.783653, -0.4235296, -3.8177954E-4, -2.2906772E-4, 7.635591E-5, 0.65337694, 9.772993, -0.48177662, 4.1625004, -14.700001, 42.7125, 4.5545376, -74.1115111
2024-07-23 19:03:53.891, 0.6481558, 9.783653, -0.45224348, -3.8177954E-4, -2.2906772E-4, -3.8177954E-4, 0.6527295, 9.773045, -0.48157826, 4.1625004, -14.793751, 43.537502, 4.5545376, -74.1115111
2024-07-23 19:03:54.895, 0.6122635, 9.774082, -0.4139583, -3.8177954E-4, 4.5813544E-4, -9.926268E-4, 0.65523285, 9.7729, -0.4811373, 4.0687504, -15.13125, 42.9, 4.5545376, -74.1115111
2024-07-23 19:03:55.900, 0.64576304, 9.788439, -0.44985065, 2.2906772E-4, -7.635591E-4, -3.8177954E-4, 0.65204054, 9.773139, -0.48061082, 4.275, -14.625001, 43.612503, 4.5545376, -74.1115111
2024-07-23 19:03:56.904, 0.6792625, 9.788439, -0.49052864, -1.5271181E-4, 3.8177954E-4, -1.5271181E-4, 0.6542404, 9.772956, -0.48134074, 4.36875, -14.681251, 42.675003, 4.5545376, -74.1115111
2024-07-23 19:03:57.909, 0.61704916, 9.7812605, -0.4211368, 4.5813544E-4, 1.5271181E-4, 3.0542363E-4, 0.6528726, 9.773044, -0.4814122, 4.2000003, -15.3, 43.125, 4.5545376, -74.1115111
2024-07-23 19:03:58.919, 0.66969126, 9.793225, -0.46899325, -7.635591E-5, 3.8177954E-4, 2.2906772E-4, 0.6532103, 9.773088, -0.4800406, 4.2375, -15.01875, 42.99375, 4.5545376, -74.1115111
2024-07-23 19:03:59.922, 0.686441, 9.778868, -0.55752766, -1.5271181E-4, -1.5271181E-4, 2.2906772E-4, 0.6528083, 9.773145, -0.47945014, 4.78125, -14.56875, 42.75, 4.5545376, -74.1115111
2024-07-23 19:04:00.928, 0.64576304, 9.800404, -0.52163535, -7.635591E-5, 6.1084726E-4, 7.635591E-5, 0.65201765, 9.773193, -0.47953668, 3.9, -14.19375, 43.55625, 4.5545376, -74.1115111
2024-07-23 19:04:01.932, 0.59790653, 9.764511, -0.46899325, -0.0010689828, 3.8177954E-4, 5.344914E-4, 0.6512752, 9.773145, -0.4815322, 4.33125, -15.056251, 43.331253, 4.5545376, -74.1115111
2024-07-23 19:04:02.938, 0.63858455, 9.7908325, -0.39960137, 1.5271181E-4, 7.635591E-5, -7.635591E-4, 0.65188444, 9.77315, -0.48059165, 4.6875, -15.075001, 43.518753, 4.5545376, -74.1115111
2024-07-23 19:04:03.942, 0.62901324, 9.788439, -0.5192425, -7.635591E-5, -7.635591E-5, 6.1084726E-4, 0.6518254, 9.773198, -0.47970295, 4.6125, -14.718751, 41.325, 4.5545376, -74.1115111
2024-07-23 19:04:04.947, 0.619442, 9.793225, -0.41635114, -4.5813544E-4, 1.5271181E-4, 3.0542363E-4, 0.65276444, 9.773075, -0.48092416, 2.0625, -14.531251, 42.206253, 4.5545376, -74.1115111
2024-07-23 19:04:05.953, 0.66011995, 9.7908325, -0.49292147, -6.8720314E-4, 4.5813544E-4, 7.635591E-5, 0.6539604, 9.773015, -0.4805166, 3.6000001, -14.64375, 43.3875, 4.5545376, -74.1115111
2024-07-23 19:04:06.958, 0.7079764, 9.771689, -0.57906306, 3.0542363E-4, 7.635591E-5, -7.635591E-5, 0.6545099, 9.773034, -0.47937122, 3.9375002, -14.775001, 42.862503, 4.5545376, -74.1115111
2024-07-23 19:04:07.962, 0.67208403, 9.788439, -0.44027936, -7.635591E-4, -1.5271181E-4, 2.2906772E-4, 0.6522837, 9.77314, -0.48025474, 3.8812501, -13.8, 42.975002, 4.5545376, -74.1115111
2024-07-23 19:04:08.965, 0.67447686, 9.774082, -0.5096712, 6.1084726E-4, -2.2906772E-4, -3.0542363E-4, 0.65382, 9.773031, -0.48038754, 4.14375, -15.056251, 43.575, 4.5545376, -74.1115111
2024-07-23 19:04:09.968, 0.67208403, 9.793225, -0.4953143, -3.8177954E-4, 1.5271181E-4, 3.8177954E-4, 0.6533159, 9.773031, -0.48105776, 4.1062503, -14.475, 42.675003, 4.5545376, -74.1115111
2024-07-23 19:04:10.972, 0.69601226, 9.766904, -0.55034924, 3.8177954E-4, -2.2906772E-4, 6.1084726E-4, 0.6526236, 9.77309, -0.4807957, 3.9375002, -14.38125, 43.818752, 4.5545376, -74.1115111
2024-07-23 19:04:11.975, 0.67447686, 9.774082, -0.5312066, -0.0010689828, 1.5271181E-4, 2.2906772E-4, 0.6534037, 9.773065, -0.48026556, 3.91875, -14.868751, 43.612503, 4.5545376, -74.1115111
2024-07-23 19:04:12.978, 0.66011995, 9.7812605, -0.46181476, -7.635591E-4, -7.635591E-5, 7.635591E-5, 0.65287316, 9.77307, -0.4808765, 4.03125, -14.812501, 43.050003, 4.5545376, -74.1115111
2024-07-23 19:04:13.982, 0.66969126, 9.788439, -0.52163535, -1.5271181E-4, 3.0542363E-4, 2.2906772E-4, 0.6547423, 9.772991, -0.47994053, 4.275, -14.19375, 43.21875, 4.5545376, -74.1115111
2024-07-23 19:04:14.984, 0.6625128, 9.771689, -0.46899325, 1.5271181E-4, -3.0542363E-4, 0.0, 0.6554875, 9.772953, -0.47970787, 3.8437502, -14.250001, 44.11875, 4.5545376, -74.1115111
2024-07-23 19:04:15.987, 0.6840482, 9.795618, -0.51206404, 1.5271181E-4, -1.5271181E-4, 3.8177954E-4, 0.653282, 9.773144, -0.4788235, 3.61875, -15.281251, 44.287502, 4.5545376, -74.1115111
2024-07-23 19:04:16.989, 0.6649056, 9.778868, -0.50009996, -4.5813544E-4, 0.0, -3.0542363E-4, 0.6534611, 9.773055, -0.48037314, 3.4687502, -14.700001, 43.706253, 4.5545376, -74.1115111
2024-07-23 19:04:17.991, 0.66969126, 9.783653, -0.51445687, -0.0, 3.8177954E-4, 2.2906772E-4, 0.6510777, 9.773272, -0.47923288, 3.0375001, -14.325001, 44.268753, 4.5545376, -74.1115111
