2024-08-01 01:58:41.166, -1.3462619, 2.457728, 10.89811, -0.105982, 0.1007898, -0.0096972, -1.1431392, 2.7863846, 9.332721, 3.2250001, 1.3875, -6.6000004, 0.0, 0.0
2024-08-01 01:58:42.170, -0.48305106, 3.2045877, 9.371789, 0.23609246, -0.076355904, 0.04344651, -0.47019008, 3.2204266, 9.250847, 2.9250002, 1.9125, -7.65, 0.0, 0.0
2024-08-01 01:58:43.176, -1.1138589, 3.633202, 9.071489, 0.05635066, 0.1435491, 0.15126105, -1.2010077, 3.648912, 9.022938, 4.5, 1.66875, -6.7125, 0.0, 0.0
2024-08-01 01:58:44.186, -4.809274, 4.6962137, 6.8222365, 0.16011834, 0.3839175, -0.102851406, -4.732838, 4.75026, 7.155813, 7.8375, 1.48125, -3.8625002, 0.0, 0.0
2024-08-01 01:58:45.197, -4.150949, 4.5631127, 6.7145596, 0.17752749, 0.45477578, -0.086663954, -4.678814, 5.0161443, 7.0083804, 6.7125, 2.325, -4.2562504, 0.0, 0.0
2024-08-01 01:58:46.208, -5.1026945, 5.5890355, 6.2261243, -0.01901262, -0.039094225, 0.037032615, -4.895371, 5.567496, 6.419402, 5.8875003, 2.4, -4.40625, 0.0, 0.0
2024-08-01 01:58:47.223, -4.9396834, 4.4602213, 7.3992057, -0.1137703, -0.047646087, -0.06436803, -4.491883, 4.357916, 7.5499635, 3.7687502, 2.7, -5.9437504, 0.0, 0.0
2024-08-01 01:58:48.235, -4.828417, 4.9055853, 5.911169, 0.45103434, 0.7974611, 0.41575792, -5.318794, 5.4070725, 6.2164607, 3.8437502, 1.2750001, -5.68125, 0.0, 0.0
2024-08-01 01:58:49.241, -4.681258, 6.513263, 3.8931224, -0.4265241, -0.3591782, -0.37223506, -5.295344, 6.2712426, 5.3666787, 4.3875003, 0.675, -4.8, 0.0, 0.0
2024-08-01 01:58:50.253, -6.2865434, 5.7074804, 5.0255256, 2.0028918, -0.5229616, 0.4542413, -5.056353, 5.1525025, 6.637424, 5.11875, -0.65625, -7.05, 0.0, 0.0
2024-08-01 01:58:51.268, -3.9798622, 6.0320067, 6.2285175, 0.10246963, 0.018325418, -0.033825666, -3.6470964, 5.237548, 7.445615, 4.65, -1.6125001, -7.8187504, 0.0, 0.0
2024-08-01 01:58:52.279, -3.3092737, 1.7105691, 9.349057, 0.94895124, 0.22509721, -1.6104988, -2.8164918, 1.7057087, 9.237332, 0.112500004, 2.7375002, -7.0125003, 0.0, 0.0
2024-08-01 01:58:53.289, 4.610371, -0.33260235, 2.2555344, -0.6405497, 1.7015151, -0.5454103, -5.6167803, 0.23301576, 8.035413, -0.3, 3.8437502, -6.1312504, 0.0, 0.0
2024-08-01 01:58:54.303, -6.2494545, -3.0212376, 7.7593255, 0.49341187, 0.7308788, -0.38536826, -6.907577, -0.1781504, 6.9587383, 0.80625004, 4.6875, -6.01875, 0.0, 0.0
2024-08-01 01:58:55.309, -2.5384858, -0.2644069, 9.527621, -1.0929585, -0.3500155, -0.08330429, -3.8497212, -0.2335407, 9.016401, -1.7062501, 3.075, -6.0750003, 0.0, 0.0
2024-08-01 01:58:56.316, -1.7318054, 3.5252259, 8.666803, 0.35665843, 0.3087833, 0.04497363, -2.123031, 3.6147027, 8.865498, -3.0, 1.3312501, -7.14375, 0.0, 0.0
2024-08-01 01:58:57.328, -1.4515461, 4.4279184, 8.471788, 0.10277505, 0.014660334, -0.01305686, -1.1695884, 4.6215353, 8.56994, -16.21875, -40.21875, -24.112501, 0.0, 0.0
2024-08-01 01:58:58.340, -1.2481561, 4.746463, 8.556734, -0.010002624, -0.23792501, -0.08635853, -0.99792194, 4.7758465, 8.50681, -16.181252, -39.91875, -24.13125, 0.0, 0.0
2024-08-01 01:58:59.353, 0.11425728, 4.566702, 8.630911, 0.028328042, 0.07116371, 0.028480753, 0.114858784, 4.6704135, 8.622321, -17.1, -40.125, -23.7, 0.0, 0.0
2024-08-01 01:59:00.367, -0.30717862, 4.7416773, 8.652447, -0.012522369, 0.04123219, -0.044515494, -0.22631587, 4.700853, 8.603555, -16.85625, -39.956253, -23.925001, 0.0, 0.0
2024-08-01 01:59:01.383, -3.3930225, -0.82701933, 10.878968, -0.24586602, -0.24586602, 0.024510246, -1.598291, -0.12536667, 9.674716, -19.06875, -37.912502, -26.775002, 0.0, 0.0
2024-08-01 01:59:02.401, -2.521736, -0.14955142, 9.677173, 0.049784053, 0.19424942, 0.020539738, -1.7845789, -0.16983303, 9.641413, -18.0, -37.5, -26.718752, 0.0, 0.0
2024-08-01 01:59:03.415, -1.6070795, -0.18783657, 9.705887, -0.0022143214, -0.009162709, 0.022677705, -1.6753603, -0.19999804, 9.660412, -18.35625, -37.875, -26.906252, 0.0, 0.0
2024-08-01 01:59:04.423, -1.559223, -0.21894327, 9.701101, -0.0096972, -0.042453885, 0.010766183, -1.6393088, -0.18616767, 9.666871, -18.112501, -37.893753, -26.831251, 0.0, 0.0
2024-08-01 01:59:05.433, -1.8562322, -0.26679972, 9.748958, 0.02519745, 0.11025793, -0.0264955, -1.6303085, -0.18189031, 9.668475, -18.018751, -37.4625, -27.225, 0.0, 0.0
2024-08-01 01:59:06.446, -1.6238292, -0.14955142, 9.703494, 0.02519745, 0.012827792, -0.025579229, -1.7023499, -0.1910412, 9.655873, -17.56875, -37.93125, -27.000002, 0.0, 0.0
2024-08-01 01:59:07.458, -1.7437695, -0.10887343, 9.710672, 0.02519745, 0.20310672, -0.049707696, -1.6399039, -0.18132862, 9.666862, -17.587502, -37.0125, -26.456251, 0.0, 0.0
2024-08-01 01:59:08.472, -0.5057829, -1.2364911, 9.679565, 0.02519745, 0.08063184, 0.5718294, -0.62487376, -1.2833859, 9.7022085, -19.9125, -33.84375, -27.825, 0.0, 0.0
2024-08-01 01:59:09.483, 0.037686955, -0.17587246, 9.849456, 0.008704574, 0.025044737, 0.03642177, 0.114019535, -0.15014867, 9.804838, -22.518751, -35.193752, -28.81875, 0.0, 0.0
2024-08-01 01:59:10.497, -0.051146585, -0.08733802, 9.839885, -0.0037414394, -0.013744064, 0.016874656, -0.10645221, -0.05903237, 9.805894, -22.25625, -34.425003, -28.9125, 0.0, 0.0
2024-08-01 01:59:11.511, -0.22103699, -0.039481573, 9.882956, -0.015271181, -0.032374904, 0.020845164, -0.21708235, -0.00845223, 9.804243, -22.275002, -34.537502, -29.1, 0.0, 0.0
2024-08-01 01:59:12.522, -0.31914273, 0.02751746, 9.880563, -0.0047340663, -0.0045813546, -5.344914E-4, -0.19493973, -0.0018283621, 9.804712, -22.087502, -34.518753, -28.462502, 0.0, 0.0
2024-08-01 01:59:13.534, -0.67836523, 0.041874398, 9.799207, 0.0055739814, 0.0045813546, -0.00633754, -0.5291527, 0.032817665, 9.792309, -21.900002, -35.175003, -28.9125, 0.0, 0.0
2024-08-01 01:59:14.545, -0.067896344, -0.05623133, 9.823135, -0.0053449133, 0.012827792, -8.39915E-4, -0.054898925, -0.055384867, 9.80634, -22.3875, -34.631252, -28.612501, 0.0, 0.0
2024-08-01 01:59:15.558, -0.30717862, -0.02751746, 9.84467, 0.008093726, 0.022906773, 9.926268E-4, -0.17926143, -0.010689302, 9.805006, -22.518751, -35.25, -29.268751, 0.0, 0.0
2024-08-01 01:59:16.569, -0.12532409, -0.015553347, 9.835099, 3.0542363E-4, 0.012522369, 0.011071607, -0.11727444, -0.021586092, 9.805925, -22.10625, -34.725002, -28.44375, 0.0, 0.0
2024-08-01 01:59:17.581, -0.18514465, -0.008374879, 9.880563, -0.0031305922, 0.010384403, 0.0077119465, -0.16203035, -0.010959722, 9.8053055, -22.425001, -34.706253, -28.331251, 0.0, 0.0
2024-08-01 01:59:18.595, -0.33349967, 0.022731815, 9.866206, -0.014965758, -0.033291176, 0.017790927, -0.2965157, 0.044386104, 9.802066, -22.275002, -35.11875, -28.687502, 0.0, 0.0
2024-08-01 01:59:19.607, -0.118145615, -0.025124637, 9.851849, 0.0030542363, 0.00671932, 0.0055739814, -0.09741332, -0.005268486, 9.806165, -22.275002, -35.175003, -28.706251, 0.0, 0.0
2024-08-01 01:59:20.619, -0.10378868, 0.0035892338, 9.851849, -0.003436016, -0.004886778, 0.0061848285, -0.10701524, 0.006244715, 9.806065, -22.5375, -34.893753, -28.3875, 0.0, 0.0
2024-08-01 01:59:21.632, -0.09661021, -0.008374879, 9.856635, 0.0015271181, 0.004275931, 0.004046863, -0.09792715, 0.0072344677, 9.806158, -22.556252, -35.025, -28.593752, 0.0, 0.0
2024-08-01 01:59:22.644, -0.3167499, 0.09212367, 9.823135, -0.0056503373, -0.018936265, 0.0012980504, -0.2601384, 0.062697604, 9.802999, -22.6875, -34.987503, -28.968752, 0.0, 0.0
2024-08-01 01:59:23.657, -0.23539393, 0.13280165, 9.827921, 0.008399149, 0.0030542363, 9.926268E-4, -0.1827171, 0.045474976, 9.804843, -22.612501, -35.100002, -29.250002, 0.0, 0.0
2024-08-01 01:59:24.670, -0.18753748, 0.03708875, 9.870992, -0.008170082, -0.018936265, 0.014125843, -0.18510118, 0.055316, 9.804747, -22.087502, -35.287502, -28.85625, 4.5930346, -74.1822024
2024-08-01 01:59:25.684, -0.12532409, 0.025124637, 9.856635, -9.926268E-4, -0.0045813546, 0.003436016, -0.11678947, 0.026199067, 9.805921, -22.331251, -35.4375, -28.425001, 4.5930394, -74.1822026
2024-08-01 01:59:26.697, 0.0017946169, -0.0011964113, 9.868599, 0.0030542363, 0.0012216945, 0.002519745, 0.037423722, -0.010168347, 9.806574, -22.743752, -35.11875, -28.48125, 4.5930563, -74.1822034
2024-08-01 01:59:27.709, -0.034396827, 0.03708875, 9.722636, 0.02611372, 0.09162709, 9.926268E-4, -0.11550315, 0.045360565, 9.805865, -22.3875, -34.59375, -28.650002, 4.5930722, -74.1822043
2024-08-01 01:59:28.723, -0.09421739, -0.010767702, 9.835099, -0.008780929, -0.025961008, 0.005879405, -0.12836845, 0.05250772, 9.805669, -22.5, -34.40625, -28.593752, 4.5930845, -74.182205
2024-08-01 01:59:29.735, 0.071186475, 0.046660043, 9.799207, 0.01305686, -0.014660334, 0.0086282175, -0.0018328285, -9.935012E-5, 9.80665, -23.081251, -35.0625, -27.956251, 4.5930985, -74.1822059
2024-08-01 01:59:30.748, 0.16211374, -0.015553347, 9.859028, -0.0031305922, -0.012216945, 0.0080173705, 0.19103324, -0.03644788, 9.804722, -23.643751, -35.4, -28.368752, 4.5930753, -74.1822211
2024-08-01 01:59:31.759, 0.14536397, 0.020338992, 9.873384, -9.926268E-4, -0.007330167, 0.012904149, 0.09046332, 0.004069744, 9.806232, -22.95, -34.74375, -28.462502, 4.5930758, -74.1822211
2024-08-01 01:59:32.772, -0.23060828, 0.101694964, 9.851849, 0.017714571, 0.04367558, 0.0077119465, -0.18716036, 0.09145071, 9.804438, -22.2, -34.818752, -28.406252, 4.5930653, -74.1822249
2024-08-01 01:59:33.787, -0.11335997, 0.14476576, 9.887741, 0.05077668, 0.07330167, -0.0020616094, -0.17989348, 0.08806818, 9.804605, -22.462502, -35.006252, -28.800001, 4.5930654, -74.1822251
2024-08-01 01:59:34.799, -0.1061815, 0.058624156, 9.856635, 6.1084726E-4, -0.0070247436, 0.011682454, -0.13864967, 0.0798237, 9.805345, -23.0625, -34.74375, -28.725, 4.59307, -74.1822238
2024-08-01 01:59:35.811, -0.14207384, 0.08015956, 9.854242, -0.003436016, -0.01007898, 0.0122933015, -0.15747836, 0.08502948, 9.805017, -22.7625, -35.0625, -28.95, 4.5930662, -74.1822254
2024-08-01 01:59:36.823, -0.19471595, 0.11365908, 9.880563, 0.015194826, 0.019852536, 0.021150587, -0.31868538, 0.11628847, 9.80078, -22.650002, -35.025, -29.025002, 4.5930623, -74.1822271
2024-08-01 01:59:37.836, -0.34307095, 0.09930214, 9.794421, 9.162709E-4, -0.027488127, 0.023899399, -0.23728716, 0.0860882, 9.8034, -22.3875, -35.23125, -28.893751, 4.5930612, -74.1822284
2024-08-01 01:59:38.845, -0.18275183, 0.06580263, 9.847063, 0.0030542363, -3.0542363E-4, 0.011682454, -0.18775064, 0.07336939, 9.804579, -22.5375, -34.800003, -28.7625, 4.593062, -74.1822284
2024-08-01 01:59:39.850, -5.9820566E-4, 0.06819545, 9.849456, -0.008780929, -0.024128467, 0.0098499125, -0.015129956, 0.050144453, 9.80651, -22.518751, -34.95, -28.63125, 4.5930468, -74.1822243
2024-08-01 01:59:40.855, -0.051146585, 0.01794617, 9.856635, 3.0542363E-4, -0.004275931, 0.008322794, -0.036260597, 0.051754102, 9.806446, -22.5, -35.025, -27.975, 4.5930395, -74.1822223
2024-08-01 01:59:41.860, 0.0424726, 0.058624156, 9.868599, 0.0021379655, -0.0018325418, 0.011987877, -0.01121347, 0.049842753, 9.806518, -22.575, -34.8375, -27.843752, 4.5930405, -74.1822226
2024-08-01 01:59:42.866, -0.010169496, 0.08255238, 9.842278, 0.006795676, 0.013133216, 0.010766183, -0.009937627, 0.048217874, 9.806527, -23.025002, -34.78125, -28.10625, 4.5930455, -74.182224
2024-08-01 01:59:43.872, -0.014955142, 0.039481573, 9.854242, 0.004352287, 0.0015271181, 0.006795676, 0.01234713, 0.042343754, 9.80655, -22.6875, -34.3875, -28.35, 4.5930474, -74.1822246
2024-08-01 01:59:44.880, 0.028115666, 0.058624156, 9.854242, -3.8177954E-4, -0.0012216945, 0.004963134, 0.030901717, 0.04328064, 9.806506, -22.35, -34.59375, -28.85625, 4.5930497, -74.1822254
2024-08-01 01:59:45.890, 0.0424726, 0.05383851, 9.837492, 0.004046863, 0.006413896, 0.0028251687, 0.042281006, 0.043397427, 9.806463, -22.63125, -34.65, -28.7625, 4.593046, -74.1822246
2024-08-01 01:59:46.901, 0.09272188, 0.039481573, 9.851849, 0.00335966, 0.0012216945, 0.0080173705, 0.082294375, 0.04299133, 9.8062105, -23.0625, -34.818752, -28.968752, 4.593047, -74.182225
2024-08-01 01:59:47.914, 0.09990034, 0.0011964113, 9.839885, 3.0542363E-4, -0.008246438, 0.015958386, 0.024276678, 0.036316205, 9.806553, -22.518751, -34.800003, -28.987501, 4.5930501, -74.1822259
2024-08-01 01:59:48.926, 0.018544376, 0.07298109, 9.880563, -3.8177954E-4, -0.007330167, 0.019623468, 0.015215553, 0.07954958, 9.806316, -22.5, -34.78125, -28.66875, 4.5930511, -74.1822265
2024-08-01 01:59:49.942, 0.09272188, 0.049052864, 9.859028, 0.009620844, 0.026571855, 0.004352287, 0.09643572, 0.043060914, 9.806082, -22.29375, -34.78125, -28.612501, 4.5930584, -74.1822278
2024-08-01 01:59:50.954, 0.0065802624, 0.07537391, 9.665209, 0.0036650836, 0.016492875, 0.011682454, -0.016875403, 0.06837952, 9.806397, -22.44375, -34.66875, -28.29375, 4.5930614, -74.1822285
2024-08-01 01:59:51.964, 0.01375873, 0.013160525, 9.847063, 0.0015271181, 0.002443389, 0.002519745, 0.039800204, 0.049776826, 9.806443, -22.95, -35.081253, -28.63125, 4.5930678, -74.1822295
2024-08-01 01:59:52.984, 0.025722843, 0.07058827, 9.868599, 0.009315421, 0.005497625, 0.011987877, 0.041010115, 0.05189208, 9.806427, -22.987501, -34.875, -27.937502, 4.5930711, -74.1822299
2024-08-01 01:59:53.997, -1.3893327, -0.15672988, 10.426426, 1.0124793, 2.3845186, -0.004810422, -1.3017224, 0.3927001, 9.711936, -21.65625, -34.48125, -29.643751, 4.5930685, -74.1822297
2024-08-01 01:59:55.008, 0.89461654, -0.37686956, 9.873384, -0.009391776, 0.020768806, 0.029702447, 0.9313097, -0.3093626, 9.757425, -23.681252, -39.1875, -26.812502, 4.5930754, -74.1822323
2024-08-01 01:59:56.020, 0.65294147, -0.31226337, 9.772886, -0.014965758, -0.018936265, -0.08941277, 0.95228946, -0.3462322, 9.75416, -24.056252, -39.393753, -27.093752, 4.5930801, -74.1822342
2024-08-01 01:59:57.031, 1.1150553, -0.4322036, 9.725029, 0.008704574, -0.058946762, 0.06482617, 0.9805545, -0.33075428, 9.751899, -24.50625, -39.7125, -26.625002, 4.5930863, -74.1822367
2024-08-01 01:59:58.041, 1.0812567, -0.34097722, 9.81835, -0.043370154, -0.00335966, 0.01137703, 1.0906442, -0.44025818, 9.735865, -24.243752, -40.0125, -26.868752, 4.5930904, -74.1822391
2024-08-01 01:59:59.052, -0.07507481, -1.224527, 9.856635, 0.13705885, 0.42514968, -0.20547375, 0.22446692, -0.35166487, 9.797772, -23.85, -40.96875, -26.343752, 4.5930895, -74.1822391
