2024-07-18 21:00:44.440, -0.022432713, -9.786943, -1.0573285, 0.0018325418, 0.4306473, -0.17393875, -0.16283014, -9.770416, -0.82634336, -8.1, 301.14377, 82.068756, 4.5923712, -74.1815686
2024-07-18 21:10:19.998, -0.022432713, -9.786943, -1.0573285, 0.0018325418, 0.4306473, -0.17393875, -0.16283014, -9.770416, -0.82634336, -8.1, 301.14377, 82.068756, 4.5923712, -74.1815686
2024-07-18 21:16:46.807, -0.022432713, -9.786943, -1.0573285, 0.0018325418, 0.4306473, -0.17393875, -0.16283014, -9.770416, -0.82634336, -8.1, 301.14377, 82.068756, 4.5923712, -74.1815686
2024-07-18 21:18:35.502, -0.022432713, -9.786943, -1.0573285, 0.0018325418, 0.4306473, -0.17393875, -0.16283014, -9.770416, -0.82634336, -8.1, 301.14377, 82.068756, 4.5923712, -74.1815686
2024-07-18 21:22:43.898, -0.022432713, -9.786943, -1.0573285, 0.0018325418, 0.4306473, -0.17393875, -0.16283014, -9.770416, -0.82634336, -8.1, 301.14377, 82.068756, 4.5923712, -74.1815686
2024-07-18 21:24:39.407, -0.022432713, -9.786943, -1.0573285, 0.0018325418, 0.4306473, -0.17393875, -0.16283014, -9.770416, -0.82634336, -8.1, 301.14377, 82.068756, 4.5923712, -74.1815686
2024-07-18 21:25:51.601, -0.022432713, -9.786943, -1.0573285, 0.0018325418, 0.4306473, -0.17393875, -0.16283014, -9.770416, -0.82634336, -8.1, 301.14377, 82.068756, 4.5923712, -74.1815686
2024-07-18 21:33:33.790, -0.022432713, -9.786943, -1.0573285, 0.0018325418, 0.4306473, -0.17393875, -0.16283014, -9.770416, -0.82634336, -8.1, 301.14377, 82.068756, 4.5923712, -74.1815686
2024-07-18 21:33:34.797, -0.022432713, -9.786943, -1.0573285, 0.0018325418, 0.4306473, -0.17393875, -0.16283014, -9.770416, -0.82634336, -8.1, 301.14377, 82.068756, 4.5923712, -74.1815686
2024-07-18 21:43:15.801, -0.022432713, -9.786943, -1.0573285, 0.0018325418, 0.4306473, -0.17393875, -0.16283014, -9.770416, -0.82634336, -8.1, 301.14377, 82.068756, 4.5923712, -74.1815686
2024-07-18 21:43:16.811, -0.022432713, -9.786943, -1.0573285, 0.0018325418, 0.4306473, -0.17393875, -0.16283014, -9.770416, -0.82634336, -8.1, 301.14377, 82.068756, 4.5923712, -74.1815686
2024-07-18 21:49:14.782, -0.022432713, -9.786943, -1.0573285, 0.0018325418, 0.4306473, -0.17393875, -0.16283014, -9.770416, -0.82634336, -8.1, 301.14377, 82.068756, 4.5923712, -74.1815686
2024-07-18 21:49:15.786, -0.04755735, -9.808479, -1.070489, 0.0018325418, 0.4306473, -0.17393875, -0.16283014, -9.770416, -0.82634336, -8.1, 301.14377, 82.068756, 4.5923712, -74.1815686
2024-07-18 21:49:16.792, -0.03678965, -9.795319, -1.0764711, 0.0018325418, 0.4306473, -0.17393875, -0.16283014, -9.770416, -0.82634336, -8.1, 301.14377, 82.068756, 4.5923712, -74.1815686
2024-07-18 21:49:17.796, -0.04875376, -9.797711, -1.064507, 0.0018325418, 0.4306473, -0.17393875, -0.16283014, -9.770416, -0.82634336, -8.1, 301.14377, 82.068756, 4.5923712, -74.1815686
2024-07-18 21:49:18.799, -0.03798606, -9.794122, -1.0680962, 0.0018325418, 0.4306473, -0.17393875, -0.16283014, -9.770416, -0.82634336, -8.1, 301.14377, 82.068756, 4.5923712, -74.1815686
2024-07-18 21:49:19.803, -0.03798606, -9.794122, -1.0680962, 0.0018325418, 0.4306473, -0.17393875, -0.16283014, -9.770416, -0.82634336, -8.1, 301.14377, 82.068756, 4.5923712, -74.1815686
2024-07-18 21:49:20.806, -0.02961118, -9.795319, -1.070489, 0.0018325418, 0.4306473, -0.17393875, -0.16283014, -9.770416, -0.82634336, -8.1, 301.14377, 82.068756, 4.5923712, -74.1815686
2024-07-18 21:49:21.811, -0.032004002, -9.800104, -1.064507, 0.0018325418, 0.4306473, -0.17393875, -0.16283014, -9.770416, -0.82634336, -8.1, 301.14377, 82.068756, 4.5923712, -74.1815686
2024-07-18 21:49:22.816, -0.035593238, -9.80489, -1.0740783, 0.0018325418, 0.4306473, -0.17393875, -0.16283014, -9.770416, -0.82634336, -8.1, 301.14377, 82.068756, 4.5923712, -74.1815686
2024-07-18 21:49:23.823, -0.053539407, -9.802497, -1.0740783, 0.0018325418, 0.4306473, -0.17393875, -0.16283014, -9.770416, -0.82634336, -8.1, 301.14377, 82.068756, 4.5923712, -74.1815686
2024-07-18 21:49:24.830, -0.053539407, -9.802497, -1.0740783, 0.0018325418, 0.4306473, -0.17393875, -0.16283014, -9.770416, -0.82634336, -8.1, 301.14377, 82.068756, 4.5922558, -74.1817688
2024-07-18 21:49:25.835, -0.053539407, -9.802497, -1.0740783, 0.0018325418, 0.4306473, -0.17393875, -0.16283014, -9.770416, -0.82634336, -8.1, 301.14377, 82.068756, 4.5922923, -74.1817324
2024-07-18 21:49:26.842, -0.053539407, -9.802497, -1.0740783, 0.0018325418, 0.4306473, -0.17393875, -0.16283014, -9.770416, -0.82634336, -8.1, 301.14377, 82.068756, 4.5922696, -74.1817299
2024-07-18 21:49:27.851, -0.053539407, -9.802497, -1.0740783, 0.0018325418, 0.4306473, -0.17393875, -0.16283014, -9.770416, -0.82634336, -8.1, 301.14377, 82.068756, 4.5922436, -74.1817099
2024-07-18 21:49:28.858, -0.053539407, -9.802497, -1.0740783, 0.0018325418, 0.4306473, -0.17393875, -0.16283014, -9.770416, -0.82634336, -8.1, 301.14377, 82.068756, 4.5922302, -74.1816958
2024-07-18 21:49:29.862, -0.041575294, -9.777372, -1.0764711, 0.0018325418, 0.4306473, -0.17393875, -0.16283014, -9.770416, -0.82634336, -13.89375, 295.66876, 84.9375, 4.5922353, -74.1816843
2024-07-18 21:49:30.868, -0.03678965, -9.789336, -1.0668998, 0.0018325418, 0.4306473, -0.17393875, -0.16283014, -9.770416, -0.82634336, -13.762501, 295.7625, 84.7125, 4.5922465, -74.1816791
2024-07-18 21:49:31.873, -0.04636094, -9.801301, -1.0597214, 0.0018325418, 0.4306473, -0.17393875, -0.16283014, -9.770416, -0.82634336, -13.05, 295.59375, 84.65625, 4.5922559, -74.181677
2024-07-18 21:49:32.877, -0.032004002, -9.798908, -1.0836495, 0.0018325418, 0.4306473, -0.17393875, -0.16283014, -9.770416, -0.82634336, -13.81875, 295.27502, 84.506256, 4.5922583, -74.1816791
2024-07-18 21:49:33.881, -0.051146585, -9.791729, -1.0597214, 0.0018325418, 0.4306473, -0.17393875, -0.16283014, -9.770416, -0.82634336, -13.668751, 295.33127, 84.506256, 4.5922596, -74.1816792
2024-07-18 21:49:34.884, -0.03678965, -9.796515, -1.0668998, 0.0018325418, 0.4306473, -0.17393875, -0.16283014, -9.770416, -0.82634336, -14.212501, 294.9375, 84.225006, 4.5922596, -74.1816794
2024-07-18 21:49:35.888, -0.04636094, -9.798908, -1.0597214, 0.0018325418, 0.4306473, -0.17393875, -0.16283014, -9.770416, -0.82634336, -14.156251, 295.35, 84.9375, 4.5922602, -74.181679
2024-07-18 21:49:36.893, -0.03918247, -9.798908, -1.0668998, 0.0018325418, 0.4306473, -0.17393875, -0.16283014, -9.770416, -0.82634336, -13.875001, 294.67502, 85.012505, 4.5922608, -74.1816786
2024-07-18 21:49:37.897, -0.041575294, -9.784551, -1.0764711, 0.0018325418, 0.4306473, -0.17393875, -0.16283014, -9.770416, -0.82634336, -13.668751, 295.3125, 85.012505, 4.5922614, -74.1816782
2024-07-18 21:49:38.901, -0.04875376, -9.806087, -1.0668998, 0.0018325418, 0.4306473, -0.17393875, -0.16283014, -9.770416, -0.82634336, -13.931251, 295.05002, 85.125, 4.5922616, -74.1816779
2024-07-18 21:49:39.905, -0.041575294, -9.798908, -1.0716854, 0.0018325418, 0.4306473, -0.17393875, -0.16283014, -9.770416, -0.82634336, -14.45625, 294.6375, 84.825005, 4.5922617, -74.1816775
2024-07-18 21:49:40.910, -0.055932228, -9.803694, -1.0668998, 0.0018325418, 0.4306473, -0.17393875, -0.16283014, -9.770416, -0.82634336, -13.687501, 295.08752, 84.731255, 4.5922618, -74.1816773
2024-07-18 21:49:41.914, -0.03678965, -9.801301, -1.064507, 0.0018325418, 0.4306473, -0.17393875, -0.16283014, -9.770416, -0.82634336, -14.38125, 295.42502, 84.9375, 4.5922617, -74.1816773
2024-07-18 21:49:42.919, -0.02961118, -9.789336, -1.0692927, 0.0018325418, 0.4306473, -0.17393875, -0.16283014, -9.770416, -0.82634336, -13.856251, 295.59375, 84.4875, 4.5922617, -74.1816773
2024-07-18 21:49:43.925, -0.04875376, -9.796515, -1.0692927, 0.0018325418, 0.4306473, -0.17393875, -0.16283014, -9.770416, -0.82634336, -14.118751, 295.5, 84.543755, 4.5922617, -74.1816773
2024-07-18 21:49:44.929, -0.024825536, -9.801301, -1.0668998, 0.0018325418, 0.4306473, -0.17393875, -0.16283014, -9.770416, -0.82634336, -14.212501, 295.44376, 84.7125, 4.5922617, -74.1816772
2024-07-18 21:49:47.352, -0.034396827, -9.798908, -1.0668998, 0.0018325418, 0.4306473, -0.17393875, -0.16283014, -9.770416, -0.82634336, -13.9125, 295.33127, 84.43125, 4.5922617, -74.1816772
2024-07-18 21:49:48.361, -0.053539407, -9.806087, -1.0668998, 0.0018325418, 0.4306473, -0.17393875, -0.16283014, -9.770416, -0.82634336, -14.306251, 295.85626, 84.3375, 4.5922617, -74.1816771
2024-07-18 21:49:49.366, -0.041575294, -9.786943, -1.0812567, 0.0018325418, 0.4306473, -0.17393875, -0.16283014, -9.770416, -0.82634336, -14.493751, 295.6875, 84.24375, 4.5922616, -74.1816771
2024-07-18 21:49:52.122, -0.041575294, -9.779765, -1.0740783, 0.0018325418, 0.4306473, -0.17393875, -0.16283014, -9.770416, -0.82634336, -14.437501, 295.2, 85.05, 4.5922616, -74.1816771
2024-07-18 21:49:53.124, -0.032004002, -9.798908, -1.0692927, 0.0018325418, 0.4306473, -0.17393875, -0.16283014, -9.770416, -0.82634336, -14.418751, 295.21875, 85.162506, 4.5922616, -74.181677
2024-07-18 21:49:54.127, -0.043968115, -9.794122, -1.0668998, 0.0018325418, 0.4306473, -0.17393875, -0.16283014, -9.770416, -0.82634336, -13.762501, 295.3125, 85.05, 4.5922617, -74.181677
2024-07-18 21:49:55.129, -0.051146585, -9.794122, -1.064507, 0.0018325418, 0.4306473, -0.17393875, -0.16283014, -9.770416, -0.82634336, -13.575001, 296.08127, 84.58125, 4.5922664, -74.1816742
2024-07-18 21:49:57.578, -0.034396827, -9.806087, -1.0740783, 0.0018325418, 0.4306473, -0.17393875, -0.16283014, -9.770416, -0.82634336, -13.837501, 295.66876, 84.318756, 4.5922758, -74.181669
2024-07-18 21:49:58.583, -0.051146585, -9.798908, -1.0621141, 0.0018325418, 0.4306473, -0.17393875, -0.16283014, -9.770416, -0.82634336, -14.19375, 294.99377, 85.14375, 4.5922796, -74.1816668
2024-07-18 21:49:59.586, -0.03678965, -9.782158, -1.0740783, 0.0018325418, 0.4306473, -0.17393875, -0.16283014, -9.770416, -0.82634336, -13.70625, 295.725, 84.168755, 4.5922828, -74.1816651
2024-07-18 21:50:02.143, -0.03918247, -9.794122, -1.0716854, 0.0018325418, 0.4306473, -0.17393875, -0.16283014, -9.770416, -0.82634336, -13.70625, 295.725, 84.28125, 4.592287, -74.1816701
2024-07-18 21:50:03.145, -0.043968115, -9.801301, -1.0692927, 0.0018325418, 0.4306473, -0.17393875, -0.16283014, -9.770416, -0.82634336, -14.08125, 295.6875, 84.825005, 4.5922894, -74.1816719
2024-07-18 21:50:04.147, -0.058325052, -9.782158, -1.064507, 0.0018325418, 0.4306473, -0.17393875, -0.16283014, -9.770416, -0.82634336, -13.650001, 295.40625, 84.3375, 4.5922918, -74.1816758
2024-07-18 21:50:05.149, -0.058325052, -9.786943, -1.0668998, 0.0018325418, 0.4306473, -0.17393875, -0.16283014, -9.770416, -0.82634336, -13.837501, 295.66876, 84.356255, 4.5922952, -74.1816809
2024-07-18 21:50:08.380, -0.041575294, -9.808479, -1.0716854, 0.0018325418, 0.4306473, -0.17393875, -0.16283014, -9.770416, -0.82634336, -14.343751, 295.05002, 85.03125, 4.5922965, -74.1816824
2024-07-18 21:50:09.386, -0.043968115, -9.791729, -1.0692927, 0.0018325418, 0.4306473, -0.17393875, -0.16283014, -9.770416, -0.82634336, -13.63125, 295.2, 84.3375, 4.5922965, -74.1816829
2024-07-18 21:50:11.126, -0.043968115, -9.806087, -1.0740783, 0.0018325418, 0.4306473, -0.17393875, -0.16283014, -9.770416, -0.82634336, -13.6125, 295.89377, 84.731255, 4.5922964, -74.1816831
2024-07-18 21:50:13.630, -0.067896344, -9.789336, -1.064507, 0.0018325418, 0.4306473, -0.17393875, -0.16283014, -9.770416, -0.82634336, -13.6125, 295.48126, 84.4875, 4.5922964, -74.1816833
2024-07-18 21:50:14.634, -0.03918247, -9.786943, -1.0668998, 0.0018325418, 0.4306473, -0.17393875, -0.16283014, -9.770416, -0.82634336, -14.118751, 295.42502, 84.525, 4.5922964, -74.1816833
2024-07-18 21:50:16.236, -0.041575294, -9.798908, -1.0668998, 0.0018325418, 0.4306473, -0.17393875, -0.16283014, -9.770416, -0.82634336, -14.418751, 294.975, 84.262505, 4.5922963, -74.1816833
2024-07-18 21:50:17.855, -0.063110694, -9.798908, -1.064507, 0.0018325418, 0.4306473, -0.17393875, -0.16283014, -9.770416, -0.82634336, -14.08125, 294.975, 84.675, 4.5922964, -74.1816833
2024-07-18 21:50:18.861, -0.034396827, -9.798908, -1.064507, 0.0018325418, 0.4306473, -0.17393875, -0.16283014, -9.770416, -0.82634336, -13.9125, 295.1625, 84.600006, 4.5922963, -74.1816834
2024-07-18 21:50:19.866, -0.060717873, -9.801301, -1.0716854, 0.0018325418, 0.4306473, -0.17393875, -0.16283014, -9.770416, -0.82634336, -13.9875, 295.21875, 84.46875, 4.5922962, -74.1816835
2024-07-18 21:50:22.164, -0.034396827, -9.791729, -1.064507, 0.0018325418, 0.4306473, -0.17393875, -0.16283014, -9.770416, -0.82634336, -13.650001, 295.10626, 84.7125, 4.5922962, -74.1816834
2024-07-18 21:50:23.166, -0.041575294, -9.791729, -1.0692927, 0.0018325418, 0.4306473, -0.17393875, -0.16283014, -9.770416, -0.82634336, -14.118751, 295.3125, 84.637505, 4.5922965, -74.1816832
2024-07-18 21:50:24.168, -0.04636094, -9.803694, -1.064507, 0.0018325418, 0.4306473, -0.17393875, -0.16283014, -9.770416, -0.82634336, -13.725, 295.70627, 84.787506, 4.5922969, -74.1816827
2024-07-18 21:50:25.172, -0.043968115, -9.789336, -1.0668998, 0.0018325418, 0.4306473, -0.17393875, -0.16283014, -9.770416, -0.82634336, -14.08125, 294.69376, 84.731255, 4.5922972, -74.1816824
2024-07-18 21:50:28.184, -0.041575294, -9.798908, -1.0668998, 0.0018325418, 0.4306473, -0.17393875, -0.16283014, -9.770416, -0.82634336, -13.44375, 295.27502, 84.731255, 4.5922979, -74.1816816
2024-07-18 21:50:29.188, -0.024825536, -9.806087, -1.064507, 0.0018325418, 0.4306473, -0.17393875, -0.16283014, -9.770416, -0.82634336, -13.593751, 295.61252, 84.84375, 4.5922981, -74.1816814
2024-07-18 21:50:30.194, -0.041575294, -9.791729, -1.0621141, 0.0018325418, 0.4306473, -0.17393875, -0.16283014, -9.770416, -0.82634336, -14.175, 295.7625, 84.975006, 4.5922984, -74.1816811
2024-07-18 21:50:32.447, -0.063110694, -9.798908, -1.0621141, 0.0018325418, 0.4306473, -0.17393875, -0.16283014, -9.770416, -0.82634336, -13.650001, 295.33127, 84.9, 4.5922984, -74.1816809
2024-07-18 21:50:33.454, -0.032004002, -9.789336, -1.0716854, 0.0018325418, 0.4306473, -0.17393875, -0.16283014, -9.770416, -0.82634336, -14.025001, 295.6875, 84.731255, 4.5922986, -74.1816807
2024-07-18 21:50:34.460, -0.034396827, -9.806087, -1.0668998, 0.0018325418, 0.4306473, -0.17393875, -0.16283014, -9.770416, -0.82634336, -14.043751, 296.1375, 84.693756, 4.5922986, -74.1816807
2024-07-18 21:50:36.158, -0.032004002, -9.813265, -1.0692927, 0.0018325418, 0.4306473, -0.17393875, -0.16283014, -9.770416, -0.82634336, -14.08125, 295.78125, 84.84375, 4.5922987, -74.1816806
2024-07-18 21:50:38.393, -0.051146585, -9.791729, -1.0692927, 0.0018325418, 0.4306473, -0.17393875, -0.16283014, -9.770416, -0.82634336, -13.931251, 295.74377, 84.24375, 4.5922987, -74.1816804
2024-07-18 21:50:39.398, -0.043968115, -9.794122, -1.0716854, 0.0018325418, 0.4306473, -0.17393875, -0.16283014, -9.770416, -0.82634336, -13.387501, 295.83752, 84.28125, 4.5922987, -74.1816803
2024-07-18 21:50:41.142, -0.04636094, -9.791729, -1.0668998, 0.0018325418, 0.4306473, -0.17393875, -0.16283014, -9.770416, -0.82634336, -14.00625, 295.25626, 84.99375, 4.5922987, -74.1816803
2024-07-18 21:50:43.524, -0.04875376, -9.806087, -1.0692927, 0.0018325418, 0.4306473, -0.17393875, -0.16283014, -9.770416, -0.82634336, -13.462501, 294.95627, 84.46875, 4.5922987, -74.1816802
2024-07-18 21:50:44.528, -0.041575294, -9.813265, -1.0740783, 0.0018325418, 0.4306473, -0.17393875, -0.16283014, -9.770416, -0.82634336, -13.781251, 295.74377, 84.61875, 4.5922987, -74.1816801
2024-07-18 21:50:46.134, -0.027218357, -9.796515, -1.0668998, 0.0018325418, 0.4306473, -0.17393875, -0.16283014, -9.770416, -0.82634336, -13.875001, 295.46252, 84.5625, 4.5922986, -74.1816801
2024-07-18 21:50:48.494, -0.03918247, -9.794122, -1.0716854, 0.0018325418, 0.4306473, -0.17393875, -0.16283014, -9.770416, -0.82634336, -14.212501, 295.21875, 84.168755, 4.5922985, -74.1816801
2024-07-18 21:50:49.499, -0.03918247, -9.782158, -1.0692927, 0.0018325418, 0.4306473, -0.17393875, -0.16283014, -9.770416, -0.82634336, -13.950001, 295.65002, 84.075005, 4.5922984, -74.1816802
2024-07-18 21:50:51.143, -0.04875376, -9.808479, -1.0668998, 0.0018325418, 0.4306473, -0.17393875, -0.16283014, -9.770416, -0.82634336, -13.6125, 295.59375, 84.3375, 4.5922983, -74.1816801
2024-07-18 21:50:52.817, -0.034396827, -9.794122, -1.0716854, 0.0018325418, 0.4306473, -0.17393875, -0.16283014, -9.770416, -0.82634336, -13.81875, 295.2, 85.03125, 4.5922982, -74.1816802
2024-07-18 21:50:53.822, -0.041575294, -9.798908, -1.0692927, 0.0018325418, 0.4306473, -0.17393875, -0.16283014, -9.770416, -0.82634336, -13.781251, 295.80002, 84.075005, 4.5922981, -74.1816802
2024-07-18 21:50:54.825, -0.053539407, -9.798908, -1.0788639, 0.0018325418, 0.4306473, -0.17393875, -0.16283014, -9.770416, -0.82634336, -13.931251, 295.10626, 84.037506, 4.592298, -74.1816803
2024-07-18 21:50:57.150, -0.04636094, -9.791729, -1.0740783, 0.0018325418, 0.4306473, -0.17393875, -0.16283014, -9.770416, -0.82634336, -13.968751, 295.5, 84.637505, 4.5922978, -74.1816803
2024-07-18 21:50:58.871, -0.055932228, -9.810872, -1.0740783, 0.0018325418, 0.4306473, -0.17393875, -0.16283014, -9.770416, -0.82634336, -13.781251, 295.10626, 84.4875, 4.592298, -74.1816802
2024-07-18 21:50:59.878, -0.034396827, -9.796515, -1.0692927, 0.0018325418, 0.4306473, -0.17393875, -0.16283014, -9.770416, -0.82634336, -14.325001, 295.2, 84.20625, 4.592298, -74.1816802
2024-07-18 21:51:02.139, -0.034396827, -9.794122, -1.0740783, 0.0018325418, 0.4306473, -0.17393875, -0.16283014, -9.770416, -0.82634336, -14.175, 294.6375, 84.76875, 4.5922979, -74.1816802
2024-07-18 21:51:03.883, -0.03918247, -9.784551, -1.0621141, 0.0018325418, 0.4306473, -0.17393875, -0.16283014, -9.770416, -0.82634336, -14.118751, 295.2, 84.76875, 4.592298, -74.1816802
2024-07-18 21:51:04.887, -0.051146585, -9.791729, -1.0812567, 0.0018325418, 0.4306473, -0.17393875, -0.16283014, -9.770416, -0.82634336, -14.062501, 295.46252, 84.1125, 4.592298, -74.1816801
2024-07-18 21:51:07.139, -0.03678965, -9.796515, -1.0716854, 0.0018325418, 0.4306473, -0.17393875, -0.16283014, -9.770416, -0.82634336, -13.950001, 295.83752, 84.99375, 4.592298, -74.1816801
2024-07-18 21:51:08.887, -0.04636094, -9.796515, -1.0621141, 0.0018325418, 0.4306473, -0.17393875, -0.16283014, -9.770416, -0.82634336, -13.9875, 296.08127, 84.825005, 4.5922979, -74.1816801
2024-07-18 21:51:09.892, -0.015254244, -9.806087, -1.0692927, 0.0018325418, 0.4306473, -0.17393875, -0.16283014, -9.770416, -0.82634336, -13.9125, 295.46252, 84.75, 4.592298, -74.1816801
2024-07-18 21:51:12.152, -0.055932228, -9.796515, -1.0740783, 0.0018325418, 0.4306473, -0.17393875, -0.16283014, -9.770416, -0.82634336, -14.043751, 295.93127, 85.012505, 4.592298, -74.18168
2024-07-18 21:51:13.954, -0.034396827, -9.806087, -1.0716854, 0.0018325418, 0.4306473, -0.17393875, -0.16283014, -9.770416, -0.82634336, -14.400001, 295.33127, 84.4875, 4.592298, -74.18168
2024-07-18 21:51:14.958, -0.02961118, -9.794122, -1.0788639, 0.0018325418, 0.4306473, -0.17393875, -0.16283014, -9.770416, -0.82634336, -13.931251, 295.63126, 84.1875, 4.5922981, -74.1816799
2024-07-18 21:51:17.139, -0.051146585, -9.796515, -1.0716854, 0.0018325418, 0.4306473, -0.17393875, -0.16283014, -9.770416, -0.82634336, -13.875001, 295.23752, 84.84375, 4.5922982, -74.1816799
2024-07-18 21:51:18.901, -0.041575294, -9.791729, -1.0764711, 0.0018325418, 0.4306473, -0.17393875, -0.16283014, -9.770416, -0.82634336, -13.668751, 295.36877, 84.61875, 4.5922982, -74.1816799
2024-07-18 21:51:19.906, -0.051146585, -9.796515, -1.0668998, 0.0018325418, 0.4306473, -0.17393875, -0.16283014, -9.770416, -0.82634336, -14.437501, 295.575, 84.075005, 4.5922983, -74.1816798
2024-07-18 21:51:22.163, -0.032004002, -9.794122, -1.064507, 0.0018325418, 0.4306473, -0.17393875, -0.16283014, -9.770416, -0.82634336, -13.856251, 295.18127, 84.637505, 4.5922984, -74.1816798
2024-07-18 21:51:23.940, -0.04875376, -9.794122, -1.064507, 0.0018325418, 0.4306473, -0.17393875, -0.16283014, -9.770416, -0.82634336, -13.762501, 296.00626, 84.43125, 4.5922986, -74.1816797
2024-07-18 21:51:24.944, -0.02961118, -9.791729, -1.0716854, 0.0018325418, 0.4306473, -0.17393875, -0.16283014, -9.770416, -0.82634336, -14.08125, 295.36877, 84.75, 4.5922986, -74.1816797
2024-07-18 21:51:27.154, -0.041575294, -9.798908, -1.0573285, 0.0018325418, 0.4306473, -0.17393875, -0.16283014, -9.770416, -0.82634336, -14.38125, 295.03125, 84.4875, 4.5922987, -74.1816796
2024-07-18 21:51:28.912, -0.03918247, -9.803694, -1.0740783, 0.0018325418, 0.4306473, -0.17393875, -0.16283014, -9.770416, -0.82634336, -13.968751, 295.03125, 85.200005, 4.5922989, -74.1816795
2024-07-18 21:51:29.916, -0.032004002, -9.794122, -1.0716854, 0.0018325418, 0.4306473, -0.17393875, -0.16283014, -9.770416, -0.82634336, -14.26875, 294.88126, 84.20625, 4.592299, -74.1816795
2024-07-18 21:51:32.186, -0.032004002, -9.782158, -1.0764711, 0.0018325418, 0.4306473, -0.17393875, -0.16283014, -9.770416, -0.82634336, -13.25625, 295.66876, 85.162506, 4.5922992, -74.1816794
2024-07-18 21:51:33.895, -0.02961118, -9.798908, -1.0573285, 0.0018325418, 0.4306473, -0.17393875, -0.16283014, -9.770416, -0.82634336, -14.212501, 295.575, 84.43125, 4.5922994, -74.1816793
2024-07-18 21:51:34.899, -0.04875376, -9.808479, -1.0716854, 0.0018325418, 0.4306473, -0.17393875, -0.16283014, -9.770416, -0.82634336, -14.175, 295.14377, 83.850006, 4.5922995, -74.1816793
2024-07-18 21:51:37.146, -0.03918247, -9.791729, -1.0716854, 0.0018325418, 0.4306473, -0.17393875, -0.16283014, -9.770416, -0.82634336, -13.6125, 295.10626, 83.7375, 4.5922996, -74.1816793
2024-07-18 21:51:38.917, -0.058325052, -9.789336, -1.0668998, 0.0018325418, 0.4306473, -0.17393875, -0.16283014, -9.770416, -0.82634336, -14.062501, 295.575, 85.21875, 4.5922997, -74.1816792
2024-07-18 21:51:39.921, -0.032004002, -9.796515, -1.0621141, 0.0018325418, 0.4306473, -0.17393875, -0.16283014, -9.770416, -0.82634336, -13.856251, 295.42502, 84.46875, 4.5922998, -74.1816792
2024-07-18 21:51:42.129, -0.053539407, -9.803694, -1.0836495, 0.0018325418, 0.4306473, -0.17393875, -0.16283014, -9.770416, -0.82634336, -13.762501, 295.81876, 84.356255, 4.5923001, -74.181679
2024-07-18 21:51:43.832, -0.034396827, -9.794122, -1.0692927, 0.0018325418, 0.4306473, -0.17393875, -0.16283014, -9.770416, -0.82634336, -13.5375, 295.80002, 84.99375, 4.5923003, -74.1816789
2024-07-18 21:51:44.836, -0.032004002, -9.794122, -1.0788639, 0.0018325418, 0.4306473, -0.17393875, -0.16283014, -9.770416, -0.82634336, -13.687501, 295.46252, 84.075005, 4.5923005, -74.1816789
2024-07-18 21:51:47.145, -0.041575294, -9.794122, -1.0692927, 0.0018325418, 0.4306473, -0.17393875, -0.16283014, -9.770416, -0.82634336, -13.875001, 295.40625, 84.80625, 4.5923006, -74.1816788
2024-07-18 21:51:48.912, -0.027218357, -9.796515, -1.0668998, 0.0018325418, 0.4306473, -0.17393875, -0.16283014, -9.770416, -0.82634336, -14.043751, 295.03125, 84.46875, 4.5923008, -74.1816786
2024-07-18 21:51:49.919, -0.04875376, -9.806087, -1.0716854, 0.0018325418, 0.4306473, -0.17393875, -0.16283014, -9.770416, -0.82634336, -13.89375, 295.74377, 84.1125, 4.5923009, -74.1816786
2024-07-18 21:51:52.151, -0.04636094, -9.803694, -1.0716854, 0.0018325418, 0.4306473, -0.17393875, -0.16283014, -9.770416, -0.82634336, -14.025001, 294.975, 84.731255, 4.592301, -74.1816785
2024-07-18 21:51:53.930, -0.051146585, -9.803694, -1.0692927, 0.0018325418, 0.4306473, -0.17393875, -0.16283014, -9.770416, -0.82634336, -13.725, 295.2, 84.600006, 4.5923012, -74.1816783
2024-07-18 21:51:54.938, -0.041575294, -9.801301, -1.0668998, 0.0018325418, 0.4306473, -0.17393875, -0.16283014, -9.770416, -0.82634336, -14.64375, 295.23752, 84.46875, 4.5923013, -74.1816783
2024-07-18 21:51:57.140, -0.043968115, -9.791729, -1.0788639, 0.0018325418, 0.4306473, -0.17393875, -0.16283014, -9.770416, -0.82634336, -14.175, 295.25626, 84.61875, 4.5923015, -74.1816781
2024-07-18 21:51:58.863, -0.032004002, -9.779765, -1.0812567, 0.0018325418, 0.4306473, -0.17393875, -0.16283014, -9.770416, -0.82634336, -14.418751, 295.7625, 84.375, 4.5923017, -74.181678
2024-07-18 21:51:59.868, -0.043968115, -9.789336, -1.0668998, 0.0018325418, 0.4306473, -0.17393875, -0.16283014, -9.770416, -0.82634336, -14.137501, 296.15625, 83.9625, 4.5923019, -74.1816779
2024-07-18 21:52:02.132, -0.02961118, -9.798908, -1.0621141, 0.0018325418, 0.4306473, -0.17393875, -0.16283014, -9.770416, -0.82634336, -14.1, 295.42502, 83.700005, 4.592302, -74.1816779
2024-07-18 21:52:03.913, -0.027218357, -9.786943, -1.0692927, 0.0018325418, 0.4306473, -0.17393875, -0.16283014, -9.770416, -0.82634336, -14.062501, 295.33127, 84.39375, 4.5923022, -74.1816778
2024-07-18 21:52:04.917, -0.043968115, -9.798908, -1.0573285, 0.0018325418, 0.4306473, -0.17393875, -0.16283014, -9.770416, -0.82634336, -14.19375, 295.55627, 84.225006, 4.5923023, -74.1816777
2024-07-18 21:52:07.123, -0.024825536, -9.789336, -1.0788639, 0.0018325418, 0.4306473, -0.17393875, -0.16283014, -9.770416, -0.82634336, -13.8, 295.6875, 84.543755, 4.5923024, -74.1816776
2024-07-18 21:52:08.877, -0.055932228, -9.794122, -1.0740783, 0.0018325418, 0.4306473, -0.17393875, -0.16283014, -9.770416, -0.82634336, -14.043751, 295.33127, 84.75, 4.5923026, -74.1816775
2024-07-18 21:52:09.881, -0.03678965, -9.808479, -1.0692927, 0.0018325418, 0.4306473, -0.17393875, -0.16283014, -9.770416, -0.82634336, -14.043751, 295.725, 84.168755, 4.5923026, -74.1816775
2024-07-18 21:52:12.147, -0.03918247, -9.791729, -1.0716854, 0.0018325418, 0.4306473, -0.17393875, -0.16283014, -9.770416, -0.82634336, -14.1, 295.61252, 84.731255, 4.5923027, -74.1816773
2024-07-18 21:52:13.851, -0.041575294, -9.810872, -1.0692927, 0.0018325418, 0.4306473, -0.17393875, -0.16283014, -9.770416, -0.82634336, -13.5375, 294.975, 84.28125, 4.5923029, -74.1816772
2024-07-18 21:52:14.855, -0.024825536, -9.782158, -1.0621141, 0.0018325418, 0.4306473, -0.17393875, -0.16283014, -9.770416, -0.82634336, -13.5375, 295.08752, 84.375, 4.5923031, -74.1816771
2024-07-18 21:52:17.145, -0.017647067, -9.801301, -1.0716854, 0.0018325418, 0.4306473, -0.17393875, -0.16283014, -9.770416, -0.82634336, -13.5375, 295.575, 84.75, 4.5923033, -74.1816769
2024-07-18 21:52:18.904, -0.02003989, -9.794122, -1.0692927, 0.0018325418, 0.4306473, -0.17393875, -0.16283014, -9.770416, -0.82634336, -14.2875, 295.51877, 85.162506, 4.5923036, -74.1816768
2024-07-18 21:52:19.909, -0.027218357, -9.801301, -1.064507, 0.0018325418, 0.4306473, -0.17393875, -0.16283014, -9.770416, -0.82634336, -13.837501, 295.125, 84.1125, 4.5923036, -74.1816767
2024-07-18 21:52:21.373, -0.043968115, -9.810872, -1.064507, 0.0018325418, 0.4306473, -0.17393875, -0.16283014, -9.770416, -0.82634336, -13.593751, 295.14377, 84.506256, 4.5923039, -74.1816766
2024-07-18 21:52:23.603, -0.041575294, -9.784551, -1.0716854, 0.0018325418, 0.4306473, -0.17393875, -0.16283014, -9.770416, -0.82634336, -13.650001, 295.18127, 84.356255, 4.592304, -74.1816765
2024-07-18 21:52:24.607, -0.051146585, -9.786943, -1.0692927, 0.0018325418, 0.4306473, -0.17393875, -0.16283014, -9.770416, -0.82634336, -14.062501, 295.08752, 84.84375, 4.5923042, -74.1816764
2024-07-18 21:52:26.129, -0.04636094, -9.789336, -1.0740783, 0.0018325418, 0.4306473, -0.17393875, -0.16283014, -9.770416, -0.82634336, -13.44375, 295.48126, 84.58125, 4.5923042, -74.1816763
2024-07-18 21:52:28.397, -0.02003989, -9.796515, -1.0692927, 0.0018325418, 0.4306473, -0.17393875, -0.16283014, -9.770416, -0.82634336, -13.668751, 295.1625, 84.58125, 4.5923045, -74.1816761
2024-07-18 21:52:29.402, -0.055932228, -9.794122, -1.0836495, 0.0018325418, 0.4306473, -0.17393875, -0.16283014, -9.770416, -0.82634336, -14.00625, 295.35, 84.318756, 4.5923045, -74.1816761
2024-07-18 21:52:30.406, -0.041575294, -9.806087, -1.0692927, 0.0018325418, 0.4306473, -0.17393875, -0.16283014, -9.770416, -0.82634336, -13.9875, 295.2, 84.43125, 4.5923046, -74.181676
2024-07-18 21:52:33.369, -0.03918247, -9.794122, -1.0740783, 0.0018325418, 0.4306473, -0.17393875, -0.16283014, -9.770416, -0.82634336, -14.137501, 295.10626, 84.787506, 4.5923047, -74.1816758
2024-07-18 21:52:34.372, -0.04875376, -9.786943, -1.0692927, 0.0018325418, 0.4306473, -0.17393875, -0.16283014, -9.770416, -0.82634336, -13.89375, 295.23752, 84.4875, 4.5923047, -74.1816758
2024-07-18 21:52:35.378, -0.041575294, -9.808479, -1.0668998, 0.0018325418, 0.4306473, -0.17393875, -0.16283014, -9.770416, -0.82634336, -13.687501, 295.46252, 83.9625, 4.5923047, -74.1816758
2024-07-18 21:52:38.132, -0.04636094, -9.808479, -1.0716854, 0.0018325418, 0.4306473, -0.17393875, -0.16283014, -9.770416, -0.82634336, -14.00625, 295.40625, 84.39375, 4.5923048, -74.1816757
2024-07-18 21:52:39.144, -0.041575294, -9.798908, -1.0692927, 0.0018325418, 0.4306473, -0.17393875, -0.16283014, -9.770416, -0.82634336, -13.81875, 295.27502, 84.4875, 4.5923051, -74.1816755
2024-07-18 21:52:40.147, -0.055932228, -9.798908, -1.0788639, 0.0018325418, 0.4306473, -0.17393875, -0.16283014, -9.770416, -0.82634336, -14.062501, 294.9375, 84.262505, 4.5923052, -74.1816754
2024-07-18 21:52:43.131, -0.041575294, -9.803694, -1.0668998, 0.0018325418, 0.4306473, -0.17393875, -0.16283014, -9.770416, -0.82634336, -13.575001, 295.44376, 84.525, 4.5923053, -74.1816753
2024-07-18 21:52:44.133, -0.03918247, -9.801301, -1.0621141, 0.0018325418, 0.4306473, -0.17393875, -0.16283014, -9.770416, -0.82634336, -14.118751, 294.90002, 84.4875, 4.5923055, -74.1816752
2024-07-18 21:52:45.136, -0.027218357, -9.806087, -1.0668998, 0.0018325418, 0.4306473, -0.17393875, -0.16283014, -9.770416, -0.82634336, -14.38125, 295.29376, 84.99375, 4.5923055, -74.1816751
2024-07-18 21:52:47.137, -0.043968115, -9.81805, -1.0668998, 0.0018325418, 0.4306473, -0.17393875, -0.16283014, -9.770416, -0.82634336, -14.137501, 295.725, 84.80625, 4.5923056, -74.181675
2024-07-18 21:52:48.868, -0.032004002, -9.801301, -1.0788639, 0.0018325418, 0.4306473, -0.17393875, -0.16283014, -9.770416, -0.82634336, -13.781251, 295.74377, 84.9, 4.5923058, -74.1816749
2024-07-18 21:52:49.873, -0.043968115, -9.810872, -1.0692927, 0.0018325418, 0.4306473, -0.17393875, -0.16283014, -9.770416, -0.82634336, -14.231251, 295.3125, 83.887505, 4.5923058, -74.1816749
2024-07-18 21:52:51.257, -0.027218357, -9.796515, -1.0621141, 0.0018325418, 0.4306473, -0.17393875, -0.16283014, -9.770416, -0.82634336, -14.418751, 295.29376, 84.525, 4.592306, -74.1816747
2024-07-18 21:52:53.749, -0.02961118, -9.796515, -1.0692927, 0.0018325418, 0.4306473, -0.17393875, -0.16283014, -9.770416, -0.82634336, -13.762501, 295.575, 84.28125, 4.5923061, -74.1816747
2024-07-18 21:52:54.753, -0.022432713, -9.796515, -1.0716854, 0.0018325418, 0.4306473, -0.17393875, -0.16283014, -9.770416, -0.82634336, -13.556251, 295.5, 84.58125, 4.5923062, -74.1816746
2024-07-18 21:52:56.163, -0.02961118, -9.794122, -1.0764711, 0.0018325418, 0.4306473, -0.17393875, -0.16283014, -9.770416, -0.82634336, -13.950001, 295.51877, 84.918755, 4.5923063, -74.1816744
2024-07-18 21:52:58.412, -0.024825536, -9.806087, -1.0692927, 0.0018325418, 0.4306473, -0.17393875, -0.16283014, -9.770416, -0.82634336, -13.481251, 294.91876, 84.3375, 4.5923064, -74.1816744
2024-07-18 21:52:59.418, -0.043968115, -9.801301, -1.0716854, 0.0018325418, 0.4306473, -0.17393875, -0.16283014, -9.770416, -0.82634336, -13.9875, 294.88126, 84.39375, 4.5923065, -74.1816743
2024-07-18 21:53:00.422, -0.053539407, -9.806087, -1.0692927, 0.0018325418, 0.4306473, -0.17393875, -0.16283014, -9.770416, -0.82634336, -14.250001, 295.14377, 84.61875, 4.5923066, -74.1816742
2024-07-18 21:53:03.165, -0.032004002, -9.786943, -1.0597214, 0.0018325418, 0.4306473, -0.17393875, -0.16283014, -9.770416, -0.82634336, -13.950001, 295.46252, 84.637505, 4.5923067, -74.1816741
2024-07-18 21:53:04.167, -0.034396827, -9.806087, -1.0597214, 0.0018325418, 0.4306473, -0.17393875, -0.16283014, -9.770416, -0.82634336, -13.931251, 295.89377, 84.675, 4.5923069, -74.181674
2024-07-18 21:53:05.171, -0.04636094, -9.794122, -1.0597214, 0.0018325418, 0.4306473, -0.17393875, -0.16283014, -9.770416, -0.82634336, -14.08125, 295.1625, 83.756256, 4.592307, -74.1816739
2024-07-18 21:53:07.142, -0.03678965, -9.794122, -1.0668998, 0.0018325418, 0.4306473, -0.17393875, -0.16283014, -9.770416, -0.82634336, -14.00625, 294.99377, 84.825005, 4.5923072, -74.1816739
2024-07-18 21:53:08.834, -0.04875376, -9.798908, -1.0716854, 0.0018325418, 0.4306473, -0.17393875, -0.16283014, -9.770416, -0.82634336, -13.500001, 295.78125, 84.24375, 4.5923073, -74.1816737
2024-07-18 21:53:09.839, -0.032004002, -9.789336, -1.0764711, 0.0018325418, 0.4306473, -0.17393875, -0.16283014, -9.770416, -0.82634336, -13.856251, 294.61877, 84.675, 4.5923074, -74.1816736
2024-07-18 21:53:11.187, -0.043968115, -9.806087, -1.0668998, 0.0018325418, 0.4306473, -0.17393875, -0.16283014, -9.770416, -0.82634336, -14.08125, 295.1625, 84.28125, 4.5923074, -74.1816736
2024-07-18 21:53:13.634, -0.055932228, -9.798908, -1.0692927, 0.0018325418, 0.4306473, -0.17393875, -0.16283014, -9.770416, -0.82634336, -14.175, 295.08752, 84.731255, 4.5923077, -74.1816734
2024-07-18 21:53:14.639, -0.04636094, -9.798908, -1.064507, 0.0018325418, 0.4306473, -0.17393875, -0.16283014, -9.770416, -0.82634336, -14.531251, 295.85626, 84.262505, 4.5923078, -74.1816733
2024-07-18 21:53:16.128, -0.02961118, -9.803694, -1.0668998, 0.0018325418, 0.4306473, -0.17393875, -0.16283014, -9.770416, -0.82634336, -14.00625, 295.3125, 84.318756, 4.5923079, -74.1816733
2024-07-18 21:53:18.413, -0.053539407, -9.803694, -1.064507, 0.0018325418, 0.4306473, -0.17393875, -0.16283014, -9.770416, -0.82634336, -13.63125, 295.6875, 84.787506, 4.5923081, -74.1816731
2024-07-18 21:53:19.417, -0.04636094, -9.779765, -1.0668998, 0.0018325418, 0.4306473, -0.17393875, -0.16283014, -9.770416, -0.82634336, -14.137501, 295.93127, 84.600006, 4.5923081, -74.1816731
2024-07-18 21:53:20.420, -0.041575294, -9.810872, -1.0716854, 0.0018325418, 0.4306473, -0.17393875, -0.16283014, -9.770416, -0.82634336, -13.9125, 294.825, 83.943756, 4.5923082, -74.1816731
2024-07-18 21:53:23.155, -0.04636094, -9.798908, -1.0836495, 0.0018325418, 0.4306473, -0.17393875, -0.16283014, -9.770416, -0.82634336, -13.668751, 295.80002, 84.5625, 4.5923083, -74.181673
2024-07-18 21:53:24.163, -0.058325052, -9.798908, -1.0668998, 0.0018325418, 0.4306473, -0.17393875, -0.16283014, -9.770416, -0.82634336, -13.950001, 295.95, 85.387505, 4.5923084, -74.1816729
2024-07-18 21:53:25.167, -0.02961118, -9.791729, -1.0668998, 0.0018325418, 0.4306473, -0.17393875, -0.16283014, -9.770416, -0.82634336, -13.687501, 294.86252, 84.46875, 4.5923084, -74.1816728
2024-07-18 21:53:27.146, -0.041575294, -9.794122, -1.0692927, 0.0018325418, 0.4306473, -0.17393875, -0.16283014, -9.770416, -0.82634336, -13.781251, 295.725, 84.506256, 4.5923084, -74.1816728
2024-07-18 21:53:28.807, -0.032004002, -9.801301, -1.0716854, 0.0018325418, 0.4306473, -0.17393875, -0.16283014, -9.770416, -0.82634336, -13.44375, 295.125, 84.5625, 4.5923086, -74.1816727
2024-07-18 21:53:29.811, -0.02961118, -9.803694, -1.0692927, 0.0018325418, 0.4306473, -0.17393875, -0.16283014, -9.770416, -0.82634336, -14.418751, 295.59375, 84.76875, 4.5923085, -74.1816727
2024-07-18 21:53:31.140, -0.03918247, -9.789336, -1.0573285, 0.0018325418, 0.4306473, -0.17393875, -0.16283014, -9.770416, -0.82634336, -13.781251, 295.70627, 84.20625, 4.5923085, -74.1816727
2024-07-18 21:53:33.632, -0.04636094, -9.806087, -1.064507, 0.0018325418, 0.4306473, -0.17393875, -0.16283014, -9.770416, -0.82634336, -14.043751, 294.61877, 84.600006, 4.5923086, -74.1816726
2024-07-18 21:53:34.640, -0.060717873, -9.789336, -1.0740783, 0.0018325418, 0.4306473, -0.17393875, -0.16283014, -9.770416, -0.82634336, -13.312501, 295.23752, 84.5625, 4.5923087, -74.1816726
2024-07-18 21:53:35.642, -0.03678965, -9.798908, -1.0716854, 0.0018325418, 0.4306473, -0.17393875, -0.16283014, -9.770416, -0.82634336, -13.950001, 295.51877, 84.075005, 4.5923087, -74.1816725
2024-07-18 21:53:38.121, -0.053539407, -9.806087, -1.0692927, 0.0018325418, 0.4306473, -0.17393875, -0.16283014, -9.770416, -0.82634336, -13.762501, 295.59375, 84.61875, 4.5923088, -74.1816725
2024-07-18 21:53:39.127, -0.03678965, -9.803694, -1.0716854, 0.0018325418, 0.4306473, -0.17393875, -0.16283014, -9.770416, -0.82634336, -13.312501, 295.3125, 84.637505, 4.5923088, -74.1816725
2024-07-18 21:53:40.133, -0.04636094, -9.784551, -1.0764711, 0.0018325418, 0.4306473, -0.17393875, -0.16283014, -9.770416, -0.82634336, -14.062501, 295.5, 84.318756, 4.5923089, -74.1816725
2024-07-18 21:53:42.138, -0.04636094, -9.789336, -1.0812567, 0.0018325418, 0.4306473, -0.17393875, -0.16283014, -9.770416, -0.82634336, -14.343751, 294.9375, 84.825005, 4.592309, -74.1816724
2024-07-18 21:53:43.910, -0.02003989, -9.798908, -1.0668998, 0.0018325418, 0.4306473, -0.17393875, -0.16283014, -9.770416, -0.82634336, -14.025001, 294.90002, 85.125, 4.592309, -74.1816723
2024-07-18 21:53:44.915, -0.051146585, -9.801301, -1.0668998, 0.0018325418, 0.4306473, -0.17393875, -0.16283014, -9.770416, -0.82634336, -13.725, 295.08752, 84.0, 4.5923091, -74.1816723
2024-07-18 21:53:46.193, -0.03918247, -9.803694, -1.0716854, 0.0018325418, 0.4306473, -0.17393875, -0.16283014, -9.770416, -0.82634336, -14.025001, 295.1625, 84.1875, 4.5923091, -74.1816722
2024-07-18 21:53:48.618, -0.058325052, -9.789336, -1.0764711, 0.0018325418, 0.4306473, -0.17393875, -0.16283014, -9.770416, -0.82634336, -13.35, 295.21875, 84.58125, 4.5923091, -74.1816722
2024-07-18 21:53:49.622, -0.03678965, -9.801301, -1.0716854, 0.0018325418, 0.4306473, -0.17393875, -0.16283014, -9.770416, -0.82634336, -14.156251, 295.93127, 84.5625, 4.5923092, -74.1816722
2024-07-18 21:53:50.625, -0.032004002, -9.803694, -1.0716854, 0.0018325418, 0.4306473, -0.17393875, -0.16283014, -9.770416, -0.82634336, -13.8, 295.23752, 84.1875, 4.5923092, -74.1816722
2024-07-18 21:53:53.386, -0.02961118, -9.806087, -1.064507, 0.0018325418, 0.4306473, -0.17393875, -0.16283014, -9.770416, -0.82634336, -13.9875, 294.86252, 84.450005, 4.5923092, -74.1816722
2024-07-18 21:53:54.389, -0.03918247, -9.806087, -1.0716854, 0.0018325418, 0.4306473, -0.17393875, -0.16283014, -9.770416, -0.82634336, -13.668751, 295.78125, 84.450005, 4.5923093, -74.1816721
2024-07-18 21:53:55.394, -0.043968115, -9.798908, -1.0597214, 0.0018325418, 0.4306473, -0.17393875, -0.16283014, -9.770416, -0.82634336, -14.418751, 295.5, 84.65625, 4.5923093, -74.1816721
2024-07-18 21:53:57.192, -0.041575294, -9.806087, -1.0716854, 0.0018325418, 0.4306473, -0.17393875, -0.16283014, -9.770416, -0.82634336, -14.306251, 295.33127, 84.450005, 4.5923094, -74.1816721
2024-07-18 21:53:58.879, -0.034396827, -9.789336, -1.0716854, 0.0018325418, 0.4306473, -0.17393875, -0.16283014, -9.770416, -0.82634336, -13.837501, 295.42502, 84.3375, 4.5923093, -74.1816721
2024-07-18 21:53:59.883, -0.034396827, -9.794122, -1.0764711, 0.0018325418, 0.4306473, -0.17393875, -0.16283014, -9.770416, -0.82634336, -13.725, 295.81876, 84.5625, 4.5923093, -74.1816721
2024-07-18 21:54:01.136, -0.043968115, -9.784551, -1.0692927, 0.0018325418, 0.4306473, -0.17393875, -0.16283014, -9.770416, -0.82634336, -13.950001, 295.05002, 84.39375, 4.5923092, -74.1816721
2024-07-18 21:54:03.609, -0.043968115, -9.786943, -1.064507, 0.0018325418, 0.4306473, -0.17393875, -0.16283014, -9.770416, -0.82634336, -13.781251, 295.40625, 84.58125, 4.5923093, -74.181672
2024-07-18 21:54:04.613, -0.034396827, -9.791729, -1.0692927, 0.0018325418, 0.4306473, -0.17393875, -0.16283014, -9.770416, -0.82634336, -13.743751, 295.18127, 85.200005, 4.5923093, -74.1816721
2024-07-18 21:54:05.619, -0.02961118, -9.794122, -1.0716854, 0.0018325418, 0.4306473, -0.17393875, -0.16283014, -9.770416, -0.82634336, -14.231251, 295.48126, 84.543755, 4.5923093, -74.181672
2024-07-18 21:54:08.114, -0.041575294, -9.794122, -1.0740783, 0.0018325418, 0.4306473, -0.17393875, -0.16283014, -9.770416, -0.82634336, -14.137501, 295.3875, 84.75, 4.5923093, -74.1816721
2024-07-18 21:54:09.124, -0.043968115, -9.810872, -1.0597214, 0.0018325418, 0.4306473, -0.17393875, -0.16283014, -9.770416, -0.82634336, -14.3625, 295.27502, 84.450005, 4.5923093, -74.1816721
2024-07-18 21:54:10.126, -0.060717873, -9.798908, -1.0549357, 0.0018325418, 0.4306473, -0.17393875, -0.16283014, -9.770416, -0.82634336, -13.762501, 295.42502, 83.925, 4.5923092, -74.1816722
2024-07-18 21:54:12.125, -0.04636094, -9.789336, -1.0836495, 0.0018325418, 0.4306473, -0.17393875, -0.16283014, -9.770416, -0.82634336, -13.5375, 295.40625, 84.675, 4.5923092, -74.1816722
2024-07-18 21:54:13.921, -0.058325052, -9.784551, -1.0525428, 0.0018325418, 0.4306473, -0.17393875, -0.16283014, -9.770416, -0.82634336, -14.231251, 295.35, 84.9, 4.5923092, -74.1816721
2024-07-18 21:54:14.925, -0.034396827, -9.791729, -1.0621141, 0.0018325418, 0.4306473, -0.17393875, -0.16283014, -9.770416, -0.82634336, -13.8, 295.03125, 84.28125, 4.5923092, -74.1816721
2024-07-18 21:54:16.130, -0.04636094, -9.801301, -1.0692927, 0.0018325418, 0.4306473, -0.17393875, -0.16283014, -9.770416, -0.82634336, -14.26875, 295.35, 84.58125, 4.5923092, -74.1816721
2024-07-18 21:54:18.363, -0.04875376, -9.796515, -1.0692927, 0.0018325418, 0.4306473, -0.17393875, -0.16283014, -9.770416, -0.82634336, -14.2875, 295.46252, 84.9375, 4.5923092, -74.181672
2024-07-18 21:54:19.367, -0.034396827, -9.806087, -1.064507, 0.0018325418, 0.4306473, -0.17393875, -0.16283014, -9.770416, -0.82634336, -14.250001, 295.36877, 84.43125, 4.5923092, -74.1816719
2024-07-18 21:54:20.371, -0.024825536, -9.779765, -1.0692927, 0.0018325418, 0.4306473, -0.17393875, -0.16283014, -9.770416, -0.82634336, -13.500001, 295.29376, 84.09375, 4.5923093, -74.1816719
2024-07-18 21:54:23.139, -0.03918247, -9.808479, -1.0668998, 0.0018325418, 0.4306473, -0.17393875, -0.16283014, -9.770416, -0.82634336, -14.156251, 295.14377, 83.83125, 4.5923092, -74.1816719
2024-07-18 21:54:24.141, -0.024825536, -9.796515, -1.0668998, 0.0018325418, 0.4306473, -0.17393875, -0.16283014, -9.770416, -0.82634336, -14.19375, 295.80002, 84.39375, 4.5923092, -74.181672
2024-07-18 21:54:25.144, -0.03678965, -9.806087, -1.0812567, 0.0018325418, 0.4306473, -0.17393875, -0.16283014, -9.770416, -0.82634336, -13.9125, 295.70627, 84.225006, 4.5923092, -74.1816719
2024-07-18 21:54:26.357, -0.027218357, -9.813265, -1.064507, 0.0018325418, 0.4306473, -0.17393875, -0.16283014, -9.770416, -0.82634336, -14.2875, 295.93127, 84.506256, 4.5923092, -74.1816719
2024-07-18 21:54:28.611, -0.034396827, -9.796515, -1.0764711, 0.0018325418, 0.4306473, -0.17393875, -0.16283014, -9.770416, -0.82634336, -13.35, 294.95627, 84.61875, 4.5923092, -74.1816719
2024-07-18 21:54:29.614, -0.041575294, -9.791729, -1.0621141, 0.0018325418, 0.4306473, -0.17393875, -0.16283014, -9.770416, -0.82634336, -13.51875, 295.1625, 84.168755, 4.5923092, -74.1816719
2024-07-18 21:54:30.619, -0.02961118, -9.796515, -1.064507, 0.0018325418, 0.4306473, -0.17393875, -0.16283014, -9.770416, -0.82634336, -13.9875, 295.21875, 84.543755, 4.5923092, -74.1816718
2024-07-18 21:54:33.142, -0.041575294, -9.798908, -1.064507, 0.0018325418, 0.4306473, -0.17393875, -0.16283014, -9.770416, -0.82634336, -13.575001, 295.48126, 84.731255, 4.5923092, -74.1816718
2024-07-18 21:54:34.145, -0.053539407, -9.806087, -1.0716854, 0.0018325418, 0.4306473, -0.17393875, -0.16283014, -9.770416, -0.82634336, -13.743751, 295.46252, 84.39375, 4.5923092, -74.1816719
2024-07-18 21:54:35.149, -0.043968115, -9.813265, -1.0668998, 0.0018325418, 0.4306473, -0.17393875, -0.16283014, -9.770416, -0.82634336, -13.837501, 295.36877, 83.606255, 4.5923092, -74.1816719
2024-07-18 21:54:36.344, -0.03678965, -9.796515, -1.0716854, 0.0018325418, 0.4306473, -0.17393875, -0.16283014, -9.770416, -0.82634336, -13.63125, 295.23752, 84.450005, 4.5923092, -74.1816719
2024-07-18 21:54:38.573, -0.04875376, -9.801301, -1.0692927, 0.0018325418, 0.4306473, -0.17393875, -0.16283014, -9.770416, -0.82634336, -13.668751, 295.06876, 84.43125, 4.5923092, -74.1816718
2024-07-18 21:54:39.578, -0.043968115, -9.796515, -1.0716854, 0.0018325418, 0.4306473, -0.17393875, -0.16283014, -9.770416, -0.82634336, -14.08125, 295.95, 84.825005, 4.5923092, -74.1816719
2024-07-18 21:54:45.782, -0.043968115, -9.791729, -1.064507, 0.0018325418, 0.4306473, -0.17393875, -0.16283014, -9.770416, -0.82634336, -14.118751, 295.44376, 83.71875, 4.5923092, -74.1816718
2024-07-18 21:54:46.786, -0.02961118, -9.798908, -1.0597214, 0.0018325418, 0.4306473, -0.17393875, -0.16283014, -9.770416, -0.82634336, -14.343751, 295.33127, 84.61875, 4.5923092, -74.1816718
2024-07-18 21:56:11.357, -0.027218357, -9.796515, -1.0788639, 0.0018325418, 0.4306473, -0.17393875, -0.16283014, -9.770416, -0.82634336, -13.9875, 294.91876, 84.450005, 4.5923092, -74.1816718
