2024-07-18 02:00:00.200, 0.6792625, -0.3469593, 9.835997, -0.023823043, -0.19883078, 0.01305686, -0.34317514, 9.794026, -0.36009154, 4.6875, -34.612503, -25.968752, 4.5924614, -74.1818398
2024-07-18 02:00:02.078, 0.7079764, -0.37567315, 9.838389, -0.023823043, -0.19883078, 0.01305686, -0.34317514, 9.794026, -0.36009154, 4.4812503, -36.91875, -25.743752, 4.5924614, -74.1818397
2024-07-18 02:00:03.849, 0.6936195, -0.3493521, 9.826426, -0.023823043, -0.19883078, 0.01305686, -0.34317514, 9.794026, -0.36009154, 4.275, -38.025, -26.04375, 4.5924614, -74.1818397
2024-07-18 02:00:04.855, 0.6625128, -0.3589234, 9.826426, -0.023823043, -0.19883078, 0.01305686, -0.34317514, 9.794026, -0.36009154, 3.7687502, -38.756252, -26.5125, 4.5924614, -74.1818396
2024-07-18 02:00:05.858, 0.68883383, -0.3397808, 9.835997, -0.023823043, -0.19883078, 0.01305686, -0.34317514, 9.794026, -0.36009154, 4.70625, -36.112503, -27.018751, 4.5924614, -74.1818396
2024-07-18 02:00:08.374, 0.69601226, -0.3469593, 9.831211, -0.023823043, -0.19883078, 0.01305686, -0.34317514, 9.794026, -0.36009154, 4.6875, -35.850002, -26.175001, 4.5924614, -74.1818396
2024-07-18 02:00:09.378, 0.67447686, -0.35653058, 9.828818, -0.023823043, -0.19883078, 0.01305686, -0.34317514, 9.794026, -0.36009154, 3.8625002, -38.006252, -26.268751, 4.5924614, -74.1818395
2024-07-18 02:00:10.383, 0.68883383, -0.35174492, 9.840782, -0.023823043, -0.19883078, 0.01305686, -0.34317514, 9.794026, -0.36009154, 5.6625004, -32.568752, -25.85625, 4.5924614, -74.1818395
2024-07-18 02:00:12.106, 0.6577271, -0.35653058, 9.835997, -0.023823043, -0.19883078, 0.01305686, -0.34317514, 9.794026, -0.36009154, 4.0125003, -37.40625, -26.85, 4.5924614, -74.1818395
2024-07-18 02:00:13.844, 0.6984051, -0.3589234, 9.828818, -0.023823043, -0.19883078, 0.01305686, -0.34317514, 9.794026, -0.36009154, 3.8625002, -38.5125, -26.831251, 4.5924614, -74.1818394
2024-07-18 02:00:14.848, 0.6936195, -0.36370903, 9.838389, -0.023823043, -0.19883078, 0.01305686, -0.34317514, 9.794026, -0.36009154, 3.99375, -38.60625, -26.38125, 4.5924614, -74.1818394
2024-07-18 02:00:15.852, 0.70319074, -0.35653058, 9.828818, -0.023823043, -0.19883078, 0.01305686, -0.34317514, 9.794026, -0.36009154, 4.93125, -34.350002, -26.625002, 4.5924614, -74.1818393
2024-07-18 02:00:18.379, 0.69122666, -0.3684947, 9.833604, -0.023823043, -0.19883078, 0.01305686, -0.34317514, 9.794026, -0.36009154, 3.9750001, -36.768753, -26.1375, 4.5924614, -74.1818393
2024-07-18 02:00:19.382, 0.686441, -0.34217364, 9.831211, -0.023823043, -0.19883078, 0.01305686, -0.34317514, 9.794026, -0.36009154, 3.6937501, -38.30625, -26.2875, 4.5924614, -74.1818392
2024-07-18 02:00:20.387, 0.6792625, -0.36370903, 9.819247, -0.023823043, -0.19883078, 0.01305686, -0.34317514, 9.794026, -0.36009154, 5.90625, -33.46875, -26.38125, 4.5924613, -74.1818392
2024-07-18 02:00:23.057, 0.6840482, -0.34456646, 9.82164, -0.023823043, -0.19883078, 0.01305686, -0.34317514, 9.794026, -0.36009154, 4.4625, -36.09375, -26.75625, 4.5924613, -74.1818391
2024-07-18 02:00:24.060, 0.69122666, -0.35653058, 9.824033, -0.023823043, -0.19883078, 0.01305686, -0.34317514, 9.794026, -0.36009154, 3.9375002, -38.1375, -26.212502, 4.5924614, -74.1818391
2024-07-18 02:00:25.063, 0.6768697, -0.3493521, 9.828818, -0.023823043, -0.19883078, 0.01305686, -0.34317514, 9.794026, -0.36009154, 4.59375, -37.893753, -26.250002, 4.5924614, -74.1818391
2024-07-18 02:00:26.066, 0.6792625, -0.3493521, 9.835997, -0.023823043, -0.19883078, 0.01305686, -0.34317514, 9.794026, -0.36009154, 4.0687504, -36.3375, -25.875002, 4.5924613, -74.1818391
2024-07-18 02:00:27.815, 0.6936195, -0.35413775, 9.833604, -0.023823043, -0.19883078, 0.01305686, -0.34317514, 9.794026, -0.36009154, 4.7625003, -36.61875, -25.987501, 4.5924613, -74.181839
2024-07-18 02:00:28.820, 0.70319074, -0.36370903, 9.833604, -0.023823043, -0.19883078, 0.01305686, -0.34317514, 9.794026, -0.36009154, 4.0875, -38.025, -25.781252, 4.5924613, -74.181839
2024-07-18 02:00:29.825, 0.68883383, -0.3589234, 9.835997, -0.023823043, -0.19883078, 0.01305686, -0.34317514, 9.794026, -0.36009154, 4.2000003, -37.55625, -26.362501, 4.5924612, -74.181839
2024-07-18 02:00:30.829, 0.7007979, -0.3589234, 9.82164, -0.023823043, -0.19883078, 0.01305686, -0.34317514, 9.794026, -0.36009154, 5.175, -33.693752, -25.44375, 4.5924612, -74.181839
2024-07-18 02:00:33.130, 0.69122666, -0.34217364, 9.833604, -0.023823043, -0.19883078, 0.01305686, -0.34317514, 9.794026, -0.36009154, 4.7625003, -36.73125, -26.41875, 4.5924611, -74.1818389
2024-07-18 02:00:34.134, 0.686441, -0.35174492, 9.826426, -0.023823043, -0.19883078, 0.01305686, -0.34317514, 9.794026, -0.36009154, 3.6375, -37.78125, -26.587502, 4.5924611, -74.1818388
2024-07-18 02:00:35.138, 0.6768697, -0.35174492, 9.831211, -0.023823043, -0.19883078, 0.01305686, -0.34317514, 9.794026, -0.36009154, 4.3125, -37.10625, -26.062502, 4.5924611, -74.1818388
2024-07-18 02:00:36.141, 0.69122666, -0.33738798, 9.831211, -0.023823043, -0.19883078, 0.01305686, -0.34317514, 9.794026, -0.36009154, 4.3500004, -37.29375, -26.550001, 4.592461, -74.1818388
2024-07-18 02:00:38.616, 0.6792625, -0.34217364, 9.831211, -0.023823043, -0.19883078, 0.01305686, -0.34317514, 9.794026, -0.36009154, 4.2937503, -38.081253, -26.118752, 4.5924609, -74.1818387
2024-07-18 02:00:39.622, 0.686441, -0.35413775, 9.840782, -0.023823043, -0.19883078, 0.01305686, -0.34317514, 9.794026, -0.36009154, 5.26875, -34.912502, -26.737501, 4.5924609, -74.1818387
2024-07-18 02:00:40.627, 0.6792625, -0.3684947, 9.828818, -0.023823043, -0.19883078, 0.01305686, -0.34317514, 9.794026, -0.36009154, 5.4375, -33.84375, -26.718752, 4.5924608, -74.1818387
2024-07-18 02:00:43.071, 0.6840482, -0.35653058, 9.828818, -0.023823043, -0.19883078, 0.01305686, -0.34317514, 9.794026, -0.36009154, 4.8, -35.625, -25.743752, 4.5924608, -74.1818386
2024-07-18 02:00:44.075, 0.6768697, -0.36370903, 9.82164, -0.023823043, -0.19883078, 0.01305686, -0.34317514, 9.794026, -0.36009154, 4.2562504, -37.256252, -25.556252, 4.5924607, -74.1818385
2024-07-18 02:00:45.080, 0.68883383, -0.3589234, 9.806984, -0.023823043, -0.19883078, 0.01305686, -0.34317514, 9.794026, -0.36009154, 4.275, -37.987503, -26.718752, 4.5924607, -74.1818385
2024-07-18 02:00:47.067, 0.6840482, -0.35413775, 9.840782, -0.023823043, -0.19883078, 0.01305686, -0.34317514, 9.794026, -0.36009154, 4.5750003, -35.006252, -25.800001, 4.5924607, -74.1818385
2024-07-18 02:00:48.747, 0.6768697, -0.34456646, 9.833604, -0.023823043, -0.19883078, 0.01305686, -0.34317514, 9.794026, -0.36009154, 3.7875001, -38.325, -26.8875, 4.5924607, -74.1818384
2024-07-18 02:00:49.751, 0.6792625, -0.3469593, 9.824033, -0.023823043, -0.19883078, 0.01305686, -0.34317514, 9.794026, -0.36009154, 3.6750002, -38.9625, -26.531252, 4.5924608, -74.1818384
2024-07-18 02:00:50.755, 0.6984051, -0.35653058, 9.831211, -0.023823043, -0.19883078, 0.01305686, -0.34317514, 9.794026, -0.36009154, 5.0437503, -33.825, -25.706251, 4.5924608, -74.1818383
2024-07-18 02:00:53.330, 0.7079764, -0.3493521, 9.833604, -0.023823043, -0.19883078, 0.01305686, -0.34317514, 9.794026, -0.36009154, 3.7500002, -37.0875, -26.56875, 4.5924608, -74.1818382
2024-07-18 02:00:54.334, 0.6936195, -0.35653058, 9.833604, -0.023823043, -0.19883078, 0.01305686, -0.34317514, 9.794026, -0.36009154, 4.0875, -38.625, -26.081251, 4.5924608, -74.1818382
2024-07-18 02:00:55.339, 0.67208403, -0.35413775, 9.831211, -0.023823043, -0.19883078, 0.01305686, -0.34317514, 9.794026, -0.36009154, 4.6875, -33.5625, -25.087502, 4.5924609, -74.1818382
2024-07-18 02:00:57.079, 0.6840482, -0.3493521, 9.824033, -0.023823043, -0.19883078, 0.01305686, -0.34317514, 9.794026, -0.36009154, 4.4812503, -36.7125, -26.00625, 4.5924609, -74.1818381
2024-07-18 02:00:58.844, 0.66969126, -0.34456646, 9.833604, -0.023823043, -0.19883078, 0.01305686, -0.34317514, 9.794026, -0.36009154, 4.1062503, -38.325, -26.868752, 4.5924609, -74.1818381
2024-07-18 02:00:59.849, 0.69122666, -0.34217364, 9.819247, -0.023823043, -0.19883078, 0.01305686, -0.34317514, 9.794026, -0.36009154, 3.6750002, -38.5125, -26.250002, 4.592461, -74.181838
2024-07-18 02:01:00.856, 0.6936195, -0.3397808, 9.838389, -0.023823043, -0.19883078, 0.01305686, -0.34317514, 9.794026, -0.36009154, 5.8125, -32.98125, -27.056252, 4.592461, -74.181838
2024-07-18 02:01:03.397, 0.68883383, -0.3469593, 9.82164, -0.023823043, -0.19883078, 0.01305686, -0.34317514, 9.794026, -0.36009154, 4.3500004, -37.143753, -25.95, 4.5924613, -74.1818379
2024-07-18 02:01:04.402, 0.6649056, -0.36131623, 9.833604, -0.023823043, -0.19883078, 0.01305686, -0.34317514, 9.794026, -0.36009154, 3.45, -38.11875, -26.19375, 4.5924614, -74.1818379
2024-07-18 02:01:05.406, 0.68883383, -0.35653058, 9.833604, -0.023823043, -0.19883078, 0.01305686, -0.34317514, 9.794026, -0.36009154, 5.4187503, -32.550003, -26.2875, 4.5924614, -74.1818378
2024-07-18 02:01:08.065, 0.67447686, -0.34217364, 9.826426, -0.023823043, -0.19883078, 0.01305686, -0.34317514, 9.794026, -0.36009154, 4.875, -35.4375, -26.6625, 4.5924614, -74.1818378
2024-07-18 02:01:09.067, 0.68165535, -0.3493521, 9.833604, -0.023823043, -0.19883078, 0.01305686, -0.34317514, 9.794026, -0.36009154, 3.9, -37.65, -25.931252, 4.5924614, -74.1818377
2024-07-18 02:01:10.071, 0.6840482, -0.35413775, 9.828818, -0.023823043, -0.19883078, 0.01305686, -0.34317514, 9.794026, -0.36009154, 3.6562502, -38.643753, -26.475, 4.5924614, -74.1818377
2024-07-18 02:01:11.075, 0.7055836, -0.3493521, 9.828818, -0.023823043, -0.19883078, 0.01305686, -0.34317514, 9.794026, -0.36009154, 4.4812503, -35.5125, -26.250002, 4.5924615, -74.1818377
2024-07-18 02:01:13.758, 0.686441, -0.3589234, 9.828818, -0.023823043, -0.19883078, 0.01305686, -0.34317514, 9.794026, -0.36009154, 3.73125, -38.60625, -26.325, 4.5924615, -74.1818376
2024-07-18 02:01:14.763, 0.6792625, -0.36131623, 9.824033, -0.023823043, -0.19883078, 0.01305686, -0.34317514, 9.794026, -0.36009154, 3.91875, -38.662502, -26.550001, 4.5924615, -74.1818376
2024-07-18 02:01:15.769, 0.6625128, -0.36370903, 9.838389, -0.023823043, -0.19883078, 0.01305686, -0.34317514, 9.794026, -0.36009154, 5.4187503, -33.73125, -25.462502, 4.5924615, -74.1818376
2024-07-18 02:01:18.339, 0.68883383, -0.34456646, 9.824033, -0.023823043, -0.19883078, 0.01305686, -0.34317514, 9.794026, -0.36009154, 4.55625, -36.54375, -26.587502, 4.5924614, -74.1818375
2024-07-18 02:01:19.342, 0.6792625, -0.35413775, 9.819247, -0.023823043, -0.19883078, 0.01305686, -0.34317514, 9.794026, -0.36009154, 3.6000001, -38.775, -26.718752, 4.5924614, -74.1818375
2024-07-18 02:01:20.347, 0.66969126, -0.34456646, 9.828818, -0.023823043, -0.19883078, 0.01305686, -0.34317514, 9.794026, -0.36009154, 5.1937504, -34.987503, -25.800001, 4.5924613, -74.1818374
2024-07-18 02:01:22.165, 0.70319074, -0.36131623, 9.824033, -0.023823043, -0.19883078, 0.01305686, -0.34317514, 9.794026, -0.36009154, 4.4625, -35.943752, -25.7625, 4.5924613, -74.1818374
2024-07-18 02:01:23.841, 0.7055836, -0.36131623, 9.831211, -0.023823043, -0.19883078, 0.01305686, -0.34317514, 9.794026, -0.36009154, 4.2937503, -38.0625, -26.2875, 4.5924612, -74.1818374
2024-07-18 02:01:24.844, 0.6840482, -0.34456646, 9.835997, -0.023823043, -0.19883078, 0.01305686, -0.34317514, 9.794026, -0.36009154, 3.6937501, -38.4, -25.800001, 4.5924612, -74.1818373
2024-07-18 02:01:25.849, 0.6936195, -0.36131623, 9.833604, -0.023823043, -0.19883078, 0.01305686, -0.34317514, 9.794026, -0.36009154, 4.9875, -33.24375, -25.875002, 4.5924611, -74.1818373
2024-07-18 02:01:28.359, 0.7055836, -0.3493521, 9.828818, -0.023823043, -0.19883078, 0.01305686, -0.34317514, 9.794026, -0.36009154, 5.5875, -33.112503, -25.556252, 4.5924611, -74.1818372
2024-07-18 02:01:29.361, 0.69122666, -0.3469593, 9.819247, -0.023823043, -0.19883078, 0.01305686, -0.34317514, 9.794026, -0.36009154, 3.6750002, -38.456253, -26.025002, 4.592461, -74.1818371
2024-07-18 02:01:30.366, 0.5835496, -0.44506502, 9.29492, -0.023823043, -0.19883078, 0.01305686, -0.34317514, 9.794026, -0.36009154, 4.0875, -36.46875, -26.025002, 4.592461, -74.1818371
2024-07-18 02:01:32.116, 0.67208403, -0.36131623, 9.845568, -0.023823043, -0.19883078, 0.01305686, -0.34317514, 9.794026, -0.36009154, 4.78125, -36.018753, -26.41875, 4.5924609, -74.181837
2024-07-18 02:01:34.600, 0.686441, -0.3469593, 9.824033, -0.023823043, -0.19883078, 0.01305686, -0.34317514, 9.794026, -0.36009154, 4.36875, -37.65, -26.156252, 4.5924608, -74.181837
2024-07-18 02:01:35.605, 0.69601226, -0.36370903, 9.826426, -0.023823043, -0.19883078, 0.01305686, -0.34317514, 9.794026, -0.36009154, 5.2312503, -33.16875, -26.94375, 4.5924608, -74.181837
2024-07-18 02:01:38.066, 0.7079764, -0.3493521, 9.809377, -0.023823043, -0.19883078, 0.01305686, -0.34317514, 9.794026, -0.36009154, 4.4625, -36.9, -25.687502, 4.5924606, -74.1818369
2024-07-18 02:01:39.850, 0.686441, -0.3469593, 9.819247, -0.023823043, -0.19883078, 0.01305686, -0.34317514, 9.794026, -0.36009154, 3.6937501, -38.25, -26.118752, 4.5924605, -74.1818368
2024-07-18 02:01:40.855, 0.7055836, -0.35653058, 9.840782, -0.023823043, -0.19883078, 0.01305686, -0.34317514, 9.794026, -0.36009154, 5.175, -33.206253, -25.518751, 4.5924604, -74.1818368
2024-07-18 02:01:43.134, 0.6936195, -0.35174492, 9.833604, -0.023823043, -0.19883078, 0.01305686, -0.34317514, 9.794026, -0.36009154, 3.91875, -36.525, -26.400002, 4.5924601, -74.1818368
2024-07-18 02:01:44.881, 0.6984051, -0.35413775, 9.824033, -0.023823043, -0.19883078, 0.01305686, -0.34317514, 9.794026, -0.36009154, 3.6750002, -38.15625, -26.118752, 4.5924601, -74.1818368
2024-07-18 02:01:45.887, 0.69122666, -0.3493521, 9.831211, -0.023823043, -0.19883078, 0.01305686, -0.34317514, 9.794026, -0.36009154, 5.2312503, -33.1875, -26.906252, 4.59246, -74.1818368
2024-07-18 02:01:48.125, 0.686441, -0.34217364, 9.835997, -0.023823043, -0.19883078, 0.01305686, -0.34317514, 9.794026, -0.36009154, 3.5625002, -37.068752, -25.706251, 4.5924599, -74.1818368
2024-07-18 02:01:49.834, 0.6984051, -0.37567315, 9.828818, -0.023823043, -0.19883078, 0.01305686, -0.34317514, 9.794026, -0.36009154, 3.4125001, -38.193752, -25.931252, 4.5924598, -74.1818367
2024-07-18 02:01:50.837, 0.69601226, -0.36131623, 9.828818, -0.023823043, -0.19883078, 0.01305686, -0.34317514, 9.794026, -0.36009154, 4.3500004, -33.35625, -26.081251, 4.5924598, -74.1818367
2024-07-18 02:01:53.104, 0.69122666, -0.35413775, 9.819247, -0.023823043, -0.19883078, 0.01305686, -0.34317514, 9.794026, -0.36009154, 4.3500004, -36.300003, -25.968752, 4.5924595, -74.1818367
2024-07-18 02:01:54.892, 0.686441, -0.3397808, 9.831211, -0.023823043, -0.19883078, 0.01305686, -0.34317514, 9.794026, -0.36009154, 3.1875002, -38.41875, -25.593752, 4.5924594, -74.1818367
2024-07-18 02:01:55.899, 0.69601226, -0.35174492, 9.824033, -0.023823043, -0.19883078, 0.01305686, -0.34317514, 9.794026, -0.36009154, 6.2250004, -33.24375, -25.875002, 4.5924593, -74.1818367
2024-07-18 02:01:59.057, 0.68165535, -0.35653058, 9.831211, -0.023823043, -0.19883078, 0.01305686, -0.34317514, 9.794026, -0.36009154, 3.7687502, -36.693752, -25.85625, 4.5924592, -74.1818367
2024-07-18 02:02:00.060, 0.69122666, -0.35653058, 9.831211, -0.023823043, -0.19883078, 0.01305686, -0.34317514, 9.794026, -0.36009154, 3.6375, -38.006252, -26.04375, 4.5924591, -74.1818367
2024-07-18 02:02:01.062, 0.67208403, -0.3469593, 9.828818, -0.023823043, -0.19883078, 0.01305686, -0.34317514, 9.794026, -0.36009154, 5.64375, -33.600002, -26.362501, 4.592459, -74.1818367
2024-07-18 02:02:04.128, 0.6984051, -0.35174492, 9.833604, -0.023823043, -0.19883078, 0.01305686, -0.34317514, 9.794026, -0.36009154, 3.9750001, -35.7, -25.706251, 4.5924589, -74.1818366
2024-07-18 02:02:05.132, 0.69601226, -0.3493521, 9.826426, -0.023823043, -0.19883078, 0.01305686, -0.34317514, 9.794026, -0.36009154, 3.525, -38.49375, -25.95, 4.5924588, -74.1818367
2024-07-18 02:02:06.136, 0.6984051, -0.35413775, 9.824033, -0.023823043, -0.19883078, 0.01305686, -0.34317514, 9.794026, -0.36009154, 4.70625, -34.987503, -25.875002, 4.5924588, -74.1818366
2024-07-18 02:02:09.333, 0.67208403, -0.35174492, 9.831211, -0.023823043, -0.19883078, 0.01305686, -0.34317514, 9.794026, -0.36009154, 4.5750003, -36.15, -25.63125, 4.5924589, -74.1818366
2024-07-18 02:02:10.336, 0.70319074, -0.35653058, 9.826426, -0.023823043, -0.19883078, 0.01305686, -0.34317514, 9.794026, -0.36009154, 3.3937502, -38.325, -26.775002, 4.5924588, -74.1818366
2024-07-18 02:02:12.079, 0.6936195, -0.3493521, 9.831211, -0.023823043, -0.19883078, 0.01305686, -0.34317514, 9.794026, -0.36009154, 4.51875, -35.71875, -25.5375, 4.5924587, -74.1818366
2024-07-18 02:02:14.570, 0.6840482, -0.33499518, 9.835997, -0.023823043, -0.19883078, 0.01305686, -0.34317514, 9.794026, -0.36009154, 3.6937501, -38.4375, -25.63125, 4.5924584, -74.1818367
2024-07-18 02:02:15.577, 0.7055836, -0.35413775, 9.831211, -0.023823043, -0.19883078, 0.01305686, -0.34317514, 9.794026, -0.36009154, 5.34375, -34.2, -25.800001, 4.5924584, -74.1818367
2024-07-18 02:02:17.066, 0.6840482, -0.37088752, 9.835997, -0.023823043, -0.19883078, 0.01305686, -0.34317514, 9.794026, -0.36009154, 3.73125, -37.03125, -26.250002, 4.5924583, -74.1818367
2024-07-18 02:02:18.798, 0.68883383, -0.33499518, 9.828818, -0.023823043, -0.19883078, 0.01305686, -0.34317514, 9.794026, -0.36009154, 4.05, -38.68125, -26.00625, 4.5924582, -74.1818367
2024-07-18 02:02:19.802, 0.686441, -0.35174492, 9.824033, -0.023823043, -0.19883078, 0.01305686, -0.34317514, 9.794026, -0.36009154, 3.43125, -38.49375, -25.95, 4.5924582, -74.1818367
2024-07-18 02:02:20.806, 0.6840482, -0.34456646, 9.828818, -0.023823043, -0.19883078, 0.01305686, -0.34317514, 9.794026, -0.36009154, 4.6687503, -33.6375, -24.88125, 4.5924581, -74.1818367
2024-07-18 02:02:23.120, 0.69601226, -0.35653058, 9.826426, -0.023823043, -0.19883078, 0.01305686, -0.34317514, 9.794026, -0.36009154, 4.9125004, -36.318752, -25.706251, 4.5924579, -74.1818368
2024-07-18 02:02:24.817, 0.7079764, -0.34456646, 9.828818, -0.023823043, -0.19883078, 0.01305686, -0.34317514, 9.794026, -0.36009154, 4.21875, -38.0625, -25.95, 4.5924578, -74.1818368
2024-07-18 02:02:25.821, 0.68165535, -0.34456646, 9.831211, -0.023823043, -0.19883078, 0.01305686, -0.34317514, 9.794026, -0.36009154, 4.6125, -32.850002, -25.518751, 4.5924578, -74.1818368
2024-07-18 02:02:28.068, 0.69601226, -0.35413775, 9.824033, -0.023823043, -0.19883078, 0.01305686, -0.34317514, 9.794026, -0.36009154, 5.34375, -34.725002, -25.893751, 4.5924577, -74.1818368
2024-07-18 02:02:29.867, 0.686441, -0.35174492, 9.833604, -0.023823043, -0.19883078, 0.01305686, -0.34317514, 9.794026, -0.36009154, 3.7500002, -37.725002, -25.85625, 4.5924577, -74.1818368
2024-07-18 02:02:30.872, 0.70319074, -0.35174492, 9.826426, -0.023823043, -0.19883078, 0.01305686, -0.34317514, 9.794026, -0.36009154, 5.3812504, -33.375, -25.3875, 4.5924576, -74.1818368
2024-07-18 02:02:33.069, 0.6840482, -0.37088752, 9.82164, -0.023823043, -0.19883078, 0.01305686, -0.34317514, 9.794026, -0.36009154, 4.0125003, -36.318752, -25.63125, 4.5924575, -74.1818368
2024-07-18 02:02:34.071, 0.65294147, -0.35653058, 9.828818, -0.023823043, -0.19883078, 0.01305686, -0.34317514, 9.794026, -0.36009154, 3.5062501, -38.100002, -26.212502, 4.5924575, -74.1818368
2024-07-18 02:02:35.076, 0.67447686, -0.36370903, 9.826426, -0.023823043, -0.19883078, 0.01305686, -0.34317514, 9.794026, -0.36009154, 3.6750002, -37.8375, -25.706251, 4.5924574, -74.1818369
2024-07-18 02:02:36.080, 0.72472614, -0.35174492, 9.824033, -0.023823043, -0.19883078, 0.01305686, -0.34317514, 9.794026, -0.36009154, 5.3812504, -33.131252, -25.3875, 4.5924574, -74.1818369
2024-07-18 02:02:37.084, 0.69122666, -0.35653058, 9.835997, -0.023823043, -0.19883078, 0.01305686, -0.34317514, 9.794026, -0.36009154, 3.99375, -37.2, -25.612501, 4.5924573, -74.1818369
2024-07-18 02:02:39.334, 0.69122666, -0.3493521, 9.826426, -0.023823043, -0.19883078, 0.01305686, -0.34317514, 9.794026, -0.36009154, 4.18125, -36.61875, -25.687502, 4.5924573, -74.1818368
2024-07-18 02:02:40.340, 0.6984051, -0.34456646, 9.828818, -0.023823043, -0.19883078, 0.01305686, -0.34317514, 9.794026, -0.36009154, 3.5812502, -38.325, -25.650002, 4.5924573, -74.1818368
2024-07-18 02:02:41.343, 0.66969126, -0.3469593, 9.831211, -0.023823043, -0.19883078, 0.01305686, -0.34317514, 9.794026, -0.36009154, 4.4437504, -35.11875, -25.237501, 4.5924573, -74.1818368
2024-07-18 02:02:44.350, 0.7007979, -0.3397808, 9.824033, -0.023823043, -0.19883078, 0.01305686, -0.34317514, 9.794026, -0.36009154, 4.0875, -35.9625, -25.031252, 4.5924573, -74.1818368
2024-07-18 02:02:45.355, 0.6792625, -0.36131623, 9.828818, -0.023823043, -0.19883078, 0.01305686, -0.34317514, 9.794026, -0.36009154, 3.4875002, -38.325, -25.63125, 4.5924573, -74.1818368
2024-07-18 02:02:46.358, 0.67447686, -0.35174492, 9.819247, -0.023823043, -0.19883078, 0.01305686, -0.34317514, 9.794026, -0.36009154, 5.6062503, -34.59375, -25.650002, 4.5924573, -74.1818368
2024-07-18 02:02:49.318, 0.65294147, -0.3589234, 9.850353, -0.023823043, -0.19883078, 0.01305686, -0.34317514, 9.794026, -0.36009154, 4.21875, -36.768753, -25.9125, 4.5924574, -74.1818367
2024-07-18 02:02:50.321, 0.7055836, -0.35413775, 9.850353, -0.023823043, -0.19883078, 0.01305686, -0.34317514, 9.794026, -0.36009154, 3.3375, -38.287502, -25.66875, 4.5924574, -74.1818367
2024-07-18 02:02:51.326, 0.7055836, -0.34217364, 9.8886385, -0.023823043, -0.19883078, 0.01305686, -0.34317514, 9.794026, -0.36009154, 5.8875003, -33.24375, -24.093752, 4.5924574, -74.1818367
2024-07-18 02:02:53.088, 0.6984051, -0.3493521, 9.826426, -0.023823043, -0.19883078, 0.01305686, -0.34317514, 9.794026, -0.36009154, 3.6375, -37.29375, -25.706251, 4.5924574, -74.1818366
2024-07-18 02:02:54.769, 0.6984051, -0.34217364, 9.840782, -0.023823043, -0.19883078, 0.01305686, -0.34317514, 9.794026, -0.36009154, 3.6750002, -38.0625, -26.250002, 4.5924575, -74.1818366
2024-07-18 02:02:55.773, 0.69122666, -0.3589234, 9.826426, -0.023823043, -0.19883078, 0.01305686, -0.34317514, 9.794026, -0.36009154, 4.8375, -35.2125, -25.743752, 4.5924575, -74.1818366
2024-07-18 02:02:57.129, 0.686441, -0.36370903, 9.833604, -0.023823043, -0.19883078, 0.01305686, -0.34317514, 9.794026, -0.36009154, 4.2937503, -36.506252, -25.931252, 4.5924575, -74.1818366
2024-07-18 02:02:59.601, 0.70319074, -0.34456646, 9.835997, -0.023823043, -0.19883078, 0.01305686, -0.34317514, 9.794026, -0.36009154, 3.3000002, -38.53125, -26.081251, 4.5924576, -74.1818365
2024-07-18 02:03:00.607, 0.69601226, -0.35174492, 9.828818, -0.023823043, -0.19883078, 0.01305686, -0.34317514, 9.794026, -0.36009154, 4.18125, -37.66875, -25.425001, 4.5924576, -74.1818365
2024-07-18 02:03:02.080, 0.6792625, -0.3493521, 9.835997, -0.023823043, -0.19883078, 0.01305686, -0.34317514, 9.794026, -0.36009154, 4.3125, -36.018753, -25.875002, 4.5924576, -74.1818365
2024-07-18 02:03:04.492, 0.6768697, -0.3397808, 9.824033, -0.023823043, -0.19883078, 0.01305686, -0.34317514, 9.794026, -0.36009154, 4.21875, -37.425003, -25.518751, 4.5924577, -74.1818365
2024-07-18 02:03:05.497, 0.67208403, -0.3397808, 9.826426, -0.023823043, -0.19883078, 0.01305686, -0.34317514, 9.794026, -0.36009154, 3.43125, -38.7, -26.23125, 4.5924577, -74.1818365
2024-07-18 02:03:06.505, 0.6984051, -0.35413775, 9.826426, -0.023823043, -0.19883078, 0.01305686, -0.34317514, 9.794026, -0.36009154, 5.1375003, -35.568752, -25.650002, 4.5924578, -74.1818365
2024-07-18 02:03:09.329, 0.68883383, -0.36370903, 9.833604, -0.023823043, -0.19883078, 0.01305686, -0.34317514, 9.794026, -0.36009154, 4.9500003, -34.162502, -25.312502, 4.5924578, -74.1818365
2024-07-18 02:03:10.333, 0.7079764, -0.37088752, 9.831211, -0.023823043, -0.19883078, 0.01305686, -0.34317514, 9.794026, -0.36009154, 3.80625, -38.362503, -25.95, 4.5924578, -74.1818365
2024-07-18 02:03:11.337, 0.6936195, -0.35413775, 9.840782, -0.023823043, -0.19883078, 0.01305686, -0.34317514, 9.794026, -0.36009154, 5.08125, -34.331253, -25.087502, 4.5924579, -74.1818365
2024-07-18 02:03:14.119, 0.68883383, -0.34217364, 9.828818, -0.023823043, -0.19883078, 0.01305686, -0.34317514, 9.794026, -0.36009154, 4.03125, -35.5125, -25.406252, 4.5924579, -74.1818365
2024-07-18 02:03:15.123, 0.70319074, -0.36610186, 9.833604, -0.023823043, -0.19883078, 0.01305686, -0.34317514, 9.794026, -0.36009154, 3.8625002, -38.006252, -25.48125, 4.5924579, -74.1818365
2024-07-18 02:03:16.127, 0.68883383, -0.35653058, 9.845568, -0.023823043, -0.19883078, 0.01305686, -0.34317514, 9.794026, -0.36009154, 6.525, -31.500002, -24.243752, 4.5924579, -74.1818365
2024-07-18 02:03:17.178, 0.68883383, -0.3469593, 9.833604, -0.023823043, -0.19883078, 0.01305686, -0.34317514, 9.794026, -0.36009154, 4.65, -36.5625, -25.5375, 4.5924579, -74.1818365
2024-07-18 02:03:18.837, 0.69122666, -0.35653058, 9.835997, -0.023823043, -0.19883078, 0.01305686, -0.34317514, 9.794026, -0.36009154, 3.6375, -38.268753, -25.743752, 4.592458, -74.1818365
2024-07-18 02:03:19.844, 0.67447686, -0.34456646, 9.833604, -0.023823043, -0.19883078, 0.01305686, -0.34317514, 9.794026, -0.36009154, 3.8625002, -38.568752, -25.3875, 4.592458, -74.1818365
2024-07-18 02:03:20.849, 0.70319074, -0.35653058, 9.826426, -0.023823043, -0.19883078, 0.01305686, -0.34317514, 9.794026, -0.36009154, 4.125, -34.800003, -25.687502, 4.592458, -74.1818365
2024-07-18 02:03:21.855, 0.66729844, -0.35413775, 9.833604, -0.023823043, -0.19883078, 0.01305686, -0.34317514, 9.794026, -0.36009154, 3.45, -37.875, -25.95, 4.592458, -74.1818364
2024-07-18 02:03:24.061, 0.6936195, -0.35413775, 9.824033, -0.023823043, -0.19883078, 0.01305686, -0.34317514, 9.794026, -0.36009154, 5.26875, -35.8125, -25.650002, 4.5924581, -74.1818364
2024-07-18 02:03:25.064, 0.6792625, -0.34456646, 9.828818, -0.023823043, -0.19883078, 0.01305686, -0.34317514, 9.794026, -0.36009154, 3.7125, -37.575, -26.212502, 4.5924581, -74.1818364
2024-07-18 02:03:26.068, 0.6840482, -0.3469593, 9.828818, -0.023823043, -0.19883078, 0.01305686, -0.34317514, 9.794026, -0.36009154, 5.6625004, -32.5125, -25.406252, 4.5924581, -74.1818364
2024-07-18 02:03:27.071, 0.686441, -0.3493521, 9.833604, -0.023823043, -0.19883078, 0.01305686, -0.34317514, 9.794026, -0.36009154, 3.7875001, -38.362503, -25.406252, 4.5924581, -74.1818364
2024-07-18 02:03:29.067, 0.68883383, -0.35174492, 9.835997, -0.023823043, -0.19883078, 0.01305686, -0.34317514, 9.794026, -0.36009154, 4.2937503, -36.3375, -25.837502, 4.5924582, -74.1818364
2024-07-18 02:03:30.071, 0.69601226, -0.3469593, 9.833604, -0.023823043, -0.19883078, 0.01305686, -0.34317514, 9.794026, -0.36009154, 3.8812501, -37.893753, -26.156252, 4.5924582, -74.1818364
2024-07-18 02:03:31.075, 0.6936195, -0.34217364, 9.826426, -0.023823043, -0.19883078, 0.01305686, -0.34317514, 9.794026, -0.36009154, 5.3812504, -33.35625, -24.843752, 4.5924582, -74.1818364
2024-07-18 02:03:33.068, 0.6840482, -0.36370903, 9.833604, -0.023823043, -0.19883078, 0.01305686, -0.34317514, 9.794026, -0.36009154, 4.6312504, -35.25, -25.1625, 4.5924582, -74.1818363
2024-07-18 02:03:34.800, 0.67447686, -0.3589234, 9.831211, -0.023823043, -0.19883078, 0.01305686, -0.34317514, 9.794026, -0.36009154, 3.5625002, -38.2125, -25.593752, 4.5924582, -74.1818363
2024-07-18 02:03:35.804, 0.69122666, -0.3469593, 9.828818, -0.023823043, -0.19883078, 0.01305686, -0.34317514, 9.794026, -0.36009154, 3.9375002, -37.65, -25.3875, 4.5924582, -74.1818363
2024-07-18 02:03:37.082, 0.7007979, -0.36370903, 9.840782, -0.023823043, -0.19883078, 0.01305686, -0.34317514, 9.794026, -0.36009154, 4.8562503, -35.775, -25.462502, 4.5924582, -74.1818363
2024-07-18 02:03:39.568, 0.69601226, -0.3589234, 9.828818, -0.023823043, -0.19883078, 0.01305686, -0.34317514, 9.794026, -0.36009154, 3.6562502, -38.04375, -26.343752, 4.5924583, -74.1818363
2024-07-18 02:03:40.573, 0.67447686, -0.35174492, 9.833604, -0.023823043, -0.19883078, 0.01305686, -0.34317514, 9.794026, -0.36009154, 3.4125001, -38.475002, -25.706251, 4.5924583, -74.1818363
2024-07-18 02:03:41.580, 0.6984051, -0.35174492, 9.831211, -0.023823043, -0.19883078, 0.01305686, -0.34317514, 9.794026, -0.36009154, 4.8, -34.7625, -26.1, 4.5924583, -74.1818363
2024-07-18 02:03:44.349, 0.6840482, -0.3469593, 9.82164, -0.023823043, -0.19883078, 0.01305686, -0.34317514, 9.794026, -0.36009154, 4.4812503, -36.3375, -25.050001, 4.5924584, -74.1818363
2024-07-18 02:03:45.352, 0.69601226, -0.35174492, 9.833604, -0.023823043, -0.19883078, 0.01305686, -0.34317514, 9.794026, -0.36009154, 3.24375, -37.987503, -26.1375, 4.5924585, -74.1818363
2024-07-18 02:03:46.357, 0.68165535, -0.3589234, 9.828818, -0.023823043, -0.19883078, 0.01305686, -0.34317514, 9.794026, -0.36009154, 5.5875, -33.318752, -25.85625, 4.5924585, -74.1818363
2024-07-18 02:03:49.066, 0.7175477, -0.33499518, 9.809377, -0.023823043, -0.19883078, 0.01305686, -0.34317514, 9.794026, -0.36009154, 3.91875, -37.7625, -24.862501, 4.5924585, -74.1818363
2024-07-18 02:03:50.068, 0.67208403, -0.35174492, 9.833604, -0.023823043, -0.19883078, 0.01305686, -0.34317514, 9.794026, -0.36009154, 4.9125004, -38.23125, -23.90625, 4.5924586, -74.1818362
2024-07-18 02:03:51.072, 0.69601226, -0.31585258, 9.833604, -0.023823043, -0.19883078, 0.01305686, -0.34317514, 9.794026, -0.36009154, 6.5437503, -33.693752, -23.34375, 4.5924586, -74.1818362
2024-07-18 02:03:53.062, 0.7151549, -0.35174492, 9.824033, -0.023823043, -0.19883078, 0.01305686, -0.34317514, 9.794026, -0.36009154, 5.4375, -36.862503, -24.35625, 4.5924587, -74.1818362
2024-07-18 02:03:54.826, 0.6792625, -0.35413775, 9.835997, -0.023823043, -0.19883078, 0.01305686, -0.34317514, 9.794026, -0.36009154, 4.7625003, -39.16875, -25.031252, 4.5924587, -74.1818361
2024-07-18 02:03:55.831, 0.6553343, 0.49112684, 9.129516, -0.023823043, -0.19883078, 0.01305686, -0.34317514, 9.794026, -0.36009154, 5.15625, -38.4, -24.993752, 4.5924587, -74.1818361
2024-07-18 02:03:57.074, 0.6625128, -0.35413775, 9.869496, -0.023823043, -0.19883078, 0.01305686, -0.34317514, 9.794026, -0.36009154, 6.525, -36.375, -24.6375, 4.5924587, -74.1818361
2024-07-18 02:03:59.554, 0.6409774, -0.39720857, 9.82164, -0.023823043, -0.19883078, 0.01305686, -0.34317514, 9.794026, -0.36009154, 4.4812503, -38.4375, -24.375002, 4.5924587, -74.181836
2024-07-18 02:04:00.558, 0.6553343, -0.3804588, 9.857532, -0.023823043, -0.19883078, 0.01305686, -0.34317514, 9.794026, -0.36009154, 4.33125, -38.5125, -24.73125, 4.5924587, -74.181836
2024-07-18 02:04:01.562, 0.69601226, -0.36131623, 9.840782, -0.023823043, -0.19883078, 0.01305686, -0.34317514, 9.794026, -0.36009154, 5.7000003, -34.96875, -25.087502, 4.5924587, -74.181836
2024-07-18 02:04:04.172, 0.6792625, -0.35413775, 9.828818, -0.023823043, -0.19883078, 0.01305686, -0.34317514, 9.794026, -0.36009154, 4.89375, -34.256252, -24.993752, 4.5924587, -74.181836
2024-07-18 02:04:05.178, 0.6936195, -0.35174492, 9.835997, -0.023823043, -0.19883078, 0.01305686, -0.34317514, 9.794026, -0.36009154, 3.9562502, -37.85625, -25.575, 4.5924587, -74.181836
2024-07-18 02:04:06.183, 0.68165535, -0.35413775, 9.826426, -0.023823043, -0.19883078, 0.01305686, -0.34317514, 9.794026, -0.36009154, 6.7875004, -32.79375, -25.406252, 4.5924587, -74.181836
2024-07-18 02:04:08.079, 0.68165535, -0.35413775, 9.826426, -0.023823043, -0.19883078, 0.01305686, -0.34317514, 9.794026, -0.36009154, 5.2125, -36.91875, -24.862501, 4.5924587, -74.181836
2024-07-18 02:04:09.847, 0.686441, -0.3493521, 9.852746, -0.023823043, -0.19883078, 0.01305686, -0.34317514, 9.794026, -0.36009154, 4.125, -38.15625, -25.63125, 4.5924587, -74.181836
2024-07-18 02:04:10.851, 0.6026922, -0.44027936, 9.965209, -0.023823043, -0.19883078, 0.01305686, -0.34317514, 9.794026, -0.36009154, 4.51875, -38.381252, -26.04375, 4.5924587, -74.1818359
2024-07-18 02:04:12.062, 0.5811568, -0.34456646, 10.125528, -0.023823043, -0.19883078, 0.01305686, -0.34317514, 9.794026, -0.36009154, 5.68125, -35.925003, -26.38125, 4.5924587, -74.1818359
2024-07-18 02:04:14.507, 0.6840482, -0.3469593, 9.828818, -0.023823043, -0.19883078, 0.01305686, -0.34317514, 9.794026, -0.36009154, 4.6312504, -37.93125, -25.85625, 4.5924588, -74.1818359
2024-07-18 02:04:15.512, 0.6768697, -0.33499518, 9.828818, -0.023823043, -0.19883078, 0.01305686, -0.34317514, 9.794026, -0.36009154, 4.6312504, -38.475002, -25.9125, 4.5924588, -74.1818359
2024-07-18 02:04:16.516, 0.68165535, -0.35413775, 9.816854, -0.023823043, -0.19883078, 0.01305686, -0.34317514, 9.794026, -0.36009154, 5.6625004, -33.91875, -25.781252, 4.5924588, -74.1818359
2024-07-18 02:04:18.313, 0.7055836, -0.36131623, 9.814461, -0.023823043, -0.19883078, 0.01305686, -0.34317514, 9.794026, -0.36009154, 5.15625, -36.28125, -25.462502, 4.5924588, -74.1818359
2024-07-18 02:04:19.318, 0.68883383, -0.35174492, 9.824033, -0.023823043, -0.19883078, 0.01305686, -0.34317514, 9.794026, -0.36009154, 4.6312504, -38.11875, -25.95, 4.5924588, -74.1818359
2024-07-18 02:04:20.324, 0.6792625, -0.3493521, 9.828818, -0.023823043, -0.19883078, 0.01305686, -0.34317514, 9.794026, -0.36009154, 4.9125004, -38.49375, -25.875002, 4.5924588, -74.1818359
2024-07-18 02:04:21.328, 0.69601226, -0.35413775, 9.826426, -0.023823043, -0.19883078, 0.01305686, -0.34317514, 9.794026, -0.36009154, 5.64375, -33.206253, -25.35, 4.5924588, -74.1818359
2024-07-18 02:04:24.068, 0.6792625, -0.33499518, 9.824033, -0.023823043, -0.19883078, 0.01305686, -0.34317514, 9.794026, -0.36009154, 5.5875, -35.362503, -25.331251, 4.5924588, -74.1818359
2024-07-18 02:04:25.070, -1.4730815, 4.549055, 5.8567324, -0.023823043, -0.19883078, 0.01305686, -0.34317514, 9.794026, -0.36009154, -2.625, -60.075, -4.8562503, 4.5924589, -74.1818359
2024-07-18 02:04:26.073, -1.8705891, 4.089334, 8.86152, -0.023823043, -0.19883078, 0.01305686, -0.34317514, 9.794026, -0.36009154, 8.3625, -64.668755, -22.725, 4.5924588, -74.1818359
2024-07-18 02:04:27.076, -2.0859432, 4.0797625, 8.684152, -0.023823043, -0.19883078, 0.01305686, -0.34317514, 9.794026, -0.36009154, 12.39375, -58.143753, -19.81875, 4.5924588, -74.1818359
2024-07-18 02:04:28.078, -6.139086, -1.0148559, 7.7243304, -0.023823043, -0.19883078, 0.01305686, -0.34317514, 9.794026, -0.36009154, 20.2875, -14.45625, -14.587501, 4.5924588, -74.1818359
2024-07-18 02:04:29.080, 0.28893334, -0.7636095, 9.824033, -0.023823043, -0.19883078, 0.01305686, -0.34317514, 9.794026, -0.36009154, 10.275001, -22.612501, -20.90625, 4.5924588, -74.1818358
2024-07-18 02:04:30.082, 0.2745764, -0.7516454, 9.845568, -0.023823043, -0.19883078, 0.01305686, -0.34317514, 9.794026, -0.36009154, 7.7250004, -29.493752, -21.581251, 4.5924588, -74.1818358
2024-07-18 02:04:31.085, 0.2745764, -0.7540382, 9.855139, -0.023823043, -0.19883078, 0.01305686, -0.34317514, 9.794026, -0.36009154, 9.225, -24.956251, -22.087502, 4.5924588, -74.1818358
2024-07-18 02:04:32.089, 0.25543383, -0.75643104, 9.833604, -0.023823043, -0.19883078, 0.01305686, -0.34317514, 9.794026, -0.36009154, 8.90625, -25.425001, -22.050001, 4.5924588, -74.1818358
2024-07-18 02:04:33.091, 0.25064817, -0.74207413, 9.833604, -0.023823043, -0.19883078, 0.01305686, -0.34317514, 9.794026, -0.36009154, 7.4812503, -29.79375, -21.2625, 4.5924589, -74.1818358
2024-07-18 02:04:34.094, 0.27218357, -0.7612167, 9.838389, -0.023823043, -0.19883078, 0.01305686, -0.34317514, 9.794026, -0.36009154, 7.0687504, -31.331251, -21.675001, 4.5924589, -74.1818358
2024-07-18 02:04:35.098, 0.30329028, -0.7396813, 9.840782, -0.023823043, -0.19883078, 0.01305686, -0.34317514, 9.794026, -0.36009154, 7.425, -31.237501, -22.575, 4.5924589, -74.1818358
2024-07-18 02:04:36.102, 0.26739794, -0.7516454, 9.84796, -0.023823043, -0.19883078, 0.01305686, -0.34317514, 9.794026, -0.36009154, 8.7375, -26.85, -21.91875, 4.5924589, -74.1818358
2024-07-18 02:04:37.106, 0.25782663, -0.77796644, 9.84796, -0.023823043, -0.19883078, 0.01305686, -0.34317514, 9.794026, -0.36009154, 6.8812504, -31.406252, -22.59375, 4.5924589, -74.1818358
2024-07-18 02:04:38.109, 0.26739794, -0.74446696, 9.862318, -0.023823043, -0.19883078, 0.01305686, -0.34317514, 9.794026, -0.36009154, 8.400001, -28.968752, -22.03125, 4.5924589, -74.1818358
2024-07-18 02:04:39.112, -0.41485563, -0.054735817, 10.135099, -0.023823043, -0.19883078, 0.01305686, -0.34317514, 9.794026, -0.36009154, -27.431252, 12.1125, -40.350002, 4.5924589, -74.1818358
2024-07-18 02:04:40.116, 0.32961133, -0.45702913, 9.859925, -0.023823043, -0.19883078, 0.01305686, -0.34317514, 9.794026, -0.36009154, -35.30625, 11.1, -41.30625, 4.5924589, -74.1818358
2024-07-18 02:04:41.120, 0.34157544, -0.4546363, 9.852746, -0.023823043, -0.19883078, 0.01305686, -0.34317514, 9.794026, -0.36009154, -34.275, 15.8625, -41.0625, 4.592463, -74.1818425
2024-07-18 02:04:42.123, -0.65922266, -0.15553348, 9.840782, -0.023823043, -0.19883078, 0.01305686, -0.34317514, 9.794026, -0.36009154, -35.737503, 10.725, -40.631252, 4.5924641, -74.1818444
2024-07-18 02:04:43.339, 0.3487539, -0.4139583, 9.871889, -0.023823043, -0.19883078, 0.01305686, -0.34317514, 9.794026, -0.36009154, -35.11875, 11.475, -39.73125, 4.5924641, -74.1818444
2024-07-18 02:04:44.341, 0.32004002, -0.40917268, 9.852746, -0.023823043, -0.19883078, 0.01305686, -0.34317514, 9.794026, -0.36009154, -35.625, 8.56875, -39.9, 4.5924667, -74.1818465
2024-07-18 02:04:45.437, 0.3367898, -0.4211368, 9.91496, -0.023823043, -0.19883078, 0.01305686, -0.34317514, 9.794026, -0.36009154, -35.34375, 8.7375, -40.29375, 4.5924671, -74.1818457
2024-07-18 02:04:46.440, 0.28175488, -0.46181476, 9.907782, -0.023823043, -0.19883078, 0.01305686, -0.34317514, 9.794026, -0.36009154, -32.98125, 14.587501, -39.35625, 4.5924677, -74.1818461
2024-07-18 02:04:47.444, 0.32243285, -0.42831525, 9.919745, -0.023823043, -0.19883078, 0.01305686, -0.34317514, 9.794026, -0.36009154, -37.10625, 4.9875, -40.93125, 4.5924642, -74.181842
2024-07-18 02:04:48.447, 0.37986058, -0.39481574, 9.857532, -0.023823043, -0.19883078, 0.01305686, -0.34317514, 9.794026, -0.36009154, -37.0875, 4.875, -40.93125, 4.5924623, -74.1818398
2024-07-18 02:04:49.450, 0.35832518, -0.38763726, 9.984351, -0.023823043, -0.19883078, 0.01305686, -0.34317514, 9.794026, -0.36009154, -36.787502, 5.1375003, -40.95, 4.5924611, -74.1818385
2024-07-18 02:04:50.456, 0.36311084, -0.4426722, 9.680164, -0.023823043, -0.19883078, 0.01305686, -0.34317514, 9.794026, -0.36009154, -37.21875, 4.875, -40.74375, 4.5924604, -74.1818376
2024-07-18 02:04:51.460, 0.39900318, -0.3589234, 9.759128, -0.023823043, -0.19883078, 0.01305686, -0.34317514, 9.794026, -0.36009154, -37.0125, 5.2875004, -40.7625, 4.5924599, -74.1818371
2024-07-18 02:04:52.464, 0.35832518, -0.3684947, 9.840782, -0.023823043, -0.19883078, 0.01305686, -0.34317514, 9.794026, -0.36009154, -36.300003, 4.70625, -40.4625, 4.5924595, -74.1818367
2024-07-18 02:04:53.469, 0.36311084, -0.3924229, 9.850353, -0.023823043, -0.19883078, 0.01305686, -0.34317514, 9.794026, -0.36009154, -37.256252, 5.4375, -40.125, 4.5924593, -74.1818365
2024-07-18 02:04:54.473, 0.37507495, -0.36370903, 9.931709, -0.023823043, -0.19883078, 0.01305686, -0.34317514, 9.794026, -0.36009154, -37.36875, 4.6687503, -40.350002, 4.5924592, -74.1818363
2024-07-18 02:04:55.477, 0.39182472, -0.39481574, 9.855139, -0.023823043, -0.19883078, 0.01305686, -0.34317514, 9.794026, -0.36009154, -33.018753, 17.306252, -38.68125, 4.5924591, -74.1818362
2024-07-18 02:04:56.484, 0.5162515, -0.567099, 9.620343, -0.023823043, -0.19883078, 0.01305686, -0.34317514, 9.794026, -0.36009154, -31.29375, 28.987501, -39.7125, 4.592459, -74.1818361
2024-07-18 02:04:57.487, 0.4971089, -0.44985065, 9.893424, -0.023823043, -0.19883078, 0.01305686, -0.34317514, 9.794026, -0.36009154, -34.631252, 20.831251, -38.68125, 4.592459, -74.181836
2024-07-18 02:04:58.488, 0.57158554, -0.44745782, 9.979566, -0.023823043, -0.19883078, 0.01305686, -0.34317514, 9.794026, -0.36009154, -34.18125, 22.06875, -38.9625, 4.5924589, -74.181836
2024-07-18 02:04:59.491, 0.49232325, -0.43788654, 9.831211, -0.023823043, -0.19883078, 0.01305686, -0.34317514, 9.794026, -0.36009154, -34.93125, 19.237501, -39.112503, 4.5924589, -74.1818359
2024-07-18 02:05:00.494, 0.4660022, -0.44506502, 9.82164, -0.023823043, -0.19883078, 0.01305686, -0.34317514, 9.794026, -0.36009154, -32.79375, 24.375002, -38.287502, 4.5924589, -74.1818359
2024-07-18 02:05:01.497, 0.46121657, -0.4139583, 9.816854, -0.023823043, -0.19883078, 0.01305686, -0.34317514, 9.794026, -0.36009154, -33.2625, 26.681252, -37.48125, 4.5924589, -74.1818359
2024-07-18 02:05:02.498, 0.4636094, -0.43070808, 9.852746, -0.023823043, -0.19883078, 0.01305686, -0.34317514, 9.794026, -0.36009154, -28.125002, 38.831253, -36.91875, 4.5924589, -74.181836
2024-07-18 02:05:03.499, 0.49232325, -0.4426722, 9.824033, -0.023823043, -0.19883078, 0.01305686, -0.34317514, 9.794026, -0.36009154, -33.75, 23.1375, -37.875, 4.5924589, -74.1818359
2024-07-18 02:05:04.501, 0.4660022, -0.4426722, 9.895817, -0.023823043, -0.19883078, 0.01305686, -0.34317514, 9.794026, -0.36009154, -33.84375, 21.056252, -38.325, 4.5924589, -74.1818359
2024-07-18 02:05:05.502, 0.4755735, -0.4354937, 9.838389, -0.023823043, -0.19883078, 0.01305686, -0.34317514, 9.794026, -0.36009154, -33.9, 23.23125, -37.96875, 4.5924589, -74.1818359
2024-07-18 02:05:06.503, 0.47318068, -0.4235296, 9.845568, -0.023823043, -0.19883078, 0.01305686, -0.34317514, 9.794026, -0.36009154, -32.7, 27.88125, -38.193752, 4.5924589, -74.1818359
2024-07-18 02:05:07.503, 0.51146585, -0.4235296, 9.826426, -0.023823043, -0.19883078, 0.01305686, -0.34317514, 9.794026, -0.36009154, -35.15625, 20.475, -39.1875, 4.5924589, -74.1818359
2024-07-18 02:05:08.504, 0.49232325, -0.4211368, 9.843175, -0.023823043, -0.19883078, 0.01305686, -0.34317514, 9.794026, -0.36009154, -36.1875, 19.706251, -38.5125, 4.592459, -74.1818359
2024-07-18 02:05:09.505, 0.47078785, -0.4354937, 9.867104, -0.023823043, -0.19883078, 0.01305686, -0.34317514, 9.794026, -0.36009154, -36.54375, 19.087502, -38.662502, 4.592459, -74.1818359
2024-07-18 02:05:10.506, 0.50428736, -0.4235296, 9.790234, -0.023823043, -0.19883078, 0.01305686, -0.34317514, 9.794026, -0.36009154, -36.09375, 19.44375, -39.24375, 4.592459, -74.1818359
2024-07-18 02:05:11.507, 0.4636094, -0.4211368, 9.869496, -0.023823043, -0.19883078, 0.01305686, -0.34317514, 9.794026, -0.36009154, -34.74375, 25.687502, -38.4, 4.592459, -74.1818359
2024-07-18 02:05:12.508, 0.45403808, -0.44745782, 9.969995, -0.023823043, -0.19883078, 0.01305686, -0.34317514, 9.794026, -0.36009154, -35.9625, 19.0125, -38.11875, 4.592459, -74.1818359
2024-07-18 02:05:13.509, 0.47078785, -0.42592242, 9.751948, -0.023823043, -0.19883078, 0.01305686, -0.34317514, 9.794026, -0.36009154, -35.381252, 20.04375, -37.48125, 4.592459, -74.1818359
2024-07-18 02:05:14.510, 0.49950173, -0.43788654, 9.828818, -0.023823043, -0.19883078, 0.01305686, -0.34317514, 9.794026, -0.36009154, -36.09375, 18.806252, -38.456253, 4.592459, -74.1818358
2024-07-18 02:05:15.511, 0.4851448, -0.4354937, 9.88146, -0.023823043, -0.19883078, 0.01305686, -0.34317514, 9.794026, -0.36009154, -35.8875, 19.95, -40.10625, 4.592459, -74.1818358
2024-07-18 02:05:16.512, 0.49471608, -0.41874397, 9.833604, -0.023823043, -0.19883078, 0.01305686, -0.34317514, 9.794026, -0.36009154, -34.0125, 24.393751, -38.34375, 4.592459, -74.1818358
2024-07-18 02:05:17.513, 0.45403808, -0.4354937, 9.852746, -0.023823043, -0.19883078, 0.01305686, -0.34317514, 9.794026, -0.36009154, -36.037502, 18.581251, -38.625, 4.592459, -74.1818358
2024-07-18 02:05:18.514, 0.46839502, -0.42592242, 9.886246, -0.023823043, -0.19883078, 0.01305686, -0.34317514, 9.794026, -0.36009154, -35.662502, 18.91875, -38.30625, 4.592459, -74.1818358
2024-07-18 02:05:19.514, 0.4636094, -0.42592242, 9.838389, -0.023823043, -0.19883078, 0.01305686, -0.34317514, 9.794026, -0.36009154, -36.05625, 18.150002, -38.8875, 4.592459, -74.1818358
2024-07-18 02:05:20.515, 0.4755735, -0.43070808, 9.869496, -0.023823043, -0.19883078, 0.01305686, -0.34317514, 9.794026, -0.36009154, -35.25, 18.50625, -39.2625, 4.592459, -74.1818358
2024-07-18 02:05:21.516, 0.4755735, -0.44506502, 9.862318, -0.023823043, -0.19883078, 0.01305686, -0.34317514, 9.794026, -0.36009154, -34.068752, 23.85, -38.625, 4.592459, -74.1818358
2024-07-18 02:05:22.517, 0.46121657, -0.4235296, 9.902996, -0.023823043, -0.19883078, 0.01305686, -0.34317514, 9.794026, -0.36009154, -35.456253, 19.21875, -37.59375, 4.592459, -74.1818358
2024-07-18 02:05:23.518, 0.48275197, -0.4354937, 9.850353, -0.023823043, -0.19883078, 0.01305686, -0.34317514, 9.794026, -0.36009154, -36.61875, 19.3875, -37.85625, 4.592459, -74.1818358
2024-07-18 02:05:24.519, 0.47318068, -0.4354937, 9.840782, -0.023823043, -0.19883078, 0.01305686, -0.34317514, 9.794026, -0.36009154, -36.0, 19.03125, -39.5625, 4.592459, -74.1818358
2024-07-18 02:05:25.520, 0.46839502, -0.44745782, 9.867104, -0.023823043, -0.19883078, 0.01305686, -0.34317514, 9.794026, -0.36009154, -36.1875, 20.0625, -39.43125, 4.592459, -74.1818358
2024-07-18 02:05:26.521, 0.4971089, -0.43070808, 9.783055, -0.023823043, -0.19883078, 0.01305686, -0.34317514, 9.794026, -0.36009154, -35.625, 23.493752, -37.21875, 4.592459, -74.1818358
2024-07-18 02:05:27.522, 0.50189453, -0.41635114, 9.797412, -0.023823043, -0.19883078, 0.01305686, -0.34317514, 9.794026, -0.36009154, -35.9625, 18.487501, -38.456253, 4.592459, -74.1818358
2024-07-18 02:05:28.522, 0.4564309, -0.4331009, 9.88146, -0.023823043, -0.19883078, 0.01305686, -0.34317514, 9.794026, -0.36009154, -34.66875, 24.206251, -38.362503, 4.592459, -74.1818358
2024-07-18 02:05:29.523, 0.48753762, -0.41874397, 9.838389, -0.023823043, -0.19883078, 0.01305686, -0.34317514, 9.794026, -0.36009154, -36.018753, 18.5625, -39.24375, 4.592459, -74.1818358
2024-07-18 02:05:30.524, 0.47078785, -0.42592242, 9.859925, -0.023823043, -0.19883078, 0.01305686, -0.34317514, 9.794026, -0.36009154, -35.5875, 18.525002, -38.268753, 4.5924591, -74.1818357
2024-07-18 02:05:31.525, 0.4636094, -0.43070808, 9.859925, -0.023823043, -0.19883078, 0.01305686, -0.34317514, 9.794026, -0.36009154, -33.487503, 24.187502, -37.2, 4.5924591, -74.1818357
2024-07-18 02:05:32.526, 0.4779663, -0.43070808, 9.88146, -0.023823043, -0.19883078, 0.01305686, -0.34317514, 9.794026, -0.36009154, -36.393753, 19.03125, -37.93125, 4.5924591, -74.1818357
2024-07-18 02:05:33.527, 0.4851448, -0.4235296, 9.857532, -0.023823043, -0.19883078, 0.01305686, -0.34317514, 9.794026, -0.36009154, -36.206253, 18.7875, -38.9625, 4.5924591, -74.1818357
2024-07-18 02:05:34.528, 0.47078785, -0.4354937, 9.852746, -0.023823043, -0.19883078, 0.01305686, -0.34317514, 9.794026, -0.36009154, -35.68125, 20.23125, -38.925003, 4.5924591, -74.1818357
2024-07-18 02:05:35.528, 0.48753762, -0.4211368, 9.84796, -0.023823043, -0.19883078, 0.01305686, -0.34317514, 9.794026, -0.36009154, -35.86875, 19.425001, -38.2125, 4.5924591, -74.1818357
2024-07-18 02:05:36.529, 0.48275197, -0.42592242, 9.862318, -0.023823043, -0.19883078, 0.01305686, -0.34317514, 9.794026, -0.36009154, -35.0625, 22.81875, -38.23125, 4.5924592, -74.1818357
2024-07-18 02:05:37.531, 0.4755735, -0.42831525, 9.845568, -0.023823043, -0.19883078, 0.01305686, -0.34317514, 9.794026, -0.36009154, -35.850002, 18.7875, -38.53125, 4.5924592, -74.1818357
2024-07-18 02:05:38.531, 0.48035914, -0.43788654, 9.876675, -0.023823043, -0.19883078, 0.01305686, -0.34317514, 9.794026, -0.36009154, -35.8125, 18.0375, -39.206253, 4.5924592, -74.1818357
2024-07-18 02:05:39.532, 0.4779663, -0.41874397, 9.814461, -0.023823043, -0.19883078, 0.01305686, -0.34317514, 9.794026, -0.36009154, -36.393753, 18.806252, -38.8125, 4.5924592, -74.1818357
2024-07-18 02:05:40.532, 0.47078785, -0.4354937, 9.859925, -0.023823043, -0.19883078, 0.01305686, -0.34317514, 9.794026, -0.36009154, -36.037502, 18.712502, -38.100002, 4.5924592, -74.1818356
2024-07-18 02:05:41.533, 0.48275197, -0.42592242, 9.857532, -0.023823043, -0.19883078, 0.01305686, -0.34317514, 9.794026, -0.36009154, -33.84375, 23.8125, -37.78125, 4.5924592, -74.1818356
2024-07-18 02:05:42.534, 0.4755735, -0.43788654, 9.852746, -0.023823043, -0.19883078, 0.01305686, -0.34317514, 9.794026, -0.36009154, -36.43125, 19.25625, -38.625, 4.5924592, -74.1818356
2024-07-18 02:05:43.535, 0.4851448, -0.44985065, 9.828818, -0.023823043, -0.19883078, 0.01305686, -0.34317514, 9.794026, -0.36009154, -36.2625, 18.900002, -39.43125, 4.5924592, -74.1818356
2024-07-18 02:05:44.536, 0.48035914, -0.41635114, 9.864711, -0.023823043, -0.19883078, 0.01305686, -0.34317514, 9.794026, -0.36009154, -36.393753, 18.1875, -37.93125, 4.5924592, -74.1818356
2024-07-18 02:05:45.537, 0.48275197, -0.44027936, 9.840782, -0.023823043, -0.19883078, 0.01305686, -0.34317514, 9.794026, -0.36009154, -35.756252, 18.0375, -38.550003, 4.5924592, -74.1818356
2024-07-18 02:05:46.537, 0.48993045, -0.41874397, 9.835997, -0.023823043, -0.19883078, 0.01305686, -0.34317514, 9.794026, -0.36009154, -33.75, 23.456251, -39.16875, 4.5924592, -74.1818356
2024-07-18 02:05:47.538, 0.46839502, -0.42831525, 9.871889, -0.023823043, -0.19883078, 0.01305686, -0.34317514, 9.794026, -0.36009154, -35.193752, 22.2, -38.41875, 4.5924592, -74.1818356
2024-07-18 02:05:48.539, 0.48993045, -0.41156548, 9.826426, -0.023823043, -0.19883078, 0.01305686, -0.34317514, 9.794026, -0.36009154, -35.8875, 18.712502, -38.53125, 4.5924592, -74.1818356
2024-07-18 02:05:49.539, 0.46839502, -0.42831525, 9.869496, -0.023823043, -0.19883078, 0.01305686, -0.34317514, 9.794026, -0.36009154, -36.45, 17.53125, -38.34375, 4.5924592, -74.1818356
2024-07-18 02:05:50.540, 0.48035914, -0.41874397, 9.852746, -0.023823043, -0.19883078, 0.01305686, -0.34317514, 9.794026, -0.36009154, -35.7, 18.337502, -38.15625, 4.5924592, -74.1818356
2024-07-18 02:05:51.541, 0.48993045, -0.4354937, 9.797412, -0.023823043, -0.19883078, 0.01305686, -0.34317514, 9.794026, -0.36009154, -35.643753, 22.66875, -38.475002, 4.5924592, -74.1818356
2024-07-18 02:05:52.542, 0.48993045, -0.44506502, 9.840782, -0.023823043, -0.19883078, 0.01305686, -0.34317514, 9.794026, -0.36009154, -36.318752, 18.75, -39.16875, 4.5924592, -74.1818356
2024-07-18 02:05:53.542, 0.48993045, -0.43788654, 9.862318, -0.023823043, -0.19883078, 0.01305686, -0.34317514, 9.794026, -0.36009154, -36.45, 18.712502, -39.09375, 4.5924592, -74.1818356
2024-07-18 02:05:54.543, 0.45164528, -0.4235296, 9.94128, -0.023823043, -0.19883078, 0.01305686, -0.34317514, 9.794026, -0.36009154, -36.075, 17.775002, -38.362503, 4.5924592, -74.1818356
2024-07-18 02:05:55.544, 0.46839502, -0.42831525, 9.862318, -0.023823043, -0.19883078, 0.01305686, -0.34317514, 9.794026, -0.36009154, -36.80625, 17.15625, -39.206253, 4.5924592, -74.1818356
2024-07-18 02:05:56.544, 0.4851448, -0.4426722, 9.845568, -0.023823043, -0.19883078, 0.01305686, -0.34317514, 9.794026, -0.36009154, -32.9625, 25.95, -38.100002, 4.5924592, -74.1818356
2024-07-18 02:05:57.545, 0.4779663, -0.4331009, 9.886246, -0.023823043, -0.19883078, 0.01305686, -0.34317514, 9.794026, -0.36009154, -36.018753, 17.925001, -38.79375, 4.5924592, -74.1818356
2024-07-18 02:05:58.546, 0.49471608, -0.4354937, 9.838389, -0.023823043, -0.19883078, 0.01305686, -0.34317514, 9.794026, -0.36009154, -36.375, 17.6625, -38.4, 4.5924592, -74.1818356
2024-07-18 02:05:59.547, 0.46839502, -0.43070808, 9.84796, -0.023823043, -0.19883078, 0.01305686, -0.34317514, 9.794026, -0.36009154, -35.98125, 17.475, -38.775, 4.5924592, -74.1818355
2024-07-18 02:06:00.548, 0.4851448, -0.42831525, 9.82164, -0.023823043, -0.19883078, 0.01305686, -0.34317514, 9.794026, -0.36009154, -36.393753, 18.375, -38.175003, 4.5924592, -74.1818355
2024-07-18 02:06:01.549, 0.48993045, -0.4354937, 9.843175, -0.023823043, -0.19883078, 0.01305686, -0.34317514, 9.794026, -0.36009154, -35.04375, 22.95, -38.756252, 4.5924592, -74.1818355
2024-07-18 02:06:02.550, 0.48753762, -0.43788654, 9.84796, -0.023823043, -0.19883078, 0.01305686, -0.34317514, 9.794026, -0.36009154, -36.54375, 18.225, -38.60625, 4.5924592, -74.1818355
2024-07-18 02:06:03.551, 0.47078785, -0.44027936, 9.850353, -0.023823043, -0.19883078, 0.01305686, -0.34317514, 9.794026, -0.36009154, -36.318752, 16.81875, -39.225002, 4.5924593, -74.1818355
2024-07-18 02:06:04.552, 0.48993045, -0.43070808, 9.828818, -0.023823043, -0.19883078, 0.01305686, -0.34317514, 9.794026, -0.36009154, -36.300003, 17.90625, -38.943752, 4.5924593, -74.1818355
2024-07-18 02:06:05.553, 0.48993045, -0.41635114, 9.840782, -0.023823043, -0.19883078, 0.01305686, -0.34317514, 9.794026, -0.36009154, -36.206253, 17.325, -39.581253, 4.5924593, -74.1818355
2024-07-18 02:06:06.555, 0.48035914, -0.44027936, 9.902996, -0.023823043, -0.19883078, 0.01305686, -0.34317514, 9.794026, -0.36009154, -32.550003, 29.156252, -36.300003, 4.5924593, -74.1818355
2024-07-18 02:06:07.557, 0.48753762, -0.43070808, 9.838389, -0.023823043, -0.19883078, 0.01305686, -0.34317514, 9.794026, -0.36009154, -37.3125, 14.306251, -39.018753, 4.5924593, -74.1818354
2024-07-18 02:06:08.562, 0.4660022, -0.44985065, 9.869496, -0.023823043, -0.19883078, 0.01305686, -0.34317514, 9.794026, -0.36009154, -37.875, 14.118751, -39.225002, 4.5924593, -74.1818354
2024-07-18 02:06:09.566, 0.46839502, -0.4235296, 9.850353, -0.023823043, -0.19883078, 0.01305686, -0.34317514, 9.794026, -0.36009154, -37.631252, 14.906251, -38.756252, 4.5924593, -74.1818354
2024-07-18 02:06:10.569, 0.47078785, -0.4235296, 9.867104, -0.023823043, -0.19883078, 0.01305686, -0.34317514, 9.794026, -0.36009154, -37.7625, 14.45625, -39.2625, 4.5924593, -74.1818354
2024-07-18 02:06:11.572, 0.49950173, -0.4235296, 9.862318, -0.023823043, -0.19883078, 0.01305686, -0.34317514, 9.794026, -0.36009154, -34.85625, 20.04375, -38.643753, 4.5924593, -74.1818354
2024-07-18 02:06:12.577, 0.4971089, -0.4211368, 9.84796, -0.023823043, -0.19883078, 0.01305686, -0.34317514, 9.794026, -0.36009154, -37.162502, 15.637501, -38.5875, 4.5924593, -74.1818354
