2024-07-18 04:00:35.419, -0.1683949, -9.830014, -0.8129615, 0.0, 7.635591E-5, 7.635591E-5, -0.16283014, -9.770416, -0.82634336, 32.49375, -25.406252, 27.562502, 4.5930265, -74.1820746
2024-07-18 04:03:36.496, -0.16600206, -9.8348, -0.8177471, 0.0, 7.635591E-5, 7.635591E-5, -0.16283014, -9.770416, -0.82634336, 32.268753, -26.60625, 27.487501, 4.5930265, -74.1820746
2024-07-18 04:05:46.369, -0.1683949, -9.830014, -0.8105687, 0.0, 7.635591E-5, 7.635591E-5, -0.16283014, -9.770416, -0.82634336, 30.768751, -24.73125, 30.525002, 4.5930265, -74.1820746
2024-07-18 04:07:36.372, -0.15882361, -9.85155, -0.8177471, 0.0, 7.635591E-5, 7.635591E-5, -0.16283014, -9.770416, -0.82634336, 30.581251, -24.337502, 29.925001, 4.5930265, -74.1820746
2024-07-18 04:07:37.374, -0.17078772, -9.839586, -0.8129615, 0.0, 7.635591E-5, 7.635591E-5, -0.16283014, -9.770416, -0.82634336, 30.73125, -24.393751, 29.60625, 4.5930265, -74.1820746
2024-07-18 04:09:47.228, -0.15882361, -9.832407, -0.8129615, 0.0, 7.635591E-5, 7.635591E-5, -0.16283014, -9.770416, -0.82634336, 30.225, -25.25625, 29.868752, 4.5930265, -74.1820746
2024-07-18 04:11:57.196, -0.180359, -9.841979, -0.80817586, 0.0, 7.635591E-5, 7.635591E-5, -0.16283014, -9.770416, -0.82634336, 30.6, -24.54375, 30.13125, 4.5930265, -74.1820746
2024-07-18 04:14:26.273, -0.17078772, -9.844372, -0.80578303, 0.0, 7.635591E-5, 7.635591E-5, -0.16283014, -9.770416, -0.82634336, 30.825, -24.675001, 30.487501, 4.5930265, -74.1820746
2024-07-18 04:16:36.171, -0.1683949, -9.839586, -0.8105687, 0.0, 7.635591E-5, 7.635591E-5, -0.16283014, -9.770416, -0.82634336, 31.425001, -24.16875, 29.625002, 4.5930265, -74.1820746
2024-07-18 04:18:14.045, -0.16121642, -9.832407, -0.8153543, 0.0, 7.635591E-5, 7.635591E-5, -0.16283014, -9.770416, -0.82634336, 30.675001, -24.187502, 30.075, 4.5930265, -74.1820746
2024-07-18 04:18:18.166, -0.15882361, -9.837193, -0.8153543, 0.0, 7.635591E-5, 7.635591E-5, -0.16283014, -9.770416, -0.82634336, 30.843752, -24.16875, 30.075, 4.5930265, -74.1820746
2024-07-18 04:19:45.168, -0.16360925, -9.844372, -0.82013994, 0.0, 7.635591E-5, 7.635591E-5, -0.16283014, -9.770416, -0.82634336, 30.750002, -24.468752, 30.393751, 4.5930265, -74.1820746
2024-07-18 04:21:55.045, -0.15403795, -9.863514, -0.8177471, 0.0, 7.635591E-5, 7.635591E-5, -0.16283014, -9.770416, -0.82634336, 30.825, -24.075, 29.718752, 4.5930265, -74.1820746
2024-07-18 04:22:43.065, -0.1683949, -9.85155, -0.8225328, 0.0, 7.635591E-5, 7.635591E-5, -0.16283014, -9.770416, -0.82634336, 30.075, -24.487501, 30.16875, 4.5930265, -74.1820746
2024-07-18 04:24:18.532, -0.15403795, -9.827621, -0.8177471, 0.0, 7.635591E-5, 7.635591E-5, -0.16283014, -9.770416, -0.82634336, 31.7625, -23.90625, 32.025, 4.5930265, -74.1820746
2024-07-18 04:26:21.530, -0.17078772, -9.8348, -0.8177471, 0.0, 7.635591E-5, 7.635591E-5, -0.16283014, -9.770416, -0.82634336, 31.7625, -24.6, 32.4375, 4.5930265, -74.1820746
2024-07-18 04:26:47.104, -0.18514465, -9.837193, -0.8153543, 0.0, 7.635591E-5, 7.635591E-5, -0.16283014, -9.770416, -0.82634336, 31.725, -24.2625, 32.11875, 4.5930265, -74.1820746
2024-07-18 04:26:48.111, -0.15882361, -9.822836, -0.8129615, 0.0, 7.635591E-5, 7.635591E-5, -0.16283014, -9.770416, -0.82634336, 31.893751, -23.7, 32.737503, 4.5930265, -74.1820746
2024-07-18 04:27:32.019, -0.17078772, -9.830014, -0.82013994, 0.0, 7.635591E-5, 7.635591E-5, -0.16283014, -9.770416, -0.82634336, 32.025, -24.150002, 31.95, 4.5930265, -74.1820746
2024-07-18 04:27:41.021, -0.1468595, -9.85155, -0.8153543, 0.0, 7.635591E-5, 7.635591E-5, -0.16283014, -9.770416, -0.82634336, 32.081253, -24.018751, 32.11875, 4.5930265, -74.1820746
2024-07-18 04:29:07.957, -0.16360925, -9.822836, -0.82013994, 0.0, 7.635591E-5, 7.635591E-5, -0.16283014, -9.770416, -0.82634336, 32.25, -23.94375, 32.756252, 4.5930265, -74.1820746
2024-07-18 04:30:34.864, -0.19232312, -9.832407, -0.8225328, 0.0, 7.635591E-5, 7.635591E-5, -0.16283014, -9.770416, -0.82634336, 32.11875, -24.2625, 32.268753, 4.5930265, -74.1820746
2024-07-18 04:31:30.572, -0.1683949, -9.853943, -0.8129615, 0.0, 7.635591E-5, 7.635591E-5, -0.16283014, -9.770416, -0.82634336, 31.125002, -24.056252, 32.25, 4.5930265, -74.1820746
2024-07-18 04:31:31.574, -0.16600206, -9.837193, -0.82013994, 0.0, 7.635591E-5, 7.635591E-5, -0.16283014, -9.770416, -0.82634336, 32.268753, -23.775002, 32.41875, 4.5930265, -74.1820746
2024-07-18 04:31:32.578, -0.17078772, -9.844372, -0.8225328, 0.0, 7.635591E-5, 7.635591E-5, -0.16283014, -9.770416, -0.82634336, 31.837502, -23.60625, 32.456253, 4.5930265, -74.1820746
2024-07-18 04:31:33.581, -0.17796618, -9.8348, -0.8225328, 0.0, 7.635591E-5, 7.635591E-5, -0.16283014, -9.770416, -0.82634336, 32.100002, -24.112501, 32.475002, 4.5930155, -74.1820984
2024-07-18 04:31:34.586, -0.16360925, -9.8348, -0.8225328, 0.0, 7.635591E-5, 7.635591E-5, -0.16283014, -9.770416, -0.82634336, 32.325, -24.487501, 32.7, 4.592988, -74.1821477
2024-07-18 04:31:35.590, -0.1683949, -9.839586, -0.82013994, 0.0, 7.635591E-5, 7.635591E-5, -0.16283014, -9.770416, -0.82634336, 32.100002, -24.206251, 32.737503, 4.5931208, -74.1820301
2024-07-18 04:31:36.594, -0.17318054, -9.844372, -0.8177471, 0.0, 7.635591E-5, 7.635591E-5, -0.16283014, -9.770416, -0.82634336, 32.287502, -23.550001, 32.53125, 4.5931259, -74.1820177
2024-07-18 04:31:37.598, -0.19232312, -9.841979, -0.8129615, 0.0, 7.635591E-5, 7.635591E-5, -0.16283014, -9.770416, -0.82634336, 32.175003, -24.018751, 32.79375, 4.5931239, -74.1820209
2024-07-18 04:31:38.601, -0.17318054, -9.85155, -0.8225328, 0.0, 7.635591E-5, 7.635591E-5, -0.16283014, -9.770416, -0.82634336, 32.175003, -23.6625, 32.86875, 4.5931209, -74.1820212
2024-07-18 04:31:39.604, -0.17557336, -9.85155, -0.8177471, 0.0, 7.635591E-5, 7.635591E-5, -0.16283014, -9.770416, -0.82634336, 31.800001, -23.362501, 32.79375, 4.5931197, -74.18202
2024-07-18 04:31:40.609, -0.1468595, -9.825229, -0.8225328, 0.0, 7.635591E-5, 7.635591E-5, -0.16283014, -9.770416, -0.82634336, 32.1375, -24.6, 32.41875, 4.5931185, -74.1820159
2024-07-18 04:31:41.613, -0.15403795, -9.830014, -0.82013994, 0.0, 7.635591E-5, 7.635591E-5, -0.16283014, -9.770416, -0.82634336, 32.081253, -24.337502, 32.34375, 4.5931043, -74.182017
2024-07-18 04:31:42.619, -0.15882361, -9.839586, -0.8129615, 0.0, 7.635591E-5, 7.635591E-5, -0.16283014, -9.770416, -0.82634336, 32.287502, -23.53125, 32.0625, 4.5930845, -74.1820247
2024-07-18 04:31:43.623, -0.17078772, -9.837193, -0.8105687, 0.0, 7.635591E-5, 7.635591E-5, -0.16283014, -9.770416, -0.82634336, 32.5125, -23.8125, 32.625, 4.5930754, -74.1820291
2024-07-18 04:31:44.626, -0.15403795, -9.846765, -0.82013994, 0.0, 7.635591E-5, 7.635591E-5, -0.16283014, -9.770416, -0.82634336, 32.175003, -24.562502, 32.5875, 4.5930736, -74.1820319
2024-07-18 04:31:45.632, -0.17318054, -9.844372, -0.82013994, 0.0, 7.635591E-5, 7.635591E-5, -0.16283014, -9.770416, -0.82634336, 32.23125, -23.456251, 32.7, 4.5930701, -74.1820356
2024-07-18 04:31:46.637, -0.17557336, -9.827621, -0.8129615, 0.0, 7.635591E-5, 7.635591E-5, -0.16283014, -9.770416, -0.82634336, 32.30625, -24.281252, 32.625, 4.5930687, -74.1820386
2024-07-18 04:31:47.641, -0.16360925, -9.846765, -0.8129615, 0.0, 7.635591E-5, 7.635591E-5, -0.16283014, -9.770416, -0.82634336, 32.60625, -23.925001, 32.8875, 4.5930679, -74.1820414
2024-07-18 04:31:48.648, -0.1468595, -9.8348, -0.8177471, 0.0, 7.635591E-5, 7.635591E-5, -0.16283014, -9.770416, -0.82634336, 32.2125, -23.56875, 32.4375, 4.5930675, -74.1820434
2024-07-18 04:31:49.654, -0.180359, -9.839586, -0.8129615, 0.0, 7.635591E-5, 7.635591E-5, -0.16283014, -9.770416, -0.82634336, 32.49375, -23.775002, 32.49375, 4.5930674, -74.1820448
2024-07-18 04:31:50.660, -0.180359, -9.837193, -0.82013994, 0.0, 7.635591E-5, 7.635591E-5, -0.16283014, -9.770416, -0.82634336, 31.63125, -24.018751, 32.34375, 4.5930674, -74.1820464
2024-07-18 04:31:51.666, -0.17078772, -9.832407, -0.8129615, 0.0, 7.635591E-5, 7.635591E-5, -0.16283014, -9.770416, -0.82634336, 32.23125, -24.243752, 32.4375, 4.5930668, -74.1820477
2024-07-18 04:31:52.669, -0.16121642, -9.846765, -0.8177471, 0.0, 7.635591E-5, 7.635591E-5, -0.16283014, -9.770416, -0.82634336, 32.5125, -24.35625, 32.737503, 4.593066, -74.1820482
2024-07-18 04:31:53.673, -0.15882361, -9.85155, -0.80578303, 0.0, 7.635591E-5, 7.635591E-5, -0.16283014, -9.770416, -0.82634336, 31.800001, -24.16875, 32.662502, 4.593066, -74.1820482
2024-07-18 04:31:54.676, -0.16360925, -9.85155, -0.80817586, 0.0, 7.635591E-5, 7.635591E-5, -0.16283014, -9.770416, -0.82634336, 32.475002, -23.34375, 32.71875, 4.5930656, -74.1820483
2024-07-18 04:31:55.680, -0.1683949, -9.837193, -0.8105687, 0.0, 7.635591E-5, 7.635591E-5, -0.16283014, -9.770416, -0.82634336, 32.04375, -24.375002, 32.53125, 4.5930654, -74.1820482
2024-07-18 04:31:56.685, -0.16600206, -9.844372, -0.8129615, 0.0, 7.635591E-5, 7.635591E-5, -0.16283014, -9.770416, -0.82634336, 32.1375, -23.8875, 32.79375, 4.5930653, -74.1820483
2024-07-18 04:31:57.689, -0.17557336, -9.853943, -0.8177471, 0.0, 7.635591E-5, 7.635591E-5, -0.16283014, -9.770416, -0.82634336, 32.34375, -24.112501, 32.550003, 4.5930652, -74.1820483
2024-07-18 04:31:58.694, -0.15164514, -9.837193, -0.8105687, 0.0, 7.635591E-5, 7.635591E-5, -0.16283014, -9.770416, -0.82634336, 32.25, -24.112501, 32.850002, 4.5930652, -74.1820484
2024-07-18 04:31:59.700, -0.16600206, -9.830014, -0.82731843, 0.0, 7.635591E-5, 7.635591E-5, -0.16283014, -9.770416, -0.82634336, 31.875002, -23.6625, 33.15, 4.5930651, -74.1820484
2024-07-18 04:32:00.704, -0.17318054, -9.839586, -0.8129615, 0.0, 7.635591E-5, 7.635591E-5, -0.16283014, -9.770416, -0.82634336, 31.612501, -24.2625, 32.11875, 4.593065, -74.1820484
2024-07-18 04:32:02.073, -0.16360925, -9.839586, -0.8105687, 0.0, 7.635591E-5, 7.635591E-5, -0.16283014, -9.770416, -0.82634336, 32.23125, -23.75625, 33.018753, 4.5930666, -74.1820493
2024-07-18 04:32:04.408, -0.16360925, -9.846765, -0.8177471, 0.0, 7.635591E-5, 7.635591E-5, -0.16283014, -9.770416, -0.82634336, 31.81875, -24.45, 32.175003, 4.5930694, -74.1820514
2024-07-18 04:32:05.411, -0.1683949, -9.861121, -0.82013994, 0.0, 7.635591E-5, 7.635591E-5, -0.16283014, -9.770416, -0.82634336, 32.381252, -24.50625, 32.86875, 4.5930703, -74.182052
2024-07-18 04:32:06.415, -0.16600206, -9.849157, -0.8177471, 0.0, 7.635591E-5, 7.635591E-5, -0.16283014, -9.770416, -0.82634336, 32.0625, -24.018751, 32.53125, 4.5930715, -74.1820522
2024-07-18 04:32:09.387, -0.17557336, -9.841979, -0.8105687, 0.0, 7.635591E-5, 7.635591E-5, -0.16283014, -9.770416, -0.82634336, 32.081253, -24.075, 32.925003, 4.5930725, -74.1820528
2024-07-18 04:32:10.390, -0.15403795, -9.85155, -0.8177471, 0.0, 7.635591E-5, 7.635591E-5, -0.16283014, -9.770416, -0.82634336, 31.968752, -24.0375, 32.0625, 4.5930725, -74.1820531
2024-07-18 04:32:11.394, -0.15643078, -9.820443, -0.8153543, 0.0, 7.635591E-5, 7.635591E-5, -0.16283014, -9.770416, -0.82634336, 31.81875, -24.300001, 32.268753, 4.5930727, -74.1820529
2024-07-18 04:32:14.354, -0.17557336, -9.827621, -0.8153543, 0.0, 7.635591E-5, 7.635591E-5, -0.16283014, -9.770416, -0.82634336, 31.800001, -24.0, 32.8125, 4.5930734, -74.1820525
2024-07-18 04:32:15.358, -0.180359, -9.844372, -0.8177471, 0.0, 7.635591E-5, 7.635591E-5, -0.16283014, -9.770416, -0.82634336, 32.0625, -23.868752, 32.643753, 4.5930739, -74.1820526
2024-07-18 04:32:16.362, -0.17796618, -9.839586, -0.8105687, 0.0, 7.635591E-5, 7.635591E-5, -0.16283014, -9.770416, -0.82634336, 32.025, -23.94375, 31.968752, 4.5930741, -74.1820526
2024-07-18 04:32:19.340, -0.17078772, -9.830014, -0.8129615, 0.0, 7.635591E-5, 7.635591E-5, -0.16283014, -9.770416, -0.82634336, 31.81875, -24.0, 32.15625, 4.5930738, -74.1820527
2024-07-18 04:32:20.354, -0.17557336, -9.8348, -0.8153543, 0.0, 7.635591E-5, 7.635591E-5, -0.16283014, -9.770416, -0.82634336, 32.568752, -24.225, 31.987501, 4.5930737, -74.1820527
2024-07-18 04:32:21.358, -0.16360925, -9.832407, -0.8105687, 0.0, 7.635591E-5, 7.635591E-5, -0.16283014, -9.770416, -0.82634336, 31.875002, -24.150002, 32.04375, 4.5930736, -74.1820528
2024-07-18 04:33:01.011, -0.17557336, -9.849157, -0.8153543, 0.0, 7.635591E-5, 7.635591E-5, -0.16283014, -9.770416, -0.82634336, 32.1375, -23.737501, 32.15625, 4.5930734, -74.1820528
2024-07-18 04:36:01.314, -0.17078772, -9.8348, -0.8177471, 0.0, 7.635591E-5, 7.635591E-5, -0.16283014, -9.770416, -0.82634336, 32.25, -24.16875, 32.4375, 4.5930734, -74.1820528
2024-07-18 04:36:46.475, -0.15403795, -9.837193, -0.8177471, 0.0, 7.635591E-5, 7.635591E-5, -0.16283014, -9.770416, -0.82634336, 31.85625, -23.53125, 32.025, 4.5930734, -74.1820528
2024-07-18 04:38:55.847, -0.17318054, -9.846765, -0.8129615, 0.0, 7.635591E-5, 7.635591E-5, -0.16283014, -9.770416, -0.82634336, 31.893751, -24.075, 32.68125, 4.5930734, -74.1820528
2024-07-18 04:39:15.104, -0.17796618, -9.839586, -0.80578303, 0.0, 7.635591E-5, 7.635591E-5, -0.16283014, -9.770416, -0.82634336, 32.006252, -23.681252, 31.706251, 4.5930734, -74.1820528
2024-07-18 04:40:41.961, -0.1683949, -9.841979, -0.8225328, 0.0, 7.635591E-5, 7.635591E-5, -0.16283014, -9.770416, -0.82634336, 32.100002, -24.337502, 32.53125, 4.5930734, -74.1820528
2024-07-18 04:42:42.487, -0.180359, -9.839586, -0.8177471, 0.0, 7.635591E-5, 7.635591E-5, -0.16283014, -9.770416, -0.82634336, 32.081253, -24.150002, 32.737503, 4.5930734, -74.1820528
2024-07-18 04:45:35.409, -0.18275183, -9.837193, -0.8105687, 0.0, 7.635591E-5, 7.635591E-5, -0.16283014, -9.770416, -0.82634336, 31.893751, -24.243752, 32.30625, 4.5930734, -74.1820528
2024-07-18 04:47:29.693, -0.16600206, -9.839586, -0.8153543, 0.0, 7.635591E-5, 7.635591E-5, -0.16283014, -9.770416, -0.82634336, 32.268753, -24.243752, 32.006252, 4.5930734, -74.1820528
2024-07-18 04:47:45.102, -0.17318054, -9.841979, -0.80578303, 0.0, 7.635591E-5, 7.635591E-5, -0.16283014, -9.770416, -0.82634336, 31.95, -24.093752, 32.8875, 4.5930734, -74.1820528
2024-07-18 04:49:11.970, -0.1683949, -9.822836, -0.82013994, 0.0, 7.635591E-5, 7.635591E-5, -0.16283014, -9.770416, -0.82634336, 31.85625, -24.093752, 32.175003, 4.5930734, -74.1820528
2024-07-18 04:51:46.797, -0.17557336, -9.865907, -0.8249256, 0.0, 7.635591E-5, 7.635591E-5, -0.16283014, -9.770416, -0.82634336, 32.15625, -24.6, 32.850002, 4.5930734, -74.1820528
2024-07-18 04:52:42.932, -0.17318054, -9.839586, -0.80817586, 0.0, 7.635591E-5, 7.635591E-5, -0.16283014, -9.770416, -0.82634336, 31.5375, -24.69375, 32.006252, 4.5930734, -74.1820528
2024-07-18 04:54:52.765, -0.17796618, -9.841979, -0.8249256, 0.0, 7.635591E-5, 7.635591E-5, -0.16283014, -9.770416, -0.82634336, 32.175003, -24.056252, 32.175003, 4.5930734, -74.1820528
2024-07-18 04:57:10.086, -0.16121642, -9.832407, -0.8225328, 0.0, 7.635591E-5, 7.635591E-5, -0.16283014, -9.770416, -0.82634336, 31.95, -24.45, 32.550003, 4.5930734, -74.1820528
2024-07-18 04:58:32.585, -0.17318054, -9.841979, -0.8033902, 0.0, 7.635591E-5, 7.635591E-5, -0.16283014, -9.770416, -0.82634336, 32.287502, -23.71875, 32.662502, 4.5930734, -74.1820528
2024-07-18 04:59:55.737, -0.17318054, -9.830014, -0.8153543, 0.0, 7.635591E-5, 7.635591E-5, -0.16283014, -9.770416, -0.82634336, 32.4375, -23.775002, 32.49375, 4.5930734, -74.1820528
