2024-07-29 23:00:00.083, -0.5057829, 9.502497, -1.3564314, -3.8177954E-4, -9.162709E-4, 0.0013744063, -0.10159112, -0.4799858, 9.79437, 1.85625, 66.76875, 1.66875, 4.5925223, -74.1818774
2024-07-29 23:00:02.606, -0.52253264, 9.500104, -1.3492528, -3.8177954E-4, -9.162709E-4, 0.0013744063, -0.10159112, -0.4799858, 9.79437, 1.48125, 67.4625, 1.7812501, 4.5925223, -74.1818774
2024-07-29 23:00:03.610, -0.51056856, 9.516854, -1.3564314, -3.8177954E-4, -9.162709E-4, 0.0013744063, -0.10159112, -0.4799858, 9.79437, 1.8937501, 66.5625, 1.10625, 4.5925223, -74.1818774
2024-07-29 23:00:04.614, -0.50817573, 9.516854, -1.3492528, -3.8177954E-4, -9.162709E-4, 0.0013744063, -0.10159112, -0.4799858, 9.79437, 1.8000001, 67.55625, 1.8000001, 4.5925223, -74.1818774
2024-07-29 23:00:07.149, -0.5033901, 9.500104, -1.3492528, -3.8177954E-4, -9.162709E-4, 0.0013744063, -0.10159112, -0.4799858, 9.79437, 2.025, 67.106255, 1.40625, 4.5925223, -74.1818774
2024-07-29 23:00:08.153, -0.52253264, 9.531211, -1.3516457, -3.8177954E-4, -9.162709E-4, 0.0013744063, -0.10159112, -0.4799858, 9.79437, 1.9125, 66.881256, 1.63125, 4.5925223, -74.1818774
2024-07-29 23:00:09.158, -0.5129613, 9.500104, -1.34686, -3.8177954E-4, -9.162709E-4, 0.0013744063, -0.10159112, -0.4799858, 9.79437, 1.575, 67.0875, 1.3312501, 4.5925223, -74.1818774
2024-07-29 23:00:10.162, -0.5273183, 9.500104, -1.361217, -3.8177954E-4, -9.162709E-4, 0.0013744063, -0.10159112, -0.4799858, 9.79437, 2.0812502, 66.975006, 2.25, 4.5925223, -74.1818774
2024-07-29 23:00:12.673, -0.51056856, 9.495318, -1.3564314, -3.8177954E-4, -9.162709E-4, 0.0013744063, -0.10159112, -0.4799858, 9.79437, 1.7437501, 66.80625, 1.4625001, 4.5925223, -74.1818774
2024-07-29 23:00:13.679, -0.50817573, 9.512068, -1.3540385, -3.8177954E-4, -9.162709E-4, 0.0013744063, -0.10159112, -0.4799858, 9.79437, 2.30625, 66.675, 1.6500001, 4.5925223, -74.1818774
2024-07-29 23:00:14.685, -0.52253264, 9.502497, -1.361217, -3.8177954E-4, -9.162709E-4, 0.0013744063, -0.10159112, -0.4799858, 9.79437, 1.9312501, 66.80625, 1.7062501, 4.5925223, -74.1818774
2024-07-29 23:00:17.213, -0.5033901, 9.500104, -1.361217, -3.8177954E-4, -9.162709E-4, 0.0013744063, -0.10159112, -0.4799858, 9.79437, 2.0062501, 66.7125, 1.6500001, 4.5925223, -74.1818774
2024-07-29 23:00:18.216, -0.49381876, 9.495318, -1.3516457, -3.8177954E-4, -9.162709E-4, 0.0013744063, -0.10159112, -0.4799858, 9.79437, 1.7062501, 66.61875, 2.04375, 4.5925223, -74.1818774
2024-07-29 23:00:19.219, -0.5344968, 9.507282, -1.3492528, -3.8177954E-4, -9.162709E-4, 0.0013744063, -0.10159112, -0.4799858, 9.79437, 1.7062501, 66.84375, 1.2750001, 4.5925223, -74.1818774
2024-07-29 23:00:20.222, -0.5129613, 9.5048895, -1.3540385, -3.8177954E-4, -9.162709E-4, 0.0013744063, -0.10159112, -0.4799858, 9.79437, 1.81875, 67.05, 1.8750001, 4.5925223, -74.1818774
2024-07-29 23:00:22.720, -0.52253264, 9.507282, -1.3516457, -3.8177954E-4, -9.162709E-4, 0.0013744063, -0.10159112, -0.4799858, 9.79437, 2.1000001, 66.46875, 2.53125, 4.5925223, -74.1818774
2024-07-29 23:00:23.726, -0.5201398, 9.512068, -1.361217, -3.8177954E-4, -9.162709E-4, 0.0013744063, -0.10159112, -0.4799858, 9.79437, 1.81875, 66.600006, 1.7062501, 4.5925223, -74.1818774
2024-07-29 23:00:24.732, -0.5129613, 9.500104, -1.3444673, -3.8177954E-4, -9.162709E-4, 0.0013744063, -0.10159112, -0.4799858, 9.79437, 1.6875001, 67.106255, 1.575, 4.5925223, -74.1818774
2024-07-29 23:00:27.170, -0.53210396, 9.509675, -1.3540385, -3.8177954E-4, -9.162709E-4, 0.0013744063, -0.10159112, -0.4799858, 9.79437, 1.7812501, 67.106255, 1.5375, 4.5925223, -74.1818774
2024-07-29 23:00:28.174, -0.5201398, 9.492926, -1.3588241, -3.8177954E-4, -9.162709E-4, 0.0013744063, -0.10159112, -0.4799858, 9.79437, 2.0062501, 67.425, 2.025, 4.5925223, -74.1818774
2024-07-29 23:00:29.180, -0.5201398, 9.507282, -1.3325031, -3.8177954E-4, -9.162709E-4, 0.0013744063, -0.10159112, -0.4799858, 9.79437, 1.5375, 66.918755, 1.63125, 4.5925223, -74.1818774
2024-07-29 23:00:30.183, -0.5201398, 9.48814, -1.361217, -3.8177954E-4, -9.162709E-4, 0.0013744063, -0.10159112, -0.4799858, 9.79437, 1.7812501, 66.8625, 1.66875, 4.5925223, -74.1818774
2024-07-29 23:00:32.733, -0.53688955, 9.524033, -1.3492528, -3.8177954E-4, -9.162709E-4, 0.0013744063, -0.10159112, -0.4799858, 9.79437, 2.34375, 66.543755, 1.9687501, 4.5925223, -74.1818774
2024-07-29 23:00:33.738, -0.5129613, 9.497711, -1.3660027, -3.8177954E-4, -9.162709E-4, 0.0013744063, -0.10159112, -0.4799858, 9.79437, 1.6500001, 66.99375, 1.6875001, 4.5925223, -74.1818774
2024-07-29 23:00:34.743, -0.517747, 9.514461, -1.3540385, -3.8177954E-4, -9.162709E-4, 0.0013744063, -0.10159112, -0.4799858, 9.79437, 2.11875, 67.068756, 2.025, 4.5925223, -74.1818774
2024-07-29 23:00:37.446, -0.517747, 9.516854, -1.3588241, -3.8177954E-4, -9.162709E-4, 0.0013744063, -0.10159112, -0.4799858, 9.79437, 1.66875, 67.0875, 1.7062501, 4.5925223, -74.1818774
2024-07-29 23:00:38.451, -0.5201398, 9.514461, -1.3588241, -3.8177954E-4, -9.162709E-4, 0.0013744063, -0.10159112, -0.4799858, 9.79437, 2.7375002, 67.3125, 1.8375001, 4.5925223, -74.1818774
2024-07-29 23:00:39.456, -0.517747, 9.502497, -1.361217, -3.8177954E-4, -9.162709E-4, 0.0013744063, -0.10159112, -0.4799858, 9.79437, 1.81875, 67.21875, 1.5375, 4.5925223, -74.1818774
2024-07-29 23:00:41.208, -0.5249255, 9.480962, -1.3564314, -3.8177954E-4, -9.162709E-4, 0.0013744063, -0.10159112, -0.4799858, 9.79437, 1.7437501, 67.481255, 1.5562501, 4.5925223, -74.1818774
2024-07-29 23:00:42.210, -0.5201398, 9.509675, -1.34686, -3.8177954E-4, -9.162709E-4, 0.0013744063, -0.10159112, -0.4799858, 9.79437, 2.3625002, 67.068756, 1.0500001, 4.5925223, -74.1818774
2024-07-29 23:00:43.214, -0.51535416, 9.507282, -1.3516457, -3.8177954E-4, -9.162709E-4, 0.0013744063, -0.10159112, -0.4799858, 9.79437, 1.8937501, 67.068756, 1.7812501, 4.5925223, -74.1818774
2024-07-29 23:00:44.221, -0.5201398, 9.5048895, -1.3564314, -3.8177954E-4, -9.162709E-4, 0.0013744063, -0.10159112, -0.4799858, 9.79437, 2.41875, 67.59375, 1.6500001, 4.5925223, -74.1818774
2024-07-29 23:00:45.225, -0.51535416, 9.516854, -1.361217, -3.8177954E-4, -9.162709E-4, 0.0013744063, -0.10159112, -0.4799858, 9.79437, 2.025, 67.425, 2.0062501, 4.5925223, -74.1818774
2024-07-29 23:00:47.397, -0.5273183, 9.514461, -1.361217, -3.8177954E-4, -9.162709E-4, 0.0013744063, -0.10159112, -0.4799858, 9.79437, 2.04375, 66.7125, 1.95, 4.5925223, -74.1818774
2024-07-29 23:00:48.406, -0.51535416, 9.509675, -1.3492528, -3.8177954E-4, -9.162709E-4, 0.0013744063, -0.10159112, -0.4799858, 9.79437, 2.4750001, 67.200005, 2.0812502, 4.5925223, -74.1818774
2024-07-29 23:00:49.411, -0.53210396, 9.497711, -1.3372887, -3.8177954E-4, -9.162709E-4, 0.0013744063, -0.10159112, -0.4799858, 9.79437, 1.3875, 67.40625, 1.6125001, 4.5925223, -74.1818774
2024-07-29 23:00:51.175, -0.517747, 9.519247, -1.3588241, -3.8177954E-4, -9.162709E-4, 0.0013744063, -0.10159112, -0.4799858, 9.79437, 1.9125, 67.05, 1.4250001, 4.5925223, -74.1818774
2024-07-29 23:00:52.861, -0.51535416, 9.5048895, -1.3564314, -3.8177954E-4, -9.162709E-4, 0.0013744063, -0.10159112, -0.4799858, 9.79437, 2.025, 67.256256, 1.3687501, 4.5925223, -74.1818774
2024-07-29 23:00:53.865, -0.53210396, 9.5048895, -1.3444673, -3.8177954E-4, -9.162709E-4, 0.0013744063, -0.10159112, -0.4799858, 9.79437, 1.9312501, 67.03125, 1.81875, 4.5925223, -74.1818774
2024-07-29 23:00:54.871, -0.52253264, 9.512068, -1.34686, -3.8177954E-4, -9.162709E-4, 0.0013744063, -0.10159112, -0.4799858, 9.79437, 1.575, 66.506256, 1.575, 4.5925223, -74.1818774
2024-07-29 23:00:57.300, -0.517747, 9.507282, -1.3636098, -3.8177954E-4, -9.162709E-4, 0.0013744063, -0.10159112, -0.4799858, 9.79437, 1.5, 67.0875, 1.6125001, 4.5925223, -74.1818774
2024-07-29 23:00:58.308, -0.5273183, 9.502497, -1.3420744, -3.8177954E-4, -9.162709E-4, 0.0013744063, -0.10159112, -0.4799858, 9.79437, 1.9687501, 67.05, 1.5, 4.5925223, -74.1818774
2024-07-29 23:00:59.314, -0.5129613, 9.52164, -1.3444673, -3.8177954E-4, -9.162709E-4, 0.0013744063, -0.10159112, -0.4799858, 9.79437, 2.2125, 67.106255, 1.66875, 4.5925223, -74.1818774
2024-07-29 23:01:01.162, -0.5392824, 9.5048895, -1.334896, -3.8177954E-4, -9.162709E-4, 0.0013744063, -0.10159112, -0.4799858, 9.79437, 2.625, 66.8625, 1.3687501, 4.5925223, -74.1818774
2024-07-29 23:01:02.947, -0.52253264, 9.514461, -1.3444673, -3.8177954E-4, -9.162709E-4, 0.0013744063, -0.10159112, -0.4799858, 9.79437, 2.3812501, 66.600006, 1.3125, 4.5925223, -74.1818774
2024-07-29 23:01:03.953, -0.52253264, 9.500104, -1.3516457, -3.8177954E-4, -9.162709E-4, 0.0013744063, -0.10159112, -0.4799858, 9.79437, 1.85625, 66.9, 1.4250001, 4.5925223, -74.1818774
2024-07-29 23:01:04.958, -0.5344968, 9.516854, -1.3564314, -3.8177954E-4, -9.162709E-4, 0.0013744063, -0.10159112, -0.4799858, 9.79437, 1.6875001, 67.03125, 1.29375, 4.5925223, -74.1818774
2024-07-29 23:01:07.455, -0.50099725, 9.507282, -1.3516457, -3.8177954E-4, -9.162709E-4, 0.0013744063, -0.10159112, -0.4799858, 9.79437, 2.11875, 66.8625, 1.6875001, 4.5925223, -74.1818774
2024-07-29 23:01:08.459, -0.51056856, 9.500104, -1.3492528, -3.8177954E-4, -9.162709E-4, 0.0013744063, -0.10159112, -0.4799858, 9.79437, 1.8937501, 66.8625, 1.7062501, 4.5925223, -74.1818774
2024-07-29 23:01:09.466, -0.51535416, 9.495318, -1.3516457, -3.8177954E-4, -9.162709E-4, 0.0013744063, -0.10159112, -0.4799858, 9.79437, 1.8375001, 67.05, 1.06875, 4.5925223, -74.1818774
2024-07-29 23:01:12.150, -0.49860442, 9.507282, -1.3683954, -3.8177954E-4, -9.162709E-4, 0.0013744063, -0.10159112, -0.4799858, 9.79437, 2.0812502, 67.78125, 1.9687501, 4.5925223, -74.1818774
2024-07-29 23:01:13.162, -0.5201398, 9.502497, -1.3540385, -3.8177954E-4, -9.162709E-4, 0.0013744063, -0.10159112, -0.4799858, 9.79437, 1.7062501, 66.318756, 1.8375001, 4.5925223, -74.1818774
2024-07-29 23:01:14.166, -0.5201398, 9.500104, -1.3540385, -3.8177954E-4, -9.162709E-4, 0.0013744063, -0.10159112, -0.4799858, 9.79437, 2.3812501, 66.637505, 2.15625, 4.5925223, -74.1818774
2024-07-29 23:01:15.171, -0.5129613, 9.509675, -1.3636098, -3.8177954E-4, -9.162709E-4, 0.0013744063, -0.10159112, -0.4799858, 9.79437, 1.4625001, 66.9375, 1.6125001, 4.5925223, -74.1818774
2024-07-29 23:01:17.667, -0.53210396, 9.500104, -1.3540385, -3.8177954E-4, -9.162709E-4, 0.0013744063, -0.10159112, -0.4799858, 9.79437, 2.3625002, 67.4625, 1.8375001, 4.5925223, -74.1818774
2024-07-29 23:01:18.672, -0.49381876, 9.5048895, -1.3420744, -3.8177954E-4, -9.162709E-4, 0.0013744063, -0.10159112, -0.4799858, 9.79437, 1.4625001, 67.125, 1.7062501, 4.5925223, -74.1818774
2024-07-29 23:01:19.677, -0.5249255, 9.516854, -1.3516457, -3.8177954E-4, -9.162709E-4, 0.0013744063, -0.10159112, -0.4799858, 9.79437, 1.7625, 67.275, 1.1625, 4.5925223, -74.1818774
2024-07-29 23:01:22.227, -0.51056856, 9.500104, -1.3588241, -3.8177954E-4, -9.162709E-4, 0.0013744063, -0.10159112, -0.4799858, 9.79437, 2.025, 67.125, 2.30625, 4.5925223, -74.1818774
2024-07-29 23:01:23.231, -0.52253264, 9.507282, -1.3516457, -3.8177954E-4, -9.162709E-4, 0.0013744063, -0.10159112, -0.4799858, 9.79437, 1.8937501, 67.0875, 1.5187501, 4.5925223, -74.1818774
2024-07-29 23:01:24.235, -0.50817573, 9.52164, -1.3516457, -3.8177954E-4, -9.162709E-4, 0.0013744063, -0.10159112, -0.4799858, 9.79437, 2.1375, 66.637505, 1.8375001, 4.5925223, -74.1818774
2024-07-29 23:01:26.150, -0.5249255, 9.502497, -1.3516457, -3.8177954E-4, -9.162709E-4, 0.0013744063, -0.10159112, -0.4799858, 9.79437, 2.1750002, 66.95625, 1.8000001, 4.5925223, -74.1818774
2024-07-29 23:01:27.825, -0.5297111, 9.509675, -1.3492528, -3.8177954E-4, -9.162709E-4, 0.0013744063, -0.10159112, -0.4799858, 9.79437, 2.11875, 67.05, 1.6875001, 4.5925223, -74.1818774
2024-07-29 23:01:28.831, -0.51535416, 9.497711, -1.3588241, -3.8177954E-4, -9.162709E-4, 0.0013744063, -0.10159112, -0.4799858, 9.79437, 1.9312501, 67.51875, 1.5562501, 4.5925223, -74.1818774
2024-07-29 23:01:29.836, -0.53210396, 9.507282, -1.3564314, -3.8177954E-4, -9.162709E-4, 0.0013744063, -0.10159112, -0.4799858, 9.79437, 1.9687501, 66.9375, 0.76875, 4.5925223, -74.1818774
2024-07-29 23:01:32.159, -0.50099725, 9.5048895, -1.34686, -3.8177954E-4, -9.162709E-4, 0.0013744063, -0.10159112, -0.4799858, 9.79437, 1.7812501, 66.787506, 1.3312501, 4.5925223, -74.1818774
2024-07-29 23:01:33.163, -0.5297111, 9.48814, -1.3564314, -3.8177954E-4, -9.162709E-4, 0.0013744063, -0.10159112, -0.4799858, 9.79437, 1.2375001, 67.2375, 2.34375, 4.5925223, -74.1818774
2024-07-29 23:01:34.167, -0.50817573, 9.500104, -1.3540385, -3.8177954E-4, -9.162709E-4, 0.0013744063, -0.10159112, -0.4799858, 9.79437, 2.4562502, 67.40625, 2.2875001, 4.5925223, -74.1818774
2024-07-29 23:01:35.189, -0.5201398, 9.492926, -1.34686, -3.8177954E-4, -9.162709E-4, 0.0013744063, -0.10159112, -0.4799858, 9.79437, 2.41875, 66.637505, 1.9875001, 4.5925223, -74.1818774
2024-07-29 23:01:37.555, -0.51535416, 9.497711, -1.3492528, -3.8177954E-4, -9.162709E-4, 0.0013744063, -0.10159112, -0.4799858, 9.79437, 1.6500001, 66.543755, 2.2687502, 4.5925223, -74.1818774
2024-07-29 23:01:38.561, -0.51535416, 9.507282, -1.3540385, -3.8177954E-4, -9.162709E-4, 0.0013744063, -0.10159112, -0.4799858, 9.79437, 1.8750001, 67.162506, 2.30625, 4.5925223, -74.1818774
2024-07-29 23:01:39.565, -0.51535416, 9.514461, -1.3516457, -3.8177954E-4, -9.162709E-4, 0.0013744063, -0.10159112, -0.4799858, 9.79437, 1.63125, 67.200005, 1.21875, 4.5925223, -74.1818774
2024-07-29 23:01:42.156, -0.52253264, 9.514461, -1.3588241, -3.8177954E-4, -9.162709E-4, 0.0013744063, -0.10159112, -0.4799858, 9.79437, 1.8000001, 66.43125, 1.6125001, 4.5925223, -74.1818774
2024-07-29 23:01:43.160, -0.5249255, 9.492926, -1.3492528, -3.8177954E-4, -9.162709E-4, 0.0013744063, -0.10159112, -0.4799858, 9.79437, 2.1000001, 66.61875, 1.5375, 4.5925223, -74.1818774
2024-07-29 23:01:44.165, -0.5297111, 9.509675, -1.361217, -3.8177954E-4, -9.162709E-4, 0.0013744063, -0.10159112, -0.4799858, 9.79437, 1.7625, 66.84375, 1.5187501, 4.5925223, -74.1818774
2024-07-29 23:01:46.162, -0.5201398, 9.48814, -1.3564314, -3.8177954E-4, -9.162709E-4, 0.0013744063, -0.10159112, -0.4799858, 9.79437, 1.85625, 67.33125, 1.3312501, 4.5925223, -74.1818774
2024-07-29 23:01:47.833, -0.51535416, 9.497711, -1.3444673, -3.8177954E-4, -9.162709E-4, 0.0013744063, -0.10159112, -0.4799858, 9.79437, 1.9125, 67.293755, 2.41875, 4.5925223, -74.1818774
2024-07-29 23:01:48.838, -0.4962116, 9.497711, -1.3540385, -3.8177954E-4, -9.162709E-4, 0.0013744063, -0.10159112, -0.4799858, 9.79437, 2.1000001, 67.3125, 1.9687501, 4.5925223, -74.1818774
2024-07-29 23:01:49.844, -0.50817573, 9.497711, -1.3564314, -3.8177954E-4, -9.162709E-4, 0.0013744063, -0.10159112, -0.4799858, 9.79437, 1.85625, 67.36875, 1.4250001, 4.5925223, -74.1818774
2024-07-29 23:01:52.442, -0.52253264, 9.500104, -1.3420744, -3.8177954E-4, -9.162709E-4, 0.0013744063, -0.10159112, -0.4799858, 9.79437, 1.725, 66.600006, 1.5562501, 4.5925223, -74.1818774
2024-07-29 23:01:53.446, -0.5273183, 9.480962, -1.3564314, -3.8177954E-4, -9.162709E-4, 0.0013744063, -0.10159112, -0.4799858, 9.79437, 2.1937501, 66.787506, 1.6875001, 4.5925223, -74.1818774
2024-07-29 23:01:54.452, -0.5201398, 9.5048895, -1.3540385, -3.8177954E-4, -9.162709E-4, 0.0013744063, -0.10159112, -0.4799858, 9.79437, 2.0062501, 66.61875, 2.0062501, 4.5925223, -74.1818774
2024-07-29 23:01:56.259, -0.5057829, 9.480962, -1.3492528, -3.8177954E-4, -9.162709E-4, 0.0013744063, -0.10159112, -0.4799858, 9.79437, 1.8937501, 67.33125, 1.8000001, 4.5925223, -74.1818774
2024-07-29 23:01:57.943, -0.5033901, 9.497711, -1.3492528, -3.8177954E-4, -9.162709E-4, 0.0013744063, -0.10159112, -0.4799858, 9.79437, 1.9312501, 66.95625, 1.9687501, 4.5925223, -74.1818774
2024-07-29 23:01:58.949, -0.52253264, 9.519247, -1.3444673, -3.8177954E-4, -9.162709E-4, 0.0013744063, -0.10159112, -0.4799858, 9.79437, 1.8750001, 67.55625, 1.9312501, 4.5925223, -74.1818774
2024-07-29 23:01:59.955, -0.5057829, 9.512068, -1.34686, -3.8177954E-4, -9.162709E-4, 0.0013744063, -0.10159112, -0.4799858, 9.79437, 1.06875, 66.918755, 1.1625, 4.5925223, -74.1818774
2024-07-29 23:02:02.453, -0.5201398, 9.492926, -1.3492528, -3.8177954E-4, -9.162709E-4, 0.0013744063, -0.10159112, -0.4799858, 9.79437, 2.1000001, 67.256256, 1.5562501, 4.5925223, -74.1818774
2024-07-29 23:02:03.457, -0.5057829, 9.5048895, -1.3492528, -3.8177954E-4, -9.162709E-4, 0.0013744063, -0.10159112, -0.4799858, 9.79437, 1.7625, 65.925, 2.0062501, 4.5925223, -74.1818774
2024-07-29 23:02:04.462, -0.52253264, 9.507282, -1.34686, -3.8177954E-4, -9.162709E-4, 0.0013744063, -0.10159112, -0.4799858, 9.79437, 1.8750001, 66.506256, 1.2750001, 4.5925223, -74.1818774
2024-07-29 23:02:05.468, -0.53210396, 9.502497, -1.3588241, -3.8177954E-4, -9.162709E-4, 0.0013744063, -0.10159112, -0.4799858, 9.79437, 1.7625, 66.7125, 2.2875001, 4.5925223, -74.1818774
2024-07-29 23:02:07.147, -0.51056856, 9.492926, -1.3540385, -3.8177954E-4, -9.162709E-4, 0.0013744063, -0.10159112, -0.4799858, 9.79437, 2.025, 66.65625, 2.0812502, 4.5925223, -74.1818774
2024-07-29 23:02:08.150, -0.5344968, 9.516854, -1.3636098, -3.8177954E-4, -9.162709E-4, 0.0013744063, -0.10159112, -0.4799858, 9.79437, 1.575, 67.3125, 2.11875, 4.5925223, -74.1818774
2024-07-29 23:02:09.154, -0.51056856, 9.495318, -1.3540385, -3.8177954E-4, -9.162709E-4, 0.0013744063, -0.10159112, -0.4799858, 9.79437, 1.9687501, 67.106255, 1.7062501, 4.5925223, -74.1818774
2024-07-29 23:02:10.157, -0.517747, 9.492926, -1.3516457, -3.8177954E-4, -9.162709E-4, 0.0013744063, -0.10159112, -0.4799858, 9.79437, 2.1937501, 66.375, 1.9312501, 4.5925223, -74.1818774
2024-07-29 23:02:13.430, -0.517747, 9.516854, -1.3492528, -3.8177954E-4, -9.162709E-4, 0.0013744063, -0.10159112, -0.4799858, 9.79437, 2.1375, 67.0875, 1.125, 4.5925223, -74.1818774
2024-07-29 23:02:14.437, -0.5129613, 9.5048895, -1.361217, -3.8177954E-4, -9.162709E-4, 0.0013744063, -0.10159112, -0.4799858, 9.79437, 1.725, 66.8625, 1.5187501, 4.5925223, -74.1818774
2024-07-29 23:02:16.161, -0.5249255, 9.490533, -1.3588241, -3.8177954E-4, -9.162709E-4, 0.0013744063, -0.10159112, -0.4799858, 9.79437, 1.63125, 66.80625, 1.85625, 4.5925223, -74.1818774
2024-07-29 23:02:18.590, -0.5201398, 9.5048895, -1.3420744, -3.8177954E-4, -9.162709E-4, 0.0013744063, -0.10159112, -0.4799858, 9.79437, 2.025, 66.80625, 1.63125, 4.5925223, -74.1818774
2024-07-29 23:02:19.596, -0.517747, 9.502497, -1.3540385, -3.8177954E-4, -9.162709E-4, 0.0013744063, -0.10159112, -0.4799858, 9.79437, 2.3812501, 67.481255, 1.7437501, 4.5925223, -74.1818774
2024-07-29 23:02:21.192, -0.5057829, 9.502497, -1.3564314, -3.8177954E-4, -9.162709E-4, 0.0013744063, -0.10159112, -0.4799858, 9.79437, 2.04375, 67.125, 1.44375, 4.5925223, -74.1818774
2024-07-29 23:02:23.622, -0.51056856, 9.509675, -1.3564314, -3.8177954E-4, -9.162709E-4, 0.0013744063, -0.10159112, -0.4799858, 9.79437, 2.025, 66.95625, 2.1000001, 4.5925223, -74.1818774
2024-07-29 23:02:24.627, -0.5297111, 9.509675, -1.3660027, -3.8177954E-4, -9.162709E-4, 0.0013744063, -0.10159112, -0.4799858, 9.79437, 1.8000001, 66.825005, 1.125, 4.5925223, -74.1818774
2024-07-29 23:02:26.220, -0.52253264, 9.497711, -1.3588241, -3.8177954E-4, -9.162709E-4, 0.0013744063, -0.10159112, -0.4799858, 9.79437, 2.025, 66.99375, 1.6500001, 4.5925223, -74.1818774
2024-07-29 23:02:27.893, -0.5273183, 9.509675, -1.3516457, -3.8177954E-4, -9.162709E-4, 0.0013744063, -0.10159112, -0.4799858, 9.79437, 1.9875001, 66.693756, 1.81875, 4.5925223, -74.1818774
2024-07-29 23:02:28.898, -0.517747, 9.495318, -1.3420744, -3.8177954E-4, -9.162709E-4, 0.0013744063, -0.10159112, -0.4799858, 9.79437, 1.5562501, 67.3125, 1.725, 4.5925223, -74.1818774
2024-07-29 23:02:29.904, -0.5392824, 9.502497, -1.34686, -3.8177954E-4, -9.162709E-4, 0.0013744063, -0.10159112, -0.4799858, 9.79437, 1.2750001, 66.46875, 1.35, 4.5925223, -74.1818774
2024-07-29 23:02:32.390, -0.5201398, 9.497711, -1.3492528, -3.8177954E-4, -9.162709E-4, 0.0013744063, -0.10159112, -0.4799858, 9.79437, 2.04375, 66.4875, 2.1000001, 4.5925223, -74.1818774
2024-07-29 23:02:33.402, -0.5344968, 9.502497, -1.3492528, -3.8177954E-4, -9.162709E-4, 0.0013744063, -0.10159112, -0.4799858, 9.79437, 2.0625, 66.881256, 2.11875, 4.5925223, -74.1818774
2024-07-29 23:02:34.407, -0.50817573, 9.500104, -1.3516457, -3.8177954E-4, -9.162709E-4, 0.0013744063, -0.10159112, -0.4799858, 9.79437, 1.725, 67.387505, 2.2125, 4.5925223, -74.1818774
2024-07-29 23:02:36.160, -0.5297111, 9.5048895, -1.3516457, -3.8177954E-4, -9.162709E-4, 0.0013744063, -0.10159112, -0.4799858, 9.79437, 2.34375, 66.84375, 1.66875, 4.5925223, -74.1818774
2024-07-29 23:02:38.588, -0.5273183, 9.509675, -1.3492528, -3.8177954E-4, -9.162709E-4, 0.0013744063, -0.10159112, -0.4799858, 9.79437, 1.8937501, 66.46875, 1.8375001, 4.5925223, -74.1818774
2024-07-29 23:02:39.594, -0.50817573, 9.495318, -1.3492528, -3.8177954E-4, -9.162709E-4, 0.0013744063, -0.10159112, -0.4799858, 9.79437, 2.0625, 66.9375, 1.6875001, 4.5925223, -74.1818774
2024-07-29 23:02:40.600, -0.5416752, 9.48814, -1.3516457, -3.8177954E-4, -9.162709E-4, 0.0013744063, -0.10159112, -0.4799858, 9.79437, 1.1625, 66.975006, 1.2375001, 4.5925223, -74.1818774
2024-07-29 23:02:43.149, -0.5201398, 9.502497, -1.34686, -3.8177954E-4, -9.162709E-4, 0.0013744063, -0.10159112, -0.4799858, 9.79437, 1.725, 67.275, 1.6125001, 4.5925223, -74.1818774
2024-07-29 23:02:44.151, -0.5129613, 9.492926, -1.3492528, -3.8177954E-4, -9.162709E-4, 0.0013744063, -0.10159112, -0.4799858, 9.79437, 2.1000001, 67.125, 1.5, 4.5925223, -74.1818774
2024-07-29 23:02:45.155, -0.4962116, 9.509675, -1.3516457, -3.8177954E-4, -9.162709E-4, 0.0013744063, -0.10159112, -0.4799858, 9.79437, 1.4625001, 67.162506, 2.1375, 4.5925223, -74.1818774
2024-07-29 23:02:47.378, -0.5201398, 9.48814, -1.3636098, -3.8177954E-4, -9.162709E-4, 0.0013744063, -0.10159112, -0.4799858, 9.79437, 1.85625, 66.600006, 1.725, 4.5925223, -74.1818774
2024-07-29 23:02:48.390, -0.53210396, 9.490533, -1.3564314, -3.8177954E-4, -9.162709E-4, 0.0013744063, -0.10159112, -0.4799858, 9.79437, 1.9875001, 66.9375, 2.25, 4.5925223, -74.1818774
2024-07-29 23:02:49.393, -0.53210396, 9.509675, -1.3516457, -3.8177954E-4, -9.162709E-4, 0.0013744063, -0.10159112, -0.4799858, 9.79437, 1.8750001, 67.3125, 1.85625, 4.5925223, -74.1818774
2024-07-29 23:02:50.398, -0.51535416, 9.512068, -1.3660027, -3.8177954E-4, -9.162709E-4, 0.0013744063, -0.10159112, -0.4799858, 9.79437, 2.11875, 67.200005, 2.1375, 4.5925223, -74.1818774
2024-07-29 23:02:51.402, -0.53210396, 9.495318, -1.3540385, -3.8177954E-4, -9.162709E-4, 0.0013744063, -0.10159112, -0.4799858, 9.79437, 1.7625, 66.787506, 2.04375, 4.5925223, -74.1818774
2024-07-29 23:02:52.407, -0.517747, 9.516854, -1.3492528, -3.8177954E-4, -9.162709E-4, 0.0013744063, -0.10159112, -0.4799858, 9.79437, 2.0062501, 67.387505, 2.6437502, 4.5925223, -74.1818774
2024-07-29 23:02:53.411, -0.51535416, 9.512068, -1.3540385, -3.8177954E-4, -9.162709E-4, 0.0013744063, -0.10159112, -0.4799858, 9.79437, 1.8375001, 66.95625, 1.9687501, 4.5925223, -74.1818774
2024-07-29 23:02:54.414, -0.5201398, 9.509675, -1.3564314, -3.8177954E-4, -9.162709E-4, 0.0013744063, -0.10159112, -0.4799858, 9.79437, 1.9312501, 66.84375, 1.8375001, 4.5925223, -74.1818774
2024-07-29 23:03:24.264, -0.5201398, 9.5048895, -1.3396816, -3.8177954E-4, -9.162709E-4, 0.0013744063, -0.10159112, -0.4799858, 9.79437, 2.0062501, 67.275, 1.9875001, 4.5925223, -74.1818774
2024-07-29 23:06:20.238, -0.5033901, 9.502497, -1.34686, -3.8177954E-4, -9.162709E-4, 0.0013744063, -0.10159112, -0.4799858, 9.79437, 2.11875, 67.2375, 1.21875, 4.5925223, -74.1818774
2024-07-29 23:14:26.683, -0.5033901, 9.502497, -1.34686, -3.8177954E-4, -9.162709E-4, 0.0013744063, -0.10159112, -0.4799858, 9.79437, 2.11875, 67.2375, 1.21875, 4.5925223, -74.1818774
2024-07-29 23:15:07.131, -0.5033901, 9.502497, -1.34686, -3.8177954E-4, -9.162709E-4, 0.0013744063, -0.10159112, -0.4799858, 9.79437, 2.11875, 67.2375, 1.21875, 4.5925223, -74.1818774
2024-07-29 23:22:44.248, -0.5033901, 9.502497, -1.34686, -3.8177954E-4, -9.162709E-4, 0.0013744063, -0.10159112, -0.4799858, 9.79437, 2.11875, 67.2375, 1.21875, 4.5925223, -74.1818774
2024-07-29 23:28:55.057, -0.5033901, 9.502497, -1.34686, -3.8177954E-4, -9.162709E-4, 0.0013744063, -0.10159112, -0.4799858, 9.79437, 2.11875, 67.2375, 1.21875, 4.5925223, -74.1818774
2024-07-29 23:29:39.376, -0.5033901, 9.502497, -1.34686, -3.8177954E-4, -9.162709E-4, 0.0013744063, -0.10159112, -0.4799858, 9.79437, 2.11875, 67.2375, 1.21875, 4.5925223, -74.1818774
2024-07-29 23:30:19.588, -0.5033901, 9.502497, -1.34686, -3.8177954E-4, -9.162709E-4, 0.0013744063, -0.10159112, -0.4799858, 9.79437, 2.11875, 67.2375, 1.21875, 4.5925223, -74.1818774
2024-07-29 23:30:20.595, 6.624829, -4.703093, -2.748755, -3.8177954E-4, -9.162709E-4, 0.0013744063, -0.10159112, -0.4799858, 9.79437, 2.11875, 67.2375, 1.21875, 4.5925223, -74.1818774
2024-07-29 23:30:21.598, 8.496016, -6.9188466, -4.186243, -3.8177954E-4, -9.162709E-4, 0.0013744063, -0.10159112, -0.4799858, 9.79437, 2.11875, 67.2375, 1.21875, 4.5924437, -74.1820285
2024-07-29 23:30:22.600, 8.27797, -6.495018, -2.4218357, -3.8177954E-4, -9.162709E-4, 0.0013744063, -0.10159112, -0.4799858, 9.79437, -70.14375, -34.10625, -11.981251, 4.5924737, -74.1820019
2024-07-29 23:30:23.603, 17.952452, -11.568101, -4.045067, -3.8177954E-4, -9.162709E-4, 0.0013744063, -0.10159112, -0.4799858, 9.79437, -76.950005, -38.381252, 1.06875, 4.5924737, -74.1820019
2024-07-29 23:30:24.608, 13.856237, -5.369793, -4.2918267, -3.8177954E-4, -9.162709E-4, 0.0013744063, -0.10159112, -0.4799858, 9.79437, -78.24375, -32.5125, 7.18125, 4.5924184, -74.1819639
2024-07-29 23:30:25.613, 12.824333, -4.084249, -7.3369923, -3.8177954E-4, -9.162709E-4, 0.0013744063, -0.10159112, -0.4799858, 9.79437, -21.50625, -3.825, -6.7125, 4.5924224, -74.181967
2024-07-29 23:30:26.617, 11.356935, -3.6771703, -4.1838503, -3.8177954E-4, -9.162709E-4, 0.0013744063, -0.10159112, -0.4799858, 9.79437, -16.78125, -4.0687504, -3.6375, 4.5924343, -74.181978
2024-07-29 23:30:27.619, 15.680466, -1.6923238, -5.637191, -3.8177954E-4, -9.162709E-4, 0.0013744063, -0.10159112, -0.4799858, 9.79437, -9.39375, -16.35, -6.99375, 4.592443, -74.1819888
2024-07-29 23:30:28.622, 16.245472, -13.904693, -5.000401, -3.8177954E-4, -9.162709E-4, 0.0013744063, -0.10159112, -0.4799858, 9.79437, -2.625, -21.862501, -7.0125003, 4.5924458, -74.1819911
2024-07-29 23:30:29.626, 6.884749, -8.063214, -3.3197422, -3.8177954E-4, -9.162709E-4, 0.0013744063, -0.10159112, -0.4799858, 9.79437, -7.14375, -8.231251, -20.7, 4.592448, -74.1819905
2024-07-29 23:30:30.632, 7.8517485, -6.748657, -6.7815585, -3.8177954E-4, -9.162709E-4, 0.0013744063, -0.10159112, -0.4799858, 9.79437, -11.85, -10.125, -23.15625, 4.5924441, -74.1819864
2024-07-29 23:30:31.638, 5.946164, -5.3793645, -4.4042892, -3.8177954E-4, -9.162709E-4, 0.0013744063, -0.10159112, -0.4799858, 9.79437, -16.1625, -8.55, -22.556252, 4.5924387, -74.1819824
2024-07-29 23:30:33.137, -6.9580293, 0.10079765, -8.119744, -3.8177954E-4, -9.162709E-4, 0.0013744063, -0.10159112, -0.4799858, 9.79437, -5.8875003, -28.837502, 0.69375, 4.5924238, -74.1819961
2024-07-29 23:30:35.631, -0.613759, 8.137691, -6.3696938, -3.8177954E-4, -9.162709E-4, 0.0013744063, -0.10159112, -0.4799858, 9.79437, -6.6562505, 95.193756, -88.443756, 4.5924001, -74.1820216
2024-07-29 23:30:36.637, 0.40857446, 3.3352957, -8.151151, -3.8177954E-4, -9.162709E-4, 0.0013744063, -0.10159112, -0.4799858, 9.79437, 24.618752, -14.156251, 13.312501, 4.5923932, -74.1820221
2024-07-29 23:30:37.643, 7.5406814, -3.8207395, -1.8496519, -3.8177954E-4, -9.162709E-4, 0.0013744063, -0.10159112, -0.4799858, 9.79437, -19.087502, -11.08125, 20.38125, 4.5923887, -74.1820222
2024-07-29 23:30:40.150, 8.452945, -1.7401803, -2.094019, -3.8177954E-4, -9.162709E-4, 0.0013744063, -0.10159112, -0.4799858, 9.79437, -3.4875002, -27.7875, 7.0312505, 4.5923772, -74.1820235
2024-07-29 23:30:41.154, 11.390434, -9.006286, -7.2915287, -3.8177954E-4, -9.162709E-4, 0.0013744063, -0.10159112, -0.4799858, 9.79437, -9.46875, -15.056251, 18.9375, 4.592372, -74.1820244
2024-07-29 23:30:42.156, 6.1399827, -2.638087, -3.312564, -3.8177954E-4, -9.162709E-4, 0.0013744063, -0.10159112, -0.4799858, 9.79437, -11.45625, -20.56875, 20.23125, 4.5923622, -74.1820259
2024-07-29 23:30:43.158, 10.4566345, -1.5535401, -5.787939, -3.8177954E-4, -9.162709E-4, 0.0013744063, -0.10159112, -0.4799858, 9.79437, -20.90625, -19.800001, 11.2875, 4.5923527, -74.1820231
2024-07-29 23:30:45.592, 6.9278197, -2.7146573, -0.5832505, -3.8177954E-4, -9.162709E-4, 0.0013744063, -0.10159112, -0.4799858, 9.79437, 7.1625004, -16.275002, 25.7625, 4.5923309, -74.1820078
2024-07-29 23:30:46.597, 7.057032, -3.8781674, -1.9839491, -3.8177954E-4, -9.162709E-4, 0.0013744063, -0.10159112, -0.4799858, 9.79437, 2.1000001, -22.575, 25.500002, 4.5923229, -74.1820002
2024-07-29 23:30:47.602, 8.469695, -6.320342, -4.193422, -3.8177954E-4, -9.162709E-4, 0.0013744063, -0.10159112, -0.4799858, 9.79437, 7.74375, -24.54375, 28.3875, 4.5923166, -74.1819929
2024-07-29 23:30:50.129, 7.5981092, -3.8901315, -2.2998016, -3.8177954E-4, -9.162709E-4, 0.0013744063, -0.10159112, -0.4799858, 9.79437, -3.45, -7.8375, 42.91875, 4.5923032, -74.1819794
2024-07-29 23:30:51.133, 7.9357963, -3.0475588, -3.9661036, -3.8177954E-4, -9.162709E-4, 0.0013744063, -0.10159112, -0.4799858, 9.79437, 1.575, -25.650002, 31.5375, 4.592297, -74.1819726
2024-07-29 23:30:52.134, 9.965807, -5.286044, -5.1176496, -3.8177954E-4, -9.162709E-4, 0.0013744063, -0.10159112, -0.4799858, 9.79437, 10.762501, 1.3875, 35.2125, 4.5922921, -74.1819605
2024-07-29 23:30:53.138, 11.524432, -1.3357933, -5.352445, -3.8177954E-4, -9.162709E-4, 0.0013744063, -0.10159112, -0.4799858, 9.79437, 3.3000002, -14.231251, 26.493752, 4.5922921, -74.1819605
2024-07-29 23:30:55.564, 10.054341, -4.4024944, -3.3293135, -3.8177954E-4, -9.162709E-4, 0.0013744063, -0.10159112, -0.4799858, 9.79437, -0.84375006, -5.26875, 27.806252, 4.5922876, -74.181936
2024-07-29 23:30:56.569, 4.572086, -4.2038903, -4.46411, -3.8177954E-4, -9.162709E-4, 0.0013744063, -0.10159112, -0.4799858, 9.79437, -1.63125, -13.368751, 43.893753, 4.592288, -74.1819258
2024-07-29 23:30:57.574, 10.492527, -6.3658056, -4.061816, -3.8177954E-4, -9.162709E-4, 0.0013744063, -0.10159112, -0.4799858, 9.79437, 7.7812505, -10.931251, 41.15625, 4.5922853, -74.1819189
2024-07-29 23:31:00.155, 8.213364, -6.5715885, -8.842976, -3.8177954E-4, -9.162709E-4, 0.0013744063, -0.10159112, -0.4799858, 9.79437, 8.118751, 3.5812502, 46.59375, 4.5922803, -74.1818991
2024-07-29 23:31:01.156, 8.886046, -3.2509487, -5.4840503, -3.8177954E-4, -9.162709E-4, 0.0013744063, -0.10159112, -0.4799858, 9.79437, -0.675, -8.043751, 30.431252, 4.5922751, -74.1818784
2024-07-29 23:31:02.158, 14.634503, -9.097511, -4.9453664, -3.8177954E-4, -9.162709E-4, 0.0013744063, -0.10159112, -0.4799858, 9.79437, 1.48125, -23.1, 35.362503, 4.5922687, -74.1818665
2024-07-29 23:31:03.162, 2.6757739, -8.769396, 0.070289165, -3.8177954E-4, -9.162709E-4, 0.0013744063, -0.10159112, -0.4799858, 9.79437, 2.8312502, -33.206253, 36.131252, 4.5922687, -74.1818665
2024-07-29 23:31:05.565, 6.02752, -7.2825556, 0.122931264, -3.8177954E-4, -9.162709E-4, 0.0013744063, -0.10159112, -0.4799858, 9.79437, -30.337502, -2.30625, -19.800001, 4.5922451, -74.1818328
2024-07-29 23:31:06.569, 7.3564343, -6.2291155, -5.7113686, -3.8177954E-4, -9.162709E-4, 0.0013744063, -0.10159112, -0.4799858, 9.79437, -31.143751, 13.931251, -25.518751, 4.5922413, -74.1818188
2024-07-29 23:31:07.573, 6.55424, 1.4796617, -4.746463, -3.8177954E-4, -9.162709E-4, 0.0013744063, -0.10159112, -0.4799858, 9.79437, -28.612501, 11.25, -2.5500002, 4.5922344, -74.1818074
2024-07-29 23:31:11.200, -3.0675986, 4.833801, -11.493027, -3.8177954E-4, -9.162709E-4, 0.0013744063, -0.10159112, -0.4799858, 9.79437, -20.94375, -12.431251, 16.3125, 4.5922338, -74.1818481
2024-07-29 23:31:12.934, 3.406183, 2.7798617, 8.923733, -3.8177954E-4, -9.162709E-4, 0.0013744063, -0.10159112, -0.4799858, 9.79437, -16.2, -17.38125, -31.06875, 4.5922369, -74.1818515
2024-07-29 23:31:15.128, -3.0149565, 2.222035, 10.175777, -3.8177954E-4, -9.162709E-4, 0.0013744063, -0.10159112, -0.4799858, 9.79437, 4.51875, -12.993751, -32.831253, 4.5922329, -74.1818556
2024-07-29 23:31:16.131, -1.0875379, 5.03749, 7.77458, -3.8177954E-4, -9.162709E-4, 0.0013744063, -0.10159112, -0.4799858, 9.79437, 4.0687504, -17.71875, -30.187502, 4.5922325, -74.1818559
2024-07-29 23:31:17.135, 0.23389842, 5.047061, 8.339585, -3.8177954E-4, -9.162709E-4, 0.0013744063, -0.10159112, -0.4799858, 9.79437, 2.0062501, -18.300001, -30.243752, 4.5922364, -74.1818533
2024-07-29 23:31:18.138, 1.9456639, 4.0797625, 8.303693, -3.8177954E-4, -9.162709E-4, 0.0013744063, -0.10159112, -0.4799858, 9.79437, -0.88125, -18.375, -31.968752, 4.5922407, -74.1818512
2024-07-29 23:31:19.140, 3.3221352, 3.0023942, 8.231908, -3.8177954E-4, -9.162709E-4, 0.0013744063, -0.10159112, -0.4799858, 9.79437, -3.2625, -15.69375, -34.55625, 4.5922417, -74.1818506
2024-07-29 23:31:20.143, 1.768595, 4.8529434, 8.258229, -3.8177954E-4, -9.162709E-4, 0.0013744063, -0.10159112, -0.4799858, 9.79437, -3.91875, -16.425001, -34.537502, 4.5922417, -74.1818506
2024-07-29 23:31:21.146, 1.174876, 4.2424746, 9.771091, -3.8177954E-4, -9.162709E-4, 0.0013744063, -0.10159112, -0.4799858, 9.79437, 3.1312501, -14.94375, -33.112503, 4.5922482, -74.181848
2024-07-29 23:31:22.149, -3.5153556, 4.673482, 5.291727, -3.8177954E-4, -9.162709E-4, 0.0013744063, -0.10159112, -0.4799858, 9.79437, 13.181251, -15.937501, -25.35, 4.5922524, -74.181846
2024-07-29 23:31:23.152, -1.5161523, 5.075775, 7.5927253, -3.8177954E-4, -9.162709E-4, 0.0013744063, -0.10159112, -0.4799858, 9.79437, 13.950001, -13.593751, -29.41875, 4.5922594, -74.181841
2024-07-29 23:31:24.155, 0.8012965, 3.95055, 6.5057855, -3.8177954E-4, -9.162709E-4, 0.0013744063, -0.10159112, -0.4799858, 9.79437, 5.71875, -8.75625, -37.725002, 4.5922614, -74.18184
2024-07-29 23:31:25.158, -0.45553362, -0.79710907, 8.737093, -3.8177954E-4, -9.162709E-4, 0.0013744063, -0.10159112, -0.4799858, 9.79437, 10.81875, -0.1875, -38.475002, 4.5922679, -74.1818355
2024-07-29 23:31:26.162, 4.3348975, -8.843574, 5.717949, -3.8177954E-4, -9.162709E-4, 0.0013744063, -0.10159112, -0.4799858, 9.79437, 10.35, 33.84375, -44.8125, 4.5922739, -74.1818321
2024-07-29 23:31:27.165, 0.6625128, -7.4766736, 5.8160543, -3.8177954E-4, -9.162709E-4, 0.0013744063, -0.10159112, -0.4799858, 9.79437, 22.29375, 13.481251, -43.40625, 4.5922807, -74.1818282
2024-07-29 23:31:28.168, 3.8081772, -2.2118654, 9.352347, -3.8177954E-4, -9.162709E-4, 0.0013744063, -0.10159112, -0.4799858, 9.79437, -12.750001, -14.212501, -27.993752, 4.5922894, -74.1818221
2024-07-29 23:31:29.170, 1.253839, -2.030011, 9.747163, -3.8177954E-4, -9.162709E-4, 0.0013744063, -0.10159112, -0.4799858, 9.79437, -6.24375, -8.38125, -35.60625, 4.592298, -74.1818165
2024-07-29 23:31:30.172, 2.1251256, -1.1991032, 9.174979, -3.8177954E-4, -9.162709E-4, 0.0013744063, -0.10159112, -0.4799858, 9.79437, -16.9125, -9.637501, -47.60625, 4.5923032, -74.181813
2024-07-29 23:31:31.177, 3.554538, -1.7497516, 10.417751, -3.8177954E-4, -9.162709E-4, 0.0013744063, -0.10159112, -0.4799858, 9.79437, -5.34375, -2.2875001, -83.137505, 4.5923087, -74.1818068
2024-07-29 23:31:32.179, 1.6247265, 2.4421747, 9.373882, -3.8177954E-4, -9.162709E-4, 0.0013744063, -0.10159112, -0.4799858, 9.79437, 0.09375, -14.26875, -36.46875, 4.5923107, -74.1818032
2024-07-29 23:31:33.184, 0.2650051, 2.6312077, 5.72752, -3.8177954E-4, -9.162709E-4, 0.0013744063, -0.10159112, -0.4799858, 9.79437, 39.05625, -17.456251, -39.787502, 4.5923129, -74.1818001
2024-07-29 23:31:34.187, 0.212363, -0.21535404, 10.053743, -3.8177954E-4, -9.162709E-4, 0.0013744063, -0.10159112, -0.4799858, 9.79437, 70.40625, 9.13125, -66.8625, 4.5923148, -74.1817982
2024-07-29 23:31:35.191, -0.4651049, -0.59581286, 10.099207, -3.8177954E-4, -9.162709E-4, 0.0013744063, -0.10159112, -0.4799858, 9.79437, 69.787506, -14.475, -64.575005, 4.5923165, -74.1817951
2024-07-29 23:31:36.195, 0.13579269, -0.1363909, 9.879067, -3.8177954E-4, -9.162709E-4, 0.0013744063, -0.10159112, -0.4799858, 9.79437, 66.600006, -27.69375, -63.843754, 4.5923176, -74.1817922
2024-07-29 23:31:37.200, 0.15493527, -0.148355, 9.859925, -3.8177954E-4, -9.162709E-4, 0.0013744063, -0.10159112, -0.4799858, 9.79437, 75.95625, -7.4812503, -53.325, 4.5923185, -74.1817897
2024-07-29 23:31:38.205, 0.15014961, -0.14596218, 9.879067, -3.8177954E-4, -9.162709E-4, 0.0013744063, -0.10159112, -0.4799858, 9.79437, 83.90625, -0.93750006, -53.98125, 4.592319, -74.181788
2024-07-29 23:31:40.149, 0.14297116, -0.15074782, 9.855139, -3.8177954E-4, -9.162709E-4, 0.0013744063, -0.10159112, -0.4799858, 9.79437, 83.568756, 0.3375, -54.375004, 4.5923194, -74.1817863
2024-07-29 23:31:41.158, 0.16689938, -0.15074782, 9.843175, -3.8177954E-4, -9.162709E-4, 0.0013744063, -0.10159112, -0.4799858, 9.79437, 71.3625, -22.95, -62.025, 4.5923192, -74.1817835
2024-07-29 23:31:42.161, 0.13579269, -0.14596218, 9.886246, -3.8177954E-4, -9.162709E-4, 0.0013744063, -0.10159112, -0.4799858, 9.79437, 66.356255, -28.706251, -64.55625, 4.5923192, -74.1817824
2024-07-29 23:31:43.165, 0.17407785, -0.15553348, 9.876675, -3.8177954E-4, -9.162709E-4, 0.0013744063, -0.10159112, -0.4799858, 9.79437, 67.0875, -28.218752, -64.481255, 4.5923197, -74.1817814
2024-07-29 23:31:45.415, 0.16211374, -0.14596218, 9.869496, -3.8177954E-4, -9.162709E-4, 0.0013744063, -0.10159112, -0.4799858, 9.79437, 67.012505, -27.975, -64.125, 4.5923208, -74.1817806
2024-07-29 23:31:46.420, 0.1477568, -0.13878371, 9.879067, -3.8177954E-4, -9.162709E-4, 0.0013744063, -0.10159112, -0.4799858, 9.79437, 66.84375, -28.050001, -64.125, 4.592321, -74.1817799
2024-07-29 23:31:47.424, 0.16211374, -0.15792629, 9.869496, -3.8177954E-4, -9.162709E-4, 0.0013744063, -0.10159112, -0.4799858, 9.79437, 67.14375, -28.500002, -63.862503, 4.5923213, -74.1817802
2024-07-29 23:31:49.196, 0.14297116, -0.15553348, 9.864711, -3.8177954E-4, -9.162709E-4, 0.0013744063, -0.10159112, -0.4799858, 9.79437, 67.012505, -28.331251, -63.862503, 4.592322, -74.18178
2024-07-29 23:31:50.492, 0.1381855, -0.15314065, 9.874282, -3.8177954E-4, -9.162709E-4, 0.0013744063, -0.10159112, -0.4799858, 9.79437, 66.9375, -27.675001, -64.4625, 4.5923221, -74.1817802
2024-07-29 23:31:51.497, 0.1477568, -0.13399807, 9.871889, -3.8177954E-4, -9.162709E-4, 0.0013744063, -0.10159112, -0.4799858, 9.79437, 66.95625, -28.312502, -64.106255, 4.5923224, -74.1817793
2024-07-29 23:31:52.501, 0.14297116, -0.15792629, 9.867104, -3.8177954E-4, -9.162709E-4, 0.0013744063, -0.10159112, -0.4799858, 9.79437, 66.43125, -28.406252, -64.293755, 4.5923225, -74.181779
2024-07-29 23:31:55.122, 0.15493527, -0.14596218, 9.862318, -3.8177954E-4, -9.162709E-4, 0.0013744063, -0.10159112, -0.4799858, 9.79437, 67.40625, -28.743752, -64.162506, 4.5923225, -74.1817788
2024-07-29 23:31:56.923, 0.16450655, -0.14117654, 9.871889, -3.8177954E-4, -9.162709E-4, 0.0013744063, -0.10159112, -0.4799858, 9.79437, 66.881256, -28.125002, -64.256256, 4.5923226, -74.1817788
2024-07-29 23:31:57.929, 1.4548361, -3.4016964, 12.189338, -3.8177954E-4, -9.162709E-4, 0.0013744063, -0.10159112, -0.4799858, 9.79437, 40.125, -58.818752, -44.15625, 4.5923226, -74.1817788
2024-07-29 23:31:58.982, 4.7491546, -2.3051856, 7.223932, -3.8177954E-4, -9.162709E-4, 0.0013744063, -0.10159112, -0.4799858, 9.79437, -30.806252, 7.3875003, -28.575, 4.5923226, -74.1817788
2024-07-29 23:32:00.142, 0.85154575, 0.03379862, 10.099207, -3.8177954E-4, -9.162709E-4, 0.0013744063, -0.10159112, -0.4799858, 9.79437, 2.8312502, -34.74375, 15.3, 4.5923229, -74.1817789
2024-07-29 23:32:01.144, -0.032004002, -0.07148558, 9.775877, -3.8177954E-4, -9.162709E-4, 0.0013744063, -0.10159112, -0.4799858, 9.79437, 9.69375, -52.050003, 33.75, 4.5923274, -74.181784
2024-07-29 23:32:02.148, 0.10707881, -0.18664017, 9.852746, -3.8177954E-4, -9.162709E-4, 0.0013744063, -0.10159112, -0.4799858, 9.79437, 11.606251, -58.893753, 33.018753, 4.5923296, -74.1817858
2024-07-29 23:32:03.151, 0.071186475, -0.18664017, 9.869496, -3.8177954E-4, -9.162709E-4, 0.0013744063, -0.10159112, -0.4799858, 9.79437, 11.64375, -58.85625, 33.112503, 4.5923308, -74.1817864
2024-07-29 23:32:04.749, 0.09990034, -0.2009971, 9.862318, -3.8177954E-4, -9.162709E-4, 0.0013744063, -0.10159112, -0.4799858, 9.79437, 15.69375, -48.037502, 33.65625, 4.5923315, -74.1817863
2024-07-29 23:32:05.751, -1.0444671, -0.19621146, 1.0040882, -3.8177954E-4, -9.162709E-4, 0.0013744063, -0.10159112, -0.4799858, 9.79437, -30.4125, 54.35625, -112.068756, 4.5923317, -74.1817861
2024-07-29 23:32:06.752, 0.14536397, -0.10767702, 9.874282, -3.8177954E-4, -9.162709E-4, 0.0013744063, -0.10159112, -0.4799858, 9.79437, -45.037502, 47.193752, -74.793755, 4.592331, -74.1817873
2024-07-29 23:32:07.753, 0.12861422, -0.11724831, 9.864711, -3.8177954E-4, -9.162709E-4, 0.0013744063, -0.10159112, -0.4799858, 9.79437, -45.09375, 47.53125, -74.53125, 4.5923306, -74.1817888
2024-07-29 23:32:08.754, 0.13100705, -0.08853444, 9.869496, -3.8177954E-4, -9.162709E-4, 0.0013744063, -0.10159112, -0.4799858, 9.79437, -45.112503, 47.86875, -74.512505, 4.5923306, -74.1817899
2024-07-29 23:32:09.754, 0.13339986, -0.09332009, 9.862318, -3.8177954E-4, -9.162709E-4, 0.0013744063, -0.10159112, -0.4799858, 9.79437, -44.53125, 47.53125, -74.4, 4.5923308, -74.1817903
2024-07-29 23:32:10.755, 0.14536397, -0.10767702, 9.857532, -3.8177954E-4, -9.162709E-4, 0.0013744063, -0.10159112, -0.4799858, 9.79437, -45.05625, 47.15625, -74.15625, 4.5923309, -74.1817902
2024-07-29 23:32:11.756, 0.14536397, -0.1363909, 9.867104, 2.2906772E-4, -7.635591E-5, -7.635591E-4, 0.14774802, -0.117236555, 9.804836, -44.756252, 47.025, -74.625, 4.5923308, -74.1817902
