2024-04-19 02:59:21.577, 1.0692927, 7.44108, 4.880162, 0.07131642, -0.22059222, 0.04741702, 0.90131074, 7.73398, 5.961844, -73.74375, -30.768751, 35.71875, 0.0, 0.0
2024-04-19 02:59:22.583, 0.63140607, 7.4937224, 6.041279, -0.009086353, -0.017790927, 0.010155336, 0.77437115, 7.496461, 6.2748556, -73.537506, -29.98125, 35.568752, 0.0, 0.0
2024-04-19 02:59:23.592, -0.64008003, 6.756434, 5.593522, -0.29633728, 0.3132883, 0.019928891, 0.18790755, 7.3066483, 6.5381937, -73.8375, -30.150002, 36.037502, 0.0, 0.0
2024-04-19 02:59:24.597, -0.96789676, 3.9649072, 9.6275215, -0.3773509, 0.32367268, 0.9050466, -0.60370445, 4.1257687, 8.876033, -74.71875, -31.331251, 36.581253, 0.0, 0.0
2024-04-19 02:59:25.602, 0.4109673, 4.6447678, 8.387442, 0.12865971, 0.86190546, 0.81280863, 0.503811, 5.237252, 8.275733, -75.05625, -32.9625, 34.85625, 0.0, 0.0
2024-04-19 02:59:26.606, 1.5457634, 2.1765714, 8.016255, 0.34795386, 0.45263782, 0.7682168, 1.4868243, 3.6162233, 8.99348, -80.15625, -43.48125, 36.65625, 0.0, 0.0
2024-04-19 02:59:27.613, 4.011866, 1.2284154, 7.5879397, 0.3018349, 0.22410458, 0.22089764, 5.9481597, 2.1175687, 7.503712, -77.71875, -33.412502, 18.337502, 0.0, 0.0
2024-04-19 02:59:28.619, 1.2251252, 0.7399804, 7.879864, 0.38345936, 0.124536484, 2.9868903, 2.9862566, 2.1108377, 9.099286, -96.525, -36.7125, 41.756252, 0.0, 0.0
2024-04-19 02:59:29.628, -0.6664011, 0.06011967, 8.480762, -0.20600824, -0.78135, 0.6936934, -0.29187804, 1.1889361, 9.729935, -99.37501, -21.16875, 33.881252, 0.0, 0.0
2024-04-19 02:59:30.639, 1.0740783, 0.28265217, 9.649057, -0.26083177, -0.076432265, -0.76745325, 1.3487941, 0.6176567, 9.693794, -100.36875, -29.437502, 38.5125, 0.0, 0.0
2024-04-19 02:59:31.650, 0.5739783, 1.869991, 9.438489, -0.50875944, 0.06589515, -0.59824854, 0.87392014, 1.3913847, 9.668025, -95.325005, -38.456253, 38.325, 0.0, 0.0
2024-04-19 02:59:32.665, 3.1857443, 1.8939191, 8.373085, -1.4814574, -1.4630555, -0.1584385, 2.3449142, 3.532319, 8.842764, -84.318756, -43.59375, 40.7625, 0.0, 0.0
2024-04-19 02:59:33.676, 5.338088, 7.7979097, 1.6983058, -0.87893283, -1.2486482, 1.2832373, 6.1157317, 7.6334534, 0.70611435, -85.78125, -35.831253, 55.706253, 0.0, 0.0
2024-04-19 02:59:34.684, -2.3757737, 3.3400812, 7.9779696, -3.8752913, -1.1496909, -2.0051062, 1.1435307, 5.133593, 8.277013, -73.5, -39.16875, 31.743752, 0.0, 0.0
2024-04-19 02:59:35.690, -1.5711871, -1.311865, 12.404692, -0.54182154, 0.14530529, -0.058259558, -0.42665914, -0.3960591, 9.789356, -75.262505, -27.2625, 24.956251, 0.0, 0.0
2024-04-19 02:59:36.696, -0.6017949, -1.66361, 13.269099, 0.653912, -1.6279843, -0.86335623, 0.09074704, -0.81522995, 9.772285, -76.068756, -23.8875, 22.556252, 0.0, 0.0
2024-04-19 02:59:37.701, -0.8362915, 0.16540386, 9.82164, 0.3560476, 0.2619771, 0.20196137, -0.45092478, -0.039038774, 9.7962, -75.9, -22.612501, 21.5625, 0.0, 0.0
2024-04-19 02:59:38.706, -1.2529417, 0.14147563, 10.039387, 0.20150323, 0.14713784, 0.19096613, -1.4226269, 0.26193532, 9.699376, -74.700005, -24.562502, 23.081251, 0.0, 0.0
2024-04-19 02:59:39.714, -1.7676977, 2.7631118, 10.046565, -0.36482853, -0.004352287, -0.18531579, -0.9563225, 2.3365462, 9.476096, -74.11875, -32.550003, 27.093752, 0.0, 0.0
2024-04-19 02:59:40.728, 0.48275197, 1.4844474, 9.160623, 0.40155572, -0.30855423, -0.30931777, -0.39106628, 1.1824965, 9.727238, -70.70625, -35.568752, 30.225, 0.0, 0.0
2024-04-19 02:59:41.741, 3.3580275, -0.4235296, 10.00828, 0.8694647, -0.6830036, 0.87267166, 1.3486807, 2.574663, 9.366032, -76.668755, -35.1375, 30.900002, 0.0, 0.0
2024-04-19 02:59:42.755, 4.6151567, 4.072584, 7.003493, -0.08009735, 0.035963632, 0.55930704, 3.8474064, 3.7521858, 8.202985, -81.58125, -39.768753, 33.787502, 0.0, 0.0
2024-04-19 02:59:43.763, 5.261518, 3.871587, 8.2558365, -0.08819107, 0.06100837, 0.045584477, 5.043807, 3.8412845, 7.4816394, -82.6125, -42.787502, 33.300003, 0.0, 0.0
2024-04-19 02:59:44.766, 4.670192, 1.0896316, 6.5440707, -0.051463883, 0.27846998, 0.24899662, 4.5398917, 2.713367, 8.258171, -81.58125, -41.41875, 29.343752, 0.0, 0.0
2024-04-19 02:59:45.771, 4.6031923, 1.058525, 8.349156, -0.2732778, 0.54609746, 0.31435728, 4.0132484, 1.4721764, 8.825923, -82.36875, -41.643753, 29.625002, 0.0, 0.0
2024-04-19 02:59:46.776, 5.089235, 0.9026923, 8.473583, -0.2776301, 0.29740626, 0.42736402, 4.3910656, 1.3846889, 8.658612, -82.18125, -39.862503, 28.575, 0.0, 0.0
2024-04-19 02:59:47.781, 3.4707892, 2.0614166, 7.463214, 0.9093225, 0.33222455, 0.3326827, 4.425735, 3.2155275, 8.139019, -83.30625, -43.18125, 32.53125, 0.0, 0.0
2024-04-19 02:59:48.790, 3.3484561, 3.304189, 7.0468626, 0.52303797, -0.90779537, -0.06253549, 3.3902478, 3.4657276, 8.524397, -83.0625, -43.93125, 33.15, 0.0, 0.0
2024-04-19 02:59:49.804, 2.6638098, 2.7511477, 9.965209, -0.5473955, 0.82281125, -0.41194013, 2.2457817, 3.0514574, 9.04519, -82.256256, -43.6875, 33.506252, 0.0, 0.0
2024-04-19 02:59:50.817, 1.0740783, 4.362116, 8.873484, 0.5161659, -0.049554985, 0.21112408, 1.5417149, 3.935278, 8.849129, -78.787506, -41.9625, 34.59375, 0.0, 0.0
2024-04-19 02:59:51.825, 2.391028, 5.9494543, 6.3068824, 0.17538951, 0.1672958, 0.39437827, 2.5928724, 6.398389, 6.9647703, -86.625, -43.4625, 43.85625, 0.0, 0.0
2024-04-19 02:59:52.830, 5.560621, 1.326521, 6.5488563, -1.574917, -0.46798536, -0.58297735, 6.9298735, 0.48579112, 6.921796, -96.01875, -38.79375, 40.8375, 0.0, 0.0
2024-04-19 02:59:53.838, 9.211769, 1.896312, -1.9477576, -0.12621632, -0.18333054, -0.096742935, 9.445204, 2.0997758, -1.5967014, -89.45625, -40.3875, 41.15625, 0.0, 0.0
2024-04-19 02:59:54.852, 5.7858453, 3.845266, 4.010969, -0.5517478, 1.9376075, -0.20547375, 6.725668, 3.6702101, 6.1208935, -87.525, -41.49375, 39.225002, 0.0, 0.0
2024-04-19 02:59:55.866, 3.4133615, 2.5378876, 7.8367934, -1.2427688, 1.199704, 0.49272466, 4.510798, 3.4569116, 7.992049, -85.481255, -40.5, 37.21875, 0.0, 0.0
2024-04-19 02:59:56.874, 4.624728, 1.855634, 9.052945, -0.19226417, -0.16561596, 0.10483666, 5.1676526, 2.8580093, 7.8292747, -87.262505, -40.518753, 36.131252, 0.0, 0.0
2024-04-19 02:59:57.881, 1.7877376, 2.1140587, 9.850353, 0.52181625, -0.26335153, 1.5397933, 2.5933747, 2.207252, 9.196349, -82.856255, -42.206253, 31.931252, 0.0, 0.0
2024-04-19 02:59:58.886, 7.897511, 1.192523, 4.7482576, 0.52051824, -1.8295639, -1.5737716, 8.410033, 1.3206786, 4.868011, -90.58125, -40.068752, 29.737501, 0.0, 0.0
2024-04-19 02:59:59.896, 5.6207404, 4.2711883, 6.5081787, 0.5392254, 0.715913, 0.60267717, 6.2471647, 2.7215064, 7.052427, -84.80625, -40.125, 31.95, 0.0, 0.0
