2024-07-26 23:00:34.963, -0.5488537, 9.5455675, -0.91136634, 0.0028251687, 0.0014507623, 0.003283304, 0.037588984, 9.773476, -0.8050744, 46.8375, -44.0625, 22.2, 4.5928678, -74.1817215
2024-07-26 23:00:35.969, -0.5488537, 9.5455675, -0.91136634, 0.0028251687, 0.0014507623, 0.003283304, 0.037588984, 9.773476, -0.8050744, 46.8375, -44.0625, 22.2, 4.5928678, -74.1817215
2024-07-26 23:07:54.280, -0.5488537, 9.5455675, -0.91136634, 0.0028251687, 0.0014507623, 0.003283304, 0.037588984, 9.773476, -0.8050744, 46.8375, -44.0625, 22.2, 4.5928678, -74.1817215
2024-07-26 23:08:17.795, -0.5488537, 9.5455675, -0.91136634, 0.0028251687, 0.0014507623, 0.003283304, 0.037588984, 9.773476, -0.8050744, 46.8375, -44.0625, 22.2, 4.5928678, -74.1817215
2024-07-26 23:15:44.925, -0.5488537, 9.5455675, -0.91136634, 0.0028251687, 0.0014507623, 0.003283304, 0.037588984, 9.773476, -0.8050744, 46.8375, -44.0625, 22.2, 4.5928678, -74.1817215
2024-07-26 23:15:45.929, -0.5488537, 9.5455675, -0.91136634, 0.0028251687, 0.0014507623, 0.003283304, 0.037588984, 9.773476, -0.8050744, 46.8375, -44.0625, 22.2, 4.5928678, -74.1817215
2024-07-26 23:28:13.956, -0.5488537, 9.5455675, -0.91136634, 0.0028251687, 0.0014507623, 0.003283304, 0.037588984, 9.773476, -0.8050744, 46.8375, -44.0625, 22.2, 4.5928678, -74.1817215
2024-07-26 23:28:14.963, -0.5488537, 9.5455675, -0.91136634, 0.0028251687, 0.0014507623, 0.003283304, 0.037588984, 9.773476, -0.8050744, 46.8375, -44.0625, 22.2, 4.5928678, -74.1817215
2024-07-26 23:29:20.935, -0.5488537, 9.5455675, -0.91136634, 0.0028251687, 0.0014507623, 0.003283304, 0.037588984, 9.773476, -0.8050744, 46.8375, -44.0625, 22.2, 4.5928678, -74.1817215
2024-07-26 23:29:21.942, -0.56590253, 9.544372, -0.92213404, 0.0028251687, 0.0014507623, 0.003283304, 0.037588984, 9.773476, -0.8050744, 46.8375, -44.0625, 22.2, 4.5928678, -74.1817215
2024-07-26 23:29:22.947, -0.56470615, 9.549157, -0.9173484, 0.0028251687, 0.0014507623, 0.003283304, 0.037588984, 9.773476, -0.8050744, 46.8375, -44.0625, 22.2, 4.5928678, -74.1817215
2024-07-26 23:29:23.952, -0.5599205, 9.544372, -0.91495556, 0.0028251687, 0.0014507623, 0.003283304, 0.037588984, 9.773476, -0.8050744, 46.8375, -44.0625, 22.2, 4.5928678, -74.1817215
2024-07-26 23:29:24.957, -0.567099, 9.5455675, -0.9197412, 0.0028251687, 0.0014507623, 0.003283304, 0.037588984, 9.773476, -0.8050744, 46.8375, -44.0625, 22.2, 4.5928678, -74.1817215
2024-07-26 23:29:25.965, -0.567099, 9.5455675, -0.9197412, 0.0028251687, 0.0014507623, 0.003283304, 0.037588984, 9.773476, -0.8050744, 46.8375, -44.0625, 22.2, 4.5928678, -74.1817215
2024-07-26 23:29:26.969, -0.5766702, 9.537193, -0.91495556, 0.0028251687, 0.0014507623, 0.003283304, 0.037588984, 9.773476, -0.8050744, 46.8375, -44.0625, 22.2, 4.5928678, -74.1817215
2024-07-26 23:29:27.976, -0.56470615, 9.558728, -0.91854477, 0.0028251687, 0.0014507623, 0.003283304, 0.037588984, 9.773476, -0.8050744, 46.8375, -44.0625, 22.2, 4.5928678, -74.1817215
2024-07-26 23:29:28.982, -0.57547385, 9.546764, -0.9209376, 0.0028251687, 0.0014507623, 0.003283304, 0.037588984, 9.773476, -0.8050744, 46.8375, -44.0625, 22.2, 4.5928678, -74.1817215
2024-07-26 23:29:29.996, -0.56590253, 9.539586, -0.91854477, 0.0028251687, 0.0014507623, 0.003283304, 0.037588984, 9.773476, -0.8050744, 46.8375, -44.0625, 22.2, 4.5928678, -74.1817215
2024-07-26 23:29:31.002, -0.56590253, 9.539586, -0.91854477, 0.0028251687, 0.0014507623, 0.003283304, 0.037588984, 9.773476, -0.8050744, 46.8375, -44.0625, 22.2, 4.5928678, -74.1817215
2024-07-26 23:29:32.008, -0.56590253, 9.539586, -0.91854477, 0.0028251687, 0.0014507623, 0.003283304, 0.037588984, 9.773476, -0.8050744, 46.8375, -44.0625, 22.2, 4.5928678, -74.1817215
2024-07-26 23:29:33.016, -0.56590253, 9.539586, -0.91854477, 0.0028251687, 0.0014507623, 0.003283304, 0.037588984, 9.773476, -0.8050744, 46.8375, -44.0625, 22.2, 4.5928678, -74.1817215
2024-07-26 23:29:34.030, -0.56590253, 9.539586, -0.91854477, 0.0028251687, 0.0014507623, 0.003283304, 0.037588984, 9.773476, -0.8050744, 46.8375, -44.0625, 22.2, 4.5928678, -74.1817215
2024-07-26 23:29:35.039, -0.56590253, 9.539586, -0.91854477, 0.0028251687, 0.0014507623, 0.003283304, 0.037588984, 9.773476, -0.8050744, 46.8375, -44.0625, 22.2, 4.5928678, -74.1817215
2024-07-26 23:29:36.044, -0.56590253, 9.539586, -0.91854477, 0.0028251687, 0.0014507623, 0.003283304, 0.037588984, 9.773476, -0.8050744, 46.8375, -44.0625, 22.2, 4.5928678, -74.1817215
2024-07-26 23:29:37.051, -0.56590253, 9.539586, -0.91854477, 0.0028251687, 0.0014507623, 0.003283304, 0.037588984, 9.773476, -0.8050744, 46.8375, -44.0625, 22.2, 4.5928678, -74.1817215
2024-07-26 23:29:38.059, -0.56590253, 9.539586, -0.91854477, 0.0028251687, 0.0014507623, 0.003283304, 0.037588984, 9.773476, -0.8050744, 46.8375, -44.0625, 22.2, 4.5928678, -74.1817215
2024-07-26 23:29:39.066, -0.56590253, 9.539586, -0.91854477, 0.0028251687, 0.0014507623, 0.003283304, 0.037588984, 9.773476, -0.8050744, 46.8375, -44.0625, 22.2, 4.5928678, -74.1817215
2024-07-26 23:29:40.080, -0.56590253, 9.539586, -0.91854477, 0.0028251687, 0.0014507623, 0.003283304, 0.037588984, 9.773476, -0.8050744, 46.8375, -44.0625, 22.2, 4.5928678, -74.1817215
2024-07-26 23:29:41.087, -0.56590253, 9.539586, -0.91854477, 0.0028251687, 0.0014507623, 0.003283304, 0.037588984, 9.773476, -0.8050744, 46.8375, -44.0625, 22.2, 4.5928678, -74.1817215
2024-07-26 23:29:42.094, -0.56590253, 9.543175, -0.9089735, 0.0028251687, 0.0014507623, 0.003283304, 0.037588984, 9.773476, -0.8050744, 46.425003, -43.3125, 21.243752, 4.5928678, -74.1817215
2024-07-26 23:29:43.099, -0.5563313, 9.5455675, -0.91136634, 0.0028251687, 0.0014507623, 0.003283304, 0.037588984, 9.773476, -0.8050744, 46.068752, -43.443752, 21.4125, 4.5928678, -74.1817215
2024-07-26 23:29:44.103, -0.56111693, 9.543175, -0.9065807, 0.0028251687, 0.0014507623, 0.003283304, 0.037588984, 9.773476, -0.8050744, 46.03125, -43.78125, 21.375, 4.5928678, -74.1817215
2024-07-26 23:29:45.106, -0.56350976, 9.555139, -0.92572325, 0.0028251687, 0.0014507623, 0.003283304, 0.037588984, 9.773476, -0.8050744, 45.768753, -43.29375, 21.7875, 4.5928678, -74.1817215
2024-07-26 23:29:46.111, -0.5512465, 9.5455675, -0.9089735, 0.0028251687, 0.0014507623, 0.003283304, 0.037588984, 9.773476, -0.8050744, 46.068752, -44.04375, 22.10625, 4.5928678, -74.1817215
2024-07-26 23:29:47.116, -0.56829536, 9.5455675, -0.91854477, 0.0028251687, 0.0014507623, 0.003283304, 0.037588984, 9.773476, -0.8050744, 45.9375, -43.5, 21.806252, 4.5928678, -74.1817215
2024-07-26 23:29:48.120, -0.5706882, 9.555139, -0.91615194, 0.0028251687, 0.0014507623, 0.003283304, 0.037588984, 9.773476, -0.8050744, 45.80625, -43.800003, 21.35625, 4.5928678, -74.1817215
2024-07-26 23:29:49.124, -0.56350976, 9.543175, -0.9137592, 0.0028251687, 0.0014507623, 0.003283304, 0.037588984, 9.773476, -0.8050744, 45.80625, -44.362503, 21.393751, 4.5928678, -74.1817215
2024-07-26 23:29:50.128, -0.56111693, 9.538389, -0.9137592, 0.0028251687, 0.0014507623, 0.003283304, 0.037588984, 9.773476, -0.8050744, 46.4625, -43.85625, 20.79375, 4.5928678, -74.1817215
2024-07-26 23:29:51.133, -0.573081, 9.538389, -0.91615194, 0.0028251687, 0.0014507623, 0.003283304, 0.037588984, 9.773476, -0.8050744, 45.73125, -44.0625, 20.94375, 4.5928678, -74.1817215
2024-07-26 23:29:52.228, -0.5512465, 9.550353, -0.91615194, 0.0028251687, 0.0014507623, 0.003283304, 0.037588984, 9.773476, -0.8050744, 46.162502, -43.55625, 21.54375, 4.5928678, -74.1817215
2024-07-26 23:29:54.713, -0.5706882, 9.543175, -0.90418786, 0.0028251687, 0.0014507623, 0.003283304, 0.037588984, 9.773476, -0.8050744, 45.54375, -43.4625, 21.35625, 4.5928678, -74.1817215
2024-07-26 23:29:55.717, -0.573081, 9.5455675, -0.91854477, 0.0028251687, 0.0014507623, 0.003283304, 0.037588984, 9.773476, -0.8050744, 45.768753, -43.3875, 21.675001, 4.5928678, -74.1817215
2024-07-26 23:29:56.721, -0.5587241, 9.555139, -0.91615194, 0.0028251687, 0.0014507623, 0.003283304, 0.037588984, 9.773476, -0.8050744, 45.412502, -44.4, 20.8125, 4.5928678, -74.1817215
2024-07-26 23:29:59.230, -0.58265233, 9.540782, -0.91854477, 0.0028251687, 0.0014507623, 0.003283304, 0.037588984, 9.773476, -0.8050744, 45.675003, -43.4625, 22.0125, 4.5928678, -74.1817215
2024-07-26 23:30:00.233, -0.56350976, 9.54796, -0.9233304, 0.0028251687, 0.0014507623, 0.003283304, 0.037588984, 9.773476, -0.8050744, 45.9375, -43.987503, 21.46875, 4.5928678, -74.1817215
2024-07-26 23:30:01.238, -0.5488537, 9.552746, -0.91854477, 0.0028251687, 0.0014507623, 0.003283304, 0.037588984, 9.773476, -0.8050744, 46.0125, -44.287502, 21.16875, 4.5928678, -74.1817215
2024-07-26 23:30:02.277, -0.5587241, 9.540782, -0.9305089, 0.0028251687, 0.0014507623, 0.003283304, 0.037588984, 9.773476, -0.8050744, 46.162502, -43.85625, 20.85, 4.5928678, -74.1817215
2024-07-26 23:30:04.718, -0.5563313, 9.555139, -0.9209376, 0.0028251687, 0.0014507623, 0.003283304, 0.037588984, 9.773476, -0.8050744, 45.975002, -43.575, 20.90625, 4.5928678, -74.1817215
2024-07-26 23:30:05.723, -0.55393845, 9.538389, -0.9065807, 0.0028251687, 0.0014507623, 0.003283304, 0.037588984, 9.773476, -0.8050744, 46.2, -44.34375, 21.487501, 4.5928678, -74.1817215
2024-07-26 23:30:06.729, -0.56590253, 9.550353, -0.91854477, 0.0028251687, 0.0014507623, 0.003283304, 0.037588984, 9.773476, -0.8050744, 45.862503, -44.268753, 21.300001, 4.5928678, -74.1817215
2024-07-26 23:30:09.230, -0.573081, 9.5455675, -0.91615194, 0.0028251687, 0.0014507623, 0.003283304, 0.037588984, 9.773476, -0.8050744, 46.21875, -43.8375, 21.112501, 4.5928678, -74.1817215
2024-07-26 23:30:10.233, -0.58504516, 9.5455675, -0.91615194, 0.0028251687, 0.0014507623, 0.003283304, 0.037588984, 9.773476, -0.8050744, 46.48125, -43.40625, 21.1875, 4.5928678, -74.1817215
2024-07-26 23:30:11.243, -0.56111693, 9.535996, -0.9209376, 0.0028251687, 0.0014507623, 0.003283304, 0.037588984, 9.773476, -0.8050744, 45.881252, -43.7625, 21.618752, 4.5928678, -74.1817215
2024-07-26 23:30:12.245, -0.57547385, 9.564711, -0.91854477, 0.0028251687, 0.0014507623, 0.003283304, 0.037588984, 9.773476, -0.8050744, 45.5625, -43.65, 21.581251, 4.5928678, -74.1817215
2024-07-26 23:30:14.721, -0.56350976, 9.54796, -0.9305089, 0.0028251687, 0.0014507623, 0.003283304, 0.037588984, 9.773476, -0.8050744, 45.54375, -43.331253, 21.1875, 4.5928678, -74.1817215
2024-07-26 23:30:15.725, -0.5416752, 9.54796, -0.9209376, 0.0028251687, 0.0014507623, 0.003283304, 0.037588984, 9.773476, -0.8050744, 46.068752, -43.3125, 21.225, 4.5928678, -74.1817215
2024-07-26 23:30:16.730, -0.56111693, 9.550353, -0.9209376, 0.0028251687, 0.0014507623, 0.003283304, 0.037588984, 9.773476, -0.8050744, 45.5625, -43.5, 21.5625, 4.5928678, -74.1817215
2024-07-26 23:30:19.234, -0.54646087, 9.552746, -0.9281161, 0.0028251687, 0.0014507623, 0.003283304, 0.037588984, 9.773476, -0.8050744, 46.36875, -43.55625, 21.487501, 4.5928678, -74.1817215
2024-07-26 23:30:20.237, -0.55393845, 9.531211, -0.9281161, 0.0028251687, 0.0014507623, 0.003283304, 0.037588984, 9.773476, -0.8050744, 45.506252, -44.11875, 21.300001, 4.5928678, -74.1817215
2024-07-26 23:30:21.241, -0.573081, 9.538389, -0.92572325, 0.0028251687, 0.0014507623, 0.003283304, 0.037588984, 9.773476, -0.8050744, 46.425003, -42.768753, 21.35625, 4.5928678, -74.1817215
2024-07-26 23:30:22.244, -0.56590253, 9.538389, -0.91854477, 0.0028251687, 0.0014507623, 0.003283304, 0.037588984, 9.773476, -0.8050744, 45.412502, -43.55625, 21.768751, 4.5928678, -74.1817215
2024-07-26 23:30:24.690, -0.56350976, 9.538389, -0.91136634, 0.0028251687, 0.0014507623, 0.003283304, 0.037588984, 9.773476, -0.8050744, 45.693752, -43.912502, 21.225, 4.5928678, -74.1817215
2024-07-26 23:30:25.703, -0.56111693, 9.538389, -0.9065807, 0.0028251687, 0.0014507623, 0.003283304, 0.037588984, 9.773476, -0.8050744, 45.600002, -44.081253, 21.73125, 4.5928678, -74.1817215
2024-07-26 23:30:26.709, -0.56111693, 9.538389, -0.9065807, 0.0028251687, 0.0014507623, 0.003283304, 0.037588984, 9.773476, -0.8050744, 45.600002, -44.081253, 21.73125, 4.5928678, -74.1817215
2024-07-26 23:30:29.240, -0.56111693, 9.538389, -0.9065807, 0.0028251687, 0.0014507623, 0.003283304, 0.037588984, 9.773476, -0.8050744, 45.600002, -44.081253, 21.73125, 4.5928678, -74.1817215
2024-07-26 23:30:30.244, -0.56111693, 9.538389, -0.9065807, 0.0028251687, 0.0014507623, 0.003283304, 0.037588984, 9.773476, -0.8050744, 45.600002, -44.081253, 21.73125, 4.5928678, -74.1817215
2024-07-26 23:30:31.250, -0.56111693, 9.538389, -0.9065807, 0.0028251687, 0.0014507623, 0.003283304, 0.037588984, 9.773476, -0.8050744, 45.600002, -44.081253, 21.73125, 4.5928678, -74.1817215
2024-07-26 23:30:33.233, -0.56111693, 9.538389, -0.9065807, 0.0028251687, 0.0014507623, 0.003283304, 0.037588984, 9.773476, -0.8050744, 45.600002, -44.081253, 21.73125, 4.5928678, -74.1817215
2024-07-26 23:30:34.927, -0.56111693, 9.538389, -0.9065807, 0.0028251687, 0.0014507623, 0.003283304, 0.037588984, 9.773476, -0.8050744, 45.600002, -44.081253, 21.73125, 4.5928678, -74.1817215
2024-07-26 23:30:35.933, -0.56111693, 9.538389, -0.9065807, 0.0028251687, 0.0014507623, 0.003283304, 0.037588984, 9.773476, -0.8050744, 45.600002, -44.081253, 21.73125, 4.5928678, -74.1817215
2024-07-26 23:30:36.942, -0.56111693, 9.538389, -0.9065807, 0.0028251687, 0.0014507623, 0.003283304, 0.037588984, 9.773476, -0.8050744, 45.600002, -44.081253, 21.73125, 4.5928678, -74.1817215
2024-07-26 23:30:39.327, -0.56111693, 9.538389, -0.9065807, 0.0028251687, 0.0014507623, 0.003283304, 0.037588984, 9.773476, -0.8050744, 45.600002, -44.081253, 21.73125, 4.5928678, -74.1817215
2024-07-26 23:30:40.334, -0.56111693, 9.538389, -0.9065807, 0.0028251687, 0.0014507623, 0.003283304, 0.037588984, 9.773476, -0.8050744, 45.600002, -44.081253, 21.73125, 4.5928678, -74.1817215
2024-07-26 23:30:41.341, -0.56111693, 9.538389, -0.9065807, 0.0028251687, 0.0014507623, 0.003283304, 0.037588984, 9.773476, -0.8050744, 45.600002, -44.081253, 21.73125, 4.5928678, -74.1817215
2024-07-26 23:30:42.347, -0.56111693, 9.538389, -0.9065807, 0.0028251687, 0.0014507623, 0.003283304, 0.037588984, 9.773476, -0.8050744, 45.600002, -44.081253, 21.73125, 4.5928678, -74.1817215
2024-07-26 23:30:44.707, -0.56111693, 9.538389, -0.9065807, 0.0028251687, 0.0014507623, 0.003283304, 0.037588984, 9.773476, -0.8050744, 45.600002, -44.081253, 21.73125, 4.5928678, -74.1817215
2024-07-26 23:30:45.720, -0.56111693, 9.538389, -0.9065807, 0.0028251687, 0.0014507623, 0.003283304, 0.037588984, 9.773476, -0.8050744, 45.600002, -44.081253, 21.73125, 4.5928678, -74.1817215
2024-07-26 23:30:46.727, -0.56111693, 9.538389, -0.9065807, 0.0028251687, 0.0014507623, 0.003283304, 0.037588984, 9.773476, -0.8050744, 45.600002, -44.081253, 21.73125, 4.5928678, -74.1817215
2024-07-26 23:30:49.231, -0.56111693, 9.538389, -0.9065807, 0.0028251687, 0.0014507623, 0.003283304, 0.037588984, 9.773476, -0.8050744, 45.600002, -44.081253, 21.73125, 4.5928678, -74.1817215
2024-07-26 23:30:50.235, -0.56111693, 9.538389, -0.9065807, 0.0028251687, 0.0014507623, 0.003283304, 0.037588984, 9.773476, -0.8050744, 45.600002, -44.081253, 21.73125, 4.5928678, -74.1817215
2024-07-26 23:30:51.239, -0.56111693, 9.538389, -0.9065807, 0.0028251687, 0.0014507623, 0.003283304, 0.037588984, 9.773476, -0.8050744, 45.600002, -44.081253, 21.73125, 4.5928678, -74.1817215
2024-07-26 23:30:52.245, -0.56111693, 9.538389, -0.9065807, 0.0028251687, 0.0014507623, 0.003283304, 0.037588984, 9.773476, -0.8050744, 45.600002, -44.081253, 21.73125, 4.5928678, -74.1817215
2024-07-26 23:30:54.681, -0.56111693, 9.538389, -0.9065807, 0.0028251687, 0.0014507623, 0.003283304, 0.037588984, 9.773476, -0.8050744, 45.600002, -44.081253, 21.73125, 4.5928678, -74.1817215
2024-07-26 23:30:55.687, -0.56111693, 9.538389, -0.9065807, 0.0028251687, 0.0014507623, 0.003283304, 0.037588984, 9.773476, -0.8050744, 45.600002, -44.081253, 21.73125, 4.5928678, -74.1817215
2024-07-26 23:30:56.695, -0.56111693, 9.538389, -0.9065807, 0.0028251687, 0.0014507623, 0.003283304, 0.037588984, 9.773476, -0.8050744, 45.600002, -44.081253, 21.73125, 4.5928678, -74.1817215
2024-07-26 23:30:57.701, -0.56111693, 9.538389, -0.9065807, 0.0028251687, 0.0014507623, 0.003283304, 0.037588984, 9.773476, -0.8050744, 45.600002, -44.081253, 21.73125, 4.5928678, -74.1817215
2024-07-26 23:30:58.714, -0.56111693, 9.538389, -0.9065807, 0.0028251687, 0.0014507623, 0.003283304, 0.037588984, 9.773476, -0.8050744, 45.600002, -44.081253, 21.73125, 4.5928678, -74.1817215
2024-07-26 23:30:59.726, -0.56111693, 9.538389, -0.9065807, 0.0028251687, 0.0014507623, 0.003283304, 0.037588984, 9.773476, -0.8050744, 45.600002, -44.081253, 21.73125, 4.5928678, -74.1817215
2024-07-26 23:31:00.734, -0.56111693, 9.538389, -0.9065807, 0.0028251687, 0.0014507623, 0.003283304, 0.037588984, 9.773476, -0.8050744, 45.600002, -44.081253, 21.73125, 4.5928678, -74.1817215
2024-07-26 23:31:01.740, -0.56111693, 9.538389, -0.9065807, 0.0028251687, 0.0014507623, 0.003283304, 0.037588984, 9.773476, -0.8050744, 45.600002, -44.081253, 21.73125, 4.5928678, -74.1817215
2024-07-26 23:31:03.239, -0.56111693, 9.538389, -0.9065807, 0.0028251687, 0.0014507623, 0.003283304, 0.037588984, 9.773476, -0.8050744, 45.600002, -44.081253, 21.73125, 4.5928678, -74.1817215
2024-07-26 23:31:04.940, -0.56111693, 9.538389, -0.9065807, 0.0028251687, 0.0014507623, 0.003283304, 0.037588984, 9.773476, -0.8050744, 45.600002, -44.081253, 21.73125, 4.5928678, -74.1817215
2024-07-26 23:31:05.949, -0.56111693, 9.538389, -0.9065807, 0.0028251687, 0.0014507623, 0.003283304, 0.037588984, 9.773476, -0.8050744, 45.600002, -44.081253, 21.73125, 4.5928678, -74.1817215
2024-07-26 23:31:06.958, -0.56111693, 9.538389, -0.9065807, 0.0028251687, 0.0014507623, 0.003283304, 0.037588984, 9.773476, -0.8050744, 45.600002, -44.081253, 21.73125, 4.5928678, -74.1817215
2024-07-26 23:31:09.429, -0.56111693, 9.538389, -0.9065807, 0.0028251687, 0.0014507623, 0.003283304, 0.037588984, 9.773476, -0.8050744, 45.600002, -44.081253, 21.73125, 4.5928678, -74.1817215
2024-07-26 23:31:10.442, -0.56111693, 9.538389, -0.9065807, 0.0028251687, 0.0014507623, 0.003283304, 0.037588984, 9.773476, -0.8050744, 45.600002, -44.081253, 21.73125, 4.5928678, -74.1817215
2024-07-26 23:31:11.449, -0.56111693, 9.538389, -0.9065807, 0.0028251687, 0.0014507623, 0.003283304, 0.037588984, 9.773476, -0.8050744, 45.600002, -44.081253, 21.73125, 4.5928678, -74.1817215
2024-07-26 23:31:13.279, -0.56111693, 9.538389, -0.9065807, 0.0028251687, 0.0014507623, 0.003283304, 0.037588984, 9.773476, -0.8050744, 45.600002, -44.081253, 21.73125, 4.5928678, -74.1817215
2024-07-26 23:31:15.018, -0.56111693, 9.538389, -0.9065807, 0.0028251687, 0.0014507623, 0.003283304, 0.037588984, 9.773476, -0.8050744, 45.600002, -44.081253, 21.73125, 4.5928678, -74.1817215
2024-07-26 23:31:16.031, -0.56111693, 9.538389, -0.9065807, 0.0028251687, 0.0014507623, 0.003283304, 0.037588984, 9.773476, -0.8050744, 45.600002, -44.081253, 21.73125, 4.5928678, -74.1817215
2024-07-26 23:31:17.039, -0.56111693, 9.538389, -0.9065807, 0.0028251687, 0.0014507623, 0.003283304, 0.037588984, 9.773476, -0.8050744, 45.600002, -44.081253, 21.73125, 4.5928678, -74.1817215
2024-07-26 23:31:19.483, -0.56111693, 9.538389, -0.9065807, 0.0028251687, 0.0014507623, 0.003283304, 0.037588984, 9.773476, -0.8050744, 45.600002, -44.081253, 21.73125, 4.5928678, -74.1817215
2024-07-26 23:31:20.496, -0.56111693, 9.538389, -0.9065807, 0.0028251687, 0.0014507623, 0.003283304, 0.037588984, 9.773476, -0.8050744, 45.600002, -44.081253, 21.73125, 4.5928678, -74.1817215
2024-07-26 23:31:21.503, -0.56111693, 9.538389, -0.9065807, 0.0028251687, 0.0014507623, 0.003283304, 0.037588984, 9.773476, -0.8050744, 45.600002, -44.081253, 21.73125, 4.5928678, -74.1817215
2024-07-26 23:31:23.263, -0.56111693, 9.538389, -0.9065807, 0.0028251687, 0.0014507623, 0.003283304, 0.037588984, 9.773476, -0.8050744, 45.600002, -44.081253, 21.73125, 4.5928678, -74.1817215
2024-07-26 23:31:25.007, -0.56111693, 9.538389, -0.9065807, 0.0028251687, 0.0014507623, 0.003283304, 0.037588984, 9.773476, -0.8050744, 45.600002, -44.081253, 21.73125, 4.5928678, -74.1817215
2024-07-26 23:31:26.020, -0.56111693, 9.538389, -0.9065807, 0.0028251687, 0.0014507623, 0.003283304, 0.037588984, 9.773476, -0.8050744, 45.600002, -44.081253, 21.73125, 4.5928678, -74.1817215
2024-07-26 23:31:27.028, -0.56111693, 9.538389, -0.9065807, 0.0028251687, 0.0014507623, 0.003283304, 0.037588984, 9.773476, -0.8050744, 45.600002, -44.081253, 21.73125, 4.5928678, -74.1817215
2024-07-26 23:31:30.281, -0.56111693, 9.538389, -0.9065807, 0.0028251687, 0.0014507623, 0.003283304, 0.037588984, 9.773476, -0.8050744, 45.600002, -44.081253, 21.73125, 4.5928678, -74.1817215
2024-07-26 23:31:31.288, -0.56111693, 9.538389, -0.9065807, 0.0028251687, 0.0014507623, 0.003283304, 0.037588984, 9.773476, -0.8050744, 45.600002, -44.081253, 21.73125, 4.5928678, -74.1817215
2024-07-26 23:31:32.293, -0.56111693, 9.538389, -0.9065807, 0.0028251687, 0.0014507623, 0.003283304, 0.037588984, 9.773476, -0.8050744, 45.600002, -44.081253, 21.73125, 4.5928678, -74.1817215
2024-07-26 23:31:35.353, -0.56111693, 9.538389, -0.9065807, 0.0028251687, 0.0014507623, 0.003283304, 0.037588984, 9.773476, -0.8050744, 45.600002, -44.081253, 21.73125, 4.5928678, -74.1817215
2024-07-26 23:31:36.369, -0.56111693, 9.538389, -0.9065807, 0.0028251687, 0.0014507623, 0.003283304, 0.037588984, 9.773476, -0.8050744, 45.600002, -44.081253, 21.73125, 4.5928678, -74.1817215
2024-07-26 23:31:37.377, -0.56111693, 9.538389, -0.9065807, 0.0028251687, 0.0014507623, 0.003283304, 0.037588984, 9.773476, -0.8050744, 45.600002, -44.081253, 21.73125, 4.5928678, -74.1817215
2024-07-26 23:31:39.653, -0.56111693, 9.538389, -0.9065807, 0.0028251687, 0.0014507623, 0.003283304, 0.037588984, 9.773476, -0.8050744, 45.600002, -44.081253, 21.73125, 4.5928678, -74.1817215
2024-07-26 23:31:40.662, -0.56111693, 9.538389, -0.9065807, 0.0028251687, 0.0014507623, 0.003283304, 0.037588984, 9.773476, -0.8050744, 45.600002, -44.081253, 21.73125, 4.5928678, -74.1817215
2024-07-26 23:31:41.671, -0.56111693, 9.538389, -0.9065807, 0.0028251687, 0.0014507623, 0.003283304, 0.037588984, 9.773476, -0.8050744, 45.600002, -44.081253, 21.73125, 4.5928678, -74.1817215
2024-07-26 23:31:44.251, -0.56111693, 9.538389, -0.9065807, 0.0028251687, 0.0014507623, 0.003283304, 0.037588984, 9.773476, -0.8050744, 45.600002, -44.081253, 21.73125, 4.5928678, -74.1817215
2024-07-26 23:31:45.257, -0.56111693, 9.538389, -0.9065807, 0.0028251687, 0.0014507623, 0.003283304, 0.037588984, 9.773476, -0.8050744, 45.600002, -44.081253, 21.73125, 4.5928678, -74.1817215
2024-07-26 23:31:46.263, -0.56111693, 9.538389, -0.9065807, 0.0028251687, 0.0014507623, 0.003283304, 0.037588984, 9.773476, -0.8050744, 45.600002, -44.081253, 21.73125, 4.5928678, -74.1817215
2024-07-26 23:31:47.268, -0.56111693, 9.538389, -0.9065807, 0.0028251687, 0.0014507623, 0.003283304, 0.037588984, 9.773476, -0.8050744, 45.600002, -44.081253, 21.73125, 4.5928678, -74.1817215
2024-07-26 23:31:49.640, -0.56111693, 9.538389, -0.9065807, 0.0028251687, 0.0014507623, 0.003283304, 0.037588984, 9.773476, -0.8050744, 45.600002, -44.081253, 21.73125, 4.5928678, -74.1817215
2024-07-26 23:31:50.650, -0.56111693, 9.538389, -0.9065807, 0.0028251687, 0.0014507623, 0.003283304, 0.037588984, 9.773476, -0.8050744, 45.600002, -44.081253, 21.73125, 4.5928678, -74.1817215
2024-07-26 23:31:51.657, -0.56111693, 9.538389, -0.9065807, 0.0028251687, 0.0014507623, 0.003283304, 0.037588984, 9.773476, -0.8050744, 45.600002, -44.081253, 21.73125, 4.5928678, -74.1817215
2024-07-26 23:31:53.317, -0.56111693, 9.538389, -0.9065807, 0.0028251687, 0.0014507623, 0.003283304, 0.037588984, 9.773476, -0.8050744, 45.600002, -44.081253, 21.73125, 4.5928678, -74.1817215
2024-07-26 23:31:55.699, -0.56111693, 9.538389, -0.9065807, 0.0028251687, 0.0014507623, 0.003283304, 0.037588984, 9.773476, -0.8050744, 45.600002, -44.081253, 21.73125, 4.5928678, -74.1817215
2024-07-26 23:31:56.705, -0.56111693, 9.538389, -0.9065807, 0.0028251687, 0.0014507623, 0.003283304, 0.037588984, 9.773476, -0.8050744, 45.600002, -44.081253, 21.73125, 4.5928678, -74.1817215
2024-07-26 23:31:58.265, -0.56111693, 9.538389, -0.9065807, 0.0028251687, 0.0014507623, 0.003283304, 0.037588984, 9.773476, -0.8050744, 45.600002, -44.081253, 21.73125, 4.5928678, -74.1817215
2024-07-26 23:32:00.674, -0.56111693, 9.538389, -0.9065807, 0.0028251687, 0.0014507623, 0.003283304, 0.037588984, 9.773476, -0.8050744, 45.600002, -44.081253, 21.73125, 4.5928678, -74.1817215
2024-07-26 23:32:01.682, -0.56111693, 9.538389, -0.9065807, 0.0028251687, 0.0014507623, 0.003283304, 0.037588984, 9.773476, -0.8050744, 45.600002, -44.081253, 21.73125, 4.5928678, -74.1817215
2024-07-26 23:32:03.284, -0.56111693, 9.538389, -0.9065807, 0.0028251687, 0.0014507623, 0.003283304, 0.037588984, 9.773476, -0.8050744, 45.600002, -44.081253, 21.73125, 4.5928678, -74.1817215
2024-07-26 23:32:05.769, -0.56111693, 9.538389, -0.9065807, 0.0028251687, 0.0014507623, 0.003283304, 0.037588984, 9.773476, -0.8050744, 45.600002, -44.081253, 21.73125, 4.5928678, -74.1817215
2024-07-26 23:32:06.775, -0.56111693, 9.538389, -0.9065807, 0.0028251687, 0.0014507623, 0.003283304, 0.037588984, 9.773476, -0.8050744, 45.600002, -44.081253, 21.73125, 4.5928678, -74.1817215
2024-07-26 23:32:08.355, -0.56111693, 9.538389, -0.9065807, 0.0028251687, 0.0014507623, 0.003283304, 0.037588984, 9.773476, -0.8050744, 45.600002, -44.081253, 21.73125, 4.5928678, -74.1817215
2024-07-26 23:32:10.737, -0.56111693, 9.538389, -0.9065807, 0.0028251687, 0.0014507623, 0.003283304, 0.037588984, 9.773476, -0.8050744, 45.600002, -44.081253, 21.73125, 4.5928678, -74.1817215
2024-07-26 23:32:11.746, -0.56111693, 9.538389, -0.9065807, 0.0028251687, 0.0014507623, 0.003283304, 0.037588984, 9.773476, -0.8050744, 45.600002, -44.081253, 21.73125, 4.5928678, -74.1817215
2024-07-26 23:32:13.316, -0.56111693, 9.538389, -0.9065807, 0.0028251687, 0.0014507623, 0.003283304, 0.037588984, 9.773476, -0.8050744, 45.600002, -44.081253, 21.73125, 4.5928678, -74.1817215
2024-07-26 23:32:15.711, -0.56111693, 9.538389, -0.9065807, 0.0028251687, 0.0014507623, 0.003283304, 0.037588984, 9.773476, -0.8050744, 45.600002, -44.081253, 21.73125, 4.5928678, -74.1817215
2024-07-26 23:32:16.718, -0.56111693, 9.538389, -0.9065807, 0.0028251687, 0.0014507623, 0.003283304, 0.037588984, 9.773476, -0.8050744, 45.600002, -44.081253, 21.73125, 4.5928678, -74.1817215
2024-07-26 23:32:17.722, -0.56111693, 9.538389, -0.9065807, 0.0028251687, 0.0014507623, 0.003283304, 0.037588984, 9.773476, -0.8050744, 45.600002, -44.081253, 21.73125, 4.5928678, -74.1817215
2024-07-26 23:32:20.440, -0.56111693, 9.538389, -0.9065807, 0.0028251687, 0.0014507623, 0.003283304, 0.037588984, 9.773476, -0.8050744, 45.600002, -44.081253, 21.73125, 4.5928678, -74.1817215
2024-07-26 23:32:21.452, -0.56111693, 9.538389, -0.9065807, 0.0028251687, 0.0014507623, 0.003283304, 0.037588984, 9.773476, -0.8050744, 45.600002, -44.081253, 21.73125, 4.5928678, -74.1817215
2024-07-26 23:32:22.458, -0.56111693, 9.538389, -0.9065807, 0.0028251687, 0.0014507623, 0.003283304, 0.037588984, 9.773476, -0.8050744, 45.600002, -44.081253, 21.73125, 4.5928678, -74.1817215
2024-07-26 23:32:25.454, -0.56111693, 9.538389, -0.9065807, 0.0028251687, 0.0014507623, 0.003283304, 0.037588984, 9.773476, -0.8050744, 45.600002, -44.081253, 21.73125, 4.5928678, -74.1817215
2024-07-26 23:32:26.468, -0.56111693, 9.538389, -0.9065807, 0.0028251687, 0.0014507623, 0.003283304, 0.037588984, 9.773476, -0.8050744, 45.600002, -44.081253, 21.73125, 4.5928678, -74.1817215
2024-07-26 23:32:27.476, -0.56111693, 9.538389, -0.9065807, 0.0028251687, 0.0014507623, 0.003283304, 0.037588984, 9.773476, -0.8050744, 45.600002, -44.081253, 21.73125, 4.5928678, -74.1817215
2024-07-26 23:32:30.482, -0.56111693, 9.538389, -0.9065807, 0.0028251687, 0.0014507623, 0.003283304, 0.037588984, 9.773476, -0.8050744, 45.600002, -44.081253, 21.73125, 4.5928678, -74.1817215
2024-07-26 23:32:31.494, -0.56111693, 9.538389, -0.9065807, 0.0028251687, 0.0014507623, 0.003283304, 0.037588984, 9.773476, -0.8050744, 45.600002, -44.081253, 21.73125, 4.5928678, -74.1817215
2024-07-26 23:32:32.500, -0.56111693, 9.538389, -0.9065807, 0.0028251687, 0.0014507623, 0.003283304, 0.037588984, 9.773476, -0.8050744, 45.600002, -44.081253, 21.73125, 4.5928678, -74.1817215
2024-07-26 23:32:35.425, -0.56111693, 9.538389, -0.9065807, 0.0028251687, 0.0014507623, 0.003283304, 0.037588984, 9.773476, -0.8050744, 45.600002, -44.081253, 21.73125, 4.5928678, -74.1817215
2024-07-26 23:32:36.432, -0.56111693, 9.538389, -0.9065807, 0.0028251687, 0.0014507623, 0.003283304, 0.037588984, 9.773476, -0.8050744, 45.600002, -44.081253, 21.73125, 4.5928678, -74.1817215
2024-07-26 23:32:37.441, -0.56111693, 9.538389, -0.9065807, 0.0028251687, 0.0014507623, 0.003283304, 0.037588984, 9.773476, -0.8050744, 45.600002, -44.081253, 21.73125, 4.5928678, -74.1817215
2024-07-26 23:32:40.309, -0.56111693, 9.538389, -0.9065807, 0.0028251687, 0.0014507623, 0.003283304, 0.037588984, 9.773476, -0.8050744, 45.600002, -44.081253, 21.73125, 4.5928678, -74.1817215
2024-07-26 23:32:41.315, -0.56111693, 9.538389, -0.9065807, 0.0028251687, 0.0014507623, 0.003283304, 0.037588984, 9.773476, -0.8050744, 45.600002, -44.081253, 21.73125, 4.5928678, -74.1817215
2024-07-26 23:32:42.322, -0.56111693, 9.538389, -0.9065807, 0.0028251687, 0.0014507623, 0.003283304, 0.037588984, 9.773476, -0.8050744, 45.600002, -44.081253, 21.73125, 4.5928678, -74.1817215
2024-07-26 23:32:45.248, -0.56111693, 9.538389, -0.9065807, 0.0028251687, 0.0014507623, 0.003283304, 0.037588984, 9.773476, -0.8050744, 45.600002, -44.081253, 21.73125, 4.5928678, -74.1817215
2024-07-26 23:32:46.252, -0.56111693, 9.538389, -0.9065807, 0.0028251687, 0.0014507623, 0.003283304, 0.037588984, 9.773476, -0.8050744, 45.600002, -44.081253, 21.73125, 4.5928678, -74.1817215
2024-07-26 23:32:47.257, -0.56111693, 9.538389, -0.9065807, 0.0028251687, 0.0014507623, 0.003283304, 0.037588984, 9.773476, -0.8050744, 45.600002, -44.081253, 21.73125, 4.5928678, -74.1817215
2024-07-26 23:32:49.410, -0.56111693, 9.538389, -0.9065807, 0.0028251687, 0.0014507623, 0.003283304, 0.037588984, 9.773476, -0.8050744, 45.600002, -44.081253, 21.73125, 4.5928678, -74.1817215
2024-07-26 23:32:50.417, -0.56111693, 9.538389, -0.9065807, 0.0028251687, 0.0014507623, 0.003283304, 0.037588984, 9.773476, -0.8050744, 45.600002, -44.081253, 21.73125, 4.5928678, -74.1817215
2024-07-26 23:32:51.568, -0.56111693, 9.538389, -0.9065807, 0.0028251687, 0.0014507623, 0.003283304, 0.037588984, 9.773476, -0.8050744, 45.600002, -44.081253, 21.73125, 4.5928678, -74.1817215
2024-07-26 23:32:52.572, -0.56111693, 9.538389, -0.9065807, 0.0028251687, 0.0014507623, 0.003283304, 0.037588984, 9.773476, -0.8050744, 45.600002, -44.081253, 21.73125, 4.5928678, -74.1817215
2024-07-26 23:32:54.232, -0.56111693, 9.538389, -0.9065807, 0.0028251687, 0.0014507623, 0.003283304, 0.037588984, 9.773476, -0.8050744, 45.600002, -44.081253, 21.73125, 4.5928678, -74.1817215
2024-07-26 23:32:55.948, -0.56111693, 9.538389, -0.9065807, 0.0028251687, 0.0014507623, 0.003283304, 0.037588984, 9.773476, -0.8050744, 45.600002, -44.081253, 21.73125, 4.5928678, -74.1817215
2024-07-26 23:32:56.954, -0.56111693, 9.538389, -0.9065807, 0.0028251687, 0.0014507623, 0.003283304, 0.037588984, 9.773476, -0.8050744, 45.600002, -44.081253, 21.73125, 4.5928678, -74.1817215
2024-07-26 23:32:59.237, -0.56111693, 9.538389, -0.9065807, 0.0028251687, 0.0014507623, 0.003283304, 0.037588984, 9.773476, -0.8050744, 45.600002, -44.081253, 21.73125, 4.5928678, -74.1817215
2024-07-26 23:33:00.967, -0.56111693, 9.538389, -0.9065807, 0.0028251687, 0.0014507623, 0.003283304, 0.037588984, 9.773476, -0.8050744, 45.600002, -44.081253, 21.73125, 4.5928678, -74.1817215
2024-07-26 23:33:01.975, -0.56111693, 9.538389, -0.9065807, 0.0028251687, 0.0014507623, 0.003283304, 0.037588984, 9.773476, -0.8050744, 45.600002, -44.081253, 21.73125, 4.5928678, -74.1817215
2024-07-26 23:33:04.237, -0.56111693, 9.538389, -0.9065807, 0.0028251687, 0.0014507623, 0.003283304, 0.037588984, 9.773476, -0.8050744, 45.600002, -44.081253, 21.73125, 4.5928678, -74.1817215
2024-07-26 23:33:05.963, -0.56111693, 9.538389, -0.9065807, 0.0028251687, 0.0014507623, 0.003283304, 0.037588984, 9.773476, -0.8050744, 45.600002, -44.081253, 21.73125, 4.5928678, -74.1817215
2024-07-26 23:33:06.969, -0.56111693, 9.538389, -0.9065807, 0.0028251687, 0.0014507623, 0.003283304, 0.037588984, 9.773476, -0.8050744, 45.600002, -44.081253, 21.73125, 4.5928678, -74.1817215
2024-07-26 23:33:09.240, -0.56111693, 9.538389, -0.9065807, 0.0028251687, 0.0014507623, 0.003283304, 0.037588984, 9.773476, -0.8050744, 45.600002, -44.081253, 21.73125, 4.5928678, -74.1817215
2024-07-26 23:33:10.961, -0.56111693, 9.538389, -0.9065807, 0.0028251687, 0.0014507623, 0.003283304, 0.037588984, 9.773476, -0.8050744, 45.600002, -44.081253, 21.73125, 4.5928678, -74.1817215
2024-07-26 23:33:11.966, -0.56111693, 9.538389, -0.9065807, 0.0028251687, 0.0014507623, 0.003283304, 0.037588984, 9.773476, -0.8050744, 45.600002, -44.081253, 21.73125, 4.5928678, -74.1817215
2024-07-26 23:33:13.323, -0.56111693, 9.538389, -0.9065807, 0.0028251687, 0.0014507623, 0.003283304, 0.037588984, 9.773476, -0.8050744, 45.600002, -44.081253, 21.73125, 4.5928678, -74.1817215
2024-07-26 23:33:15.726, -0.56111693, 9.538389, -0.9065807, 0.0028251687, 0.0014507623, 0.003283304, 0.037588984, 9.773476, -0.8050744, 45.600002, -44.081253, 21.73125, 4.5928678, -74.1817215
2024-07-26 23:33:16.735, -0.56111693, 9.538389, -0.9065807, 0.0028251687, 0.0014507623, 0.003283304, 0.037588984, 9.773476, -0.8050744, 45.600002, -44.081253, 21.73125, 4.5928678, -74.1817215
2024-07-26 23:33:17.858, -0.56111693, 9.538389, -0.9065807, 0.0028251687, 0.0014507623, 0.003283304, 0.037588984, 9.773476, -0.8050744, 45.600002, -44.081253, 21.73125, 4.5928678, -74.1817215
2024-07-26 23:33:18.866, -0.56111693, 9.538389, -0.9065807, 0.0028251687, 0.0014507623, 0.003283304, 0.037588984, 9.773476, -0.8050744, 45.600002, -44.081253, 21.73125, 4.5928678, -74.1817215
2024-07-26 23:33:19.991, -0.56111693, 9.538389, -0.9065807, 0.0028251687, 0.0014507623, 0.003283304, 0.037588984, 9.773476, -0.8050744, 45.600002, -44.081253, 21.73125, 4.5928678, -74.1817215
2024-07-26 23:33:20.995, -0.56111693, 9.538389, -0.9065807, 0.0028251687, 0.0014507623, 0.003283304, 0.037588984, 9.773476, -0.8050744, 45.600002, -44.081253, 21.73125, 4.5928678, -74.1817215
2024-07-26 23:33:22.004, -0.56111693, 9.538389, -0.9065807, 0.0028251687, 0.0014507623, 0.003283304, 0.037588984, 9.773476, -0.8050744, 45.600002, -44.081253, 21.73125, 4.5928678, -74.1817215
2024-07-26 23:33:23.324, -0.56111693, 9.538389, -0.9065807, 0.0028251687, 0.0014507623, 0.003283304, 0.037588984, 9.773476, -0.8050744, 45.600002, -44.081253, 21.73125, 4.5928749, -74.1817642
2024-07-26 23:33:27.244, -0.56111693, 9.538389, -0.9065807, 0.0028251687, 0.0014507623, 0.003283304, 0.037588984, 9.773476, -0.8050744, 45.600002, -44.081253, 21.73125, 4.5928759, -74.1817627
2024-07-26 23:33:30.314, -0.56111693, 9.538389, -0.9065807, 0.0028251687, 0.0014507623, 0.003283304, 0.037588984, 9.773476, -0.8050744, 45.600002, -44.081253, 21.73125, 4.5928774, -74.1817604
2024-07-26 23:33:34.243, -0.56111693, 9.538389, -0.9065807, 0.0028251687, 0.0014507623, 0.003283304, 0.037588984, 9.773476, -0.8050744, 45.600002, -44.081253, 21.73125, 4.5928787, -74.1817582
2024-07-26 23:33:37.328, -0.56111693, 9.538389, -0.9065807, 0.0028251687, 0.0014507623, 0.003283304, 0.037588984, 9.773476, -0.8050744, 45.600002, -44.081253, 21.73125, 4.5928795, -74.1817568
2024-07-26 23:33:41.249, -0.56111693, 9.538389, -0.9065807, 0.0028251687, 0.0014507623, 0.003283304, 0.037588984, 9.773476, -0.8050744, 45.600002, -44.081253, 21.73125, 4.5928805, -74.1817554
2024-07-26 23:33:45.227, -0.56111693, 9.538389, -0.9065807, 0.0028251687, 0.0014507623, 0.003283304, 0.037588984, 9.773476, -0.8050744, 45.600002, -44.081253, 21.73125, 4.5928817, -74.1817538
2024-07-26 23:33:48.304, -0.56111693, 9.538389, -0.9065807, 0.0028251687, 0.0014507623, 0.003283304, 0.037588984, 9.773476, -0.8050744, 45.600002, -44.081253, 21.73125, 4.5928823, -74.1817531
2024-07-26 23:33:52.236, -0.56111693, 9.538389, -0.9065807, 0.0028251687, 0.0014507623, 0.003283304, 0.037588984, 9.773476, -0.8050744, 45.600002, -44.081253, 21.73125, 4.5928831, -74.1817521
2024-07-26 23:33:55.350, -0.56111693, 9.538389, -0.9065807, 0.0028251687, 0.0014507623, 0.003283304, 0.037588984, 9.773476, -0.8050744, 45.600002, -44.081253, 21.73125, 4.592884, -74.1817508
2024-07-26 23:33:59.251, -0.56111693, 9.538389, -0.9065807, 0.0028251687, 0.0014507623, 0.003283304, 0.037588984, 9.773476, -0.8050744, 45.600002, -44.081253, 21.73125, 4.5928846, -74.1817499
2024-07-26 23:34:03.228, -0.56111693, 9.538389, -0.9065807, 0.0028251687, 0.0014507623, 0.003283304, 0.037588984, 9.773476, -0.8050744, 45.600002, -44.081253, 21.73125, 4.5928854, -74.1817493
2024-07-26 23:34:07.249, -0.56111693, 9.538389, -0.9065807, 0.0028251687, 0.0014507623, 0.003283304, 0.037588984, 9.773476, -0.8050744, 45.600002, -44.081253, 21.73125, 4.5928865, -74.1817484
2024-07-26 23:34:11.233, -0.56111693, 9.538389, -0.9065807, 0.0028251687, 0.0014507623, 0.003283304, 0.037588984, 9.773476, -0.8050744, 45.600002, -44.081253, 21.73125, 4.5928875, -74.1817475
2024-07-26 23:34:14.285, -0.56111693, 9.538389, -0.9065807, 0.0028251687, 0.0014507623, 0.003283304, 0.037588984, 9.773476, -0.8050744, 45.600002, -44.081253, 21.73125, 4.5928883, -74.1817464
2024-07-26 23:34:18.234, -0.56111693, 9.538389, -0.9065807, 0.0028251687, 0.0014507623, 0.003283304, 0.037588984, 9.773476, -0.8050744, 45.600002, -44.081253, 21.73125, 4.592889, -74.1817457
2024-07-26 23:34:21.240, -0.56111693, 9.538389, -0.9065807, 0.0028251687, 0.0014507623, 0.003283304, 0.037588984, 9.773476, -0.8050744, 45.600002, -44.081253, 21.73125, 4.5928896, -74.1817449
2024-07-26 23:34:25.249, -0.56111693, 9.538389, -0.9065807, 0.0028251687, 0.0014507623, 0.003283304, 0.037588984, 9.773476, -0.8050744, 45.600002, -44.081253, 21.73125, 4.5928902, -74.1817441
2024-07-26 23:34:26.317, -0.56111693, 9.538389, -0.9065807, 0.0028251687, 0.0014507623, 0.003283304, 0.037588984, 9.773476, -0.8050744, 45.600002, -44.081253, 21.73125, 4.5928907, -74.1817433
2024-07-26 23:34:30.226, -0.56111693, 9.538389, -0.9065807, 0.0028251687, 0.0014507623, 0.003283304, 0.037588984, 9.773476, -0.8050744, 45.600002, -44.081253, 21.73125, 4.5928913, -74.1817424
2024-07-26 23:34:31.920, -0.56111693, 9.538389, -0.9065807, 0.0028251687, 0.0014507623, 0.003283304, 0.037588984, 9.773476, -0.8050744, 45.600002, -44.081253, 21.73125, 4.5928917, -74.1817418
2024-07-26 23:34:34.267, -0.56111693, 9.538389, -0.9065807, 0.0028251687, 0.0014507623, 0.003283304, 0.037588984, 9.773476, -0.8050744, 45.600002, -44.081253, 21.73125, 4.5928923, -74.1817408
2024-07-26 23:34:38.225, -0.56111693, 9.538389, -0.9065807, 0.0028251687, 0.0014507623, 0.003283304, 0.037588984, 9.773476, -0.8050744, 45.600002, -44.081253, 21.73125, 4.5928927, -74.1817402
2024-07-26 23:34:42.225, -0.56111693, 9.538389, -0.9065807, 0.0028251687, 0.0014507623, 0.003283304, 0.037588984, 9.773476, -0.8050744, 45.600002, -44.081253, 21.73125, 4.5928936, -74.1817386
2024-07-26 23:34:46.225, -0.56111693, 9.538389, -0.9065807, 0.0028251687, 0.0014507623, 0.003283304, 0.037588984, 9.773476, -0.8050744, 45.600002, -44.081253, 21.73125, 4.5928944, -74.1817372
2024-07-26 23:34:50.234, -0.56111693, 9.538389, -0.9065807, 0.0028251687, 0.0014507623, 0.003283304, 0.037588984, 9.773476, -0.8050744, 45.600002, -44.081253, 21.73125, 4.5928951, -74.1817359
2024-07-26 23:34:54.226, -0.56111693, 9.538389, -0.9065807, 0.0028251687, 0.0014507623, 0.003283304, 0.037588984, 9.773476, -0.8050744, 45.600002, -44.081253, 21.73125, 4.592896, -74.1817345
2024-07-26 23:34:58.251, -0.56111693, 9.538389, -0.9065807, 0.0028251687, 0.0014507623, 0.003283304, 0.037588984, 9.773476, -0.8050744, 45.600002, -44.081253, 21.73125, 4.5928969, -74.1817331
2024-07-26 23:35:02.235, -0.56111693, 9.538389, -0.9065807, 0.0028251687, 0.0014507623, 0.003283304, 0.037588984, 9.773476, -0.8050744, 45.600002, -44.081253, 21.73125, 4.5928976, -74.181732
2024-07-26 23:35:05.241, -0.56111693, 9.538389, -0.9065807, 0.0028251687, 0.0014507623, 0.003283304, 0.037588984, 9.773476, -0.8050744, 45.600002, -44.081253, 21.73125, 4.5928981, -74.1817312
2024-07-26 23:35:09.239, -0.56111693, 9.538389, -0.9065807, 0.0028251687, 0.0014507623, 0.003283304, 0.037588984, 9.773476, -0.8050744, 45.600002, -44.081253, 21.73125, 4.5928986, -74.1817302
2024-07-26 23:35:13.228, -0.56111693, 9.538389, -0.9065807, 0.0028251687, 0.0014507623, 0.003283304, 0.037588984, 9.773476, -0.8050744, 45.600002, -44.081253, 21.73125, 4.5928993, -74.1817292
2024-07-26 23:35:16.439, -0.57547385, 9.550353, -0.91854477, 0.0028251687, 0.0014507623, 0.003283304, 0.037588984, 9.773476, -0.8050744, 45.768753, -44.381252, 20.550001, 4.5928999, -74.1817282
2024-07-26 23:35:18.269, -0.56111693, 9.550353, -0.91136634, 0.0028251687, 0.0014507623, 0.003283304, 0.037588984, 9.773476, -0.8050744, 45.600002, -43.912502, 21.018751, 4.5929001, -74.1817278
2024-07-26 23:35:19.958, -0.5802595, 9.540782, -0.91136634, 0.0028251687, 0.0014507623, 0.003283304, 0.037588984, 9.773476, -0.8050744, 45.84375, -43.85625, 21.675001, 4.5929003, -74.1817275
2024-07-26 23:35:20.962, -0.56590253, 9.535996, -0.91615194, 0.0028251687, 0.0014507623, 0.003283304, 0.037588984, 9.773476, -0.8050744, 46.162502, -43.8375, 20.85, 4.5929005, -74.1817272
2024-07-26 23:36:06.360, -0.56829536, 9.550353, -0.91615194, 0.0028251687, 0.0014507623, 0.003283304, 0.037588984, 9.773476, -0.8050744, 46.350002, -44.25, 21.112501, 4.5929006, -74.1817271
2024-07-26 23:39:07.926, -0.56350976, 9.555139, -0.91854477, 0.0028251687, 0.0014507623, 0.003283304, 0.037588984, 9.773476, -0.8050744, 46.331253, -43.612503, 20.94375, 4.5929005, -74.1817272
2024-07-26 23:39:08.937, -0.56350976, 9.555139, -0.91854477, 0.0028251687, 0.0014507623, 0.003283304, 0.037588984, 9.773476, -0.8050744, 46.331253, -43.612503, 20.94375, 4.5929005, -74.1817272
2024-07-26 23:53:20.940, -0.56350976, 9.555139, -0.91854477, 0.0028251687, 0.0014507623, 0.003283304, 0.037588984, 9.773476, -0.8050744, 46.331253, -43.612503, 20.94375, 4.5929005, -74.1817272
2024-07-26 23:53:26.633, -0.56350976, 9.555139, -0.91854477, 0.0028251687, 0.0014507623, 0.003283304, 0.037588984, 9.773476, -0.8050744, 46.331253, -43.612503, 20.94375, 4.5929005, -74.1817272
2024-07-26 23:58:18.607, -0.56350976, 9.555139, -0.91854477, 0.0028251687, 0.0014507623, 0.003283304, 0.037588984, 9.773476, -0.8050744, 46.331253, -43.612503, 20.94375, 4.5929005, -74.1817272
