2024-04-23 11:01:19.451, 0.33200413, 9.771689, 0.84765744, 0.0, 4.5813544E-4, 1.5271181E-4, 0.32877964, 9.7650175, 0.8406782, -18.4125, -15.093751, -7.65, 4.5926873, -74.1812508
2024-04-23 11:01:41.021, 0.33200413, 9.7812605, 0.83090764, 7.635591E-5, -3.8177954E-4, 3.0542363E-4, 0.3293366, 9.765041, 0.8401708, -18.54375, -15.0375, -7.7250004, 4.5926873, -74.1812508
2024-04-23 11:01:42.026, 0.33439696, 9.769297, 0.8452646, 6.1084726E-4, 3.0542363E-4, -4.5813544E-4, 0.3296159, 9.76509, 0.8394874, -18.487501, -15.000001, -8.19375, 4.5926873, -74.1812508
2024-04-23 11:01:43.029, 0.32961133, 9.776475, 0.8356933, 6.1084726E-4, -2.2906772E-4, -1.5271181E-4, 0.32910222, 9.765115, 0.8394105, -18.225, -15.4125, -8.043751, 4.5926873, -74.1812508
2024-04-23 11:01:44.032, 0.31764722, 9.7812605, 0.84765744, -0.0, 3.8177954E-4, 1.5271181E-4, 0.33042717, 9.76502, 0.8399839, -17.493752, -14.7375, -7.93125, 4.5926873, -74.1812508
2024-04-23 11:01:45.036, 0.3367898, 9.766904, 0.8380861, -6.1084726E-4, 3.0542363E-4, 3.0542363E-4, 0.329576, 9.765065, 0.8398027, -18.150002, -15.262501, -7.6875005, 4.5926873, -74.1812508
2024-04-23 11:01:46.042, 0.3367898, 9.776475, 0.8500503, -7.635591E-5, 3.0542363E-4, 3.0542363E-4, 0.32846203, 9.765134, 0.8394433, -17.8125, -14.75625, -7.9500003, 4.5926873, -74.1812508
2024-04-23 11:01:47.181, 0.3272185, 9.766904, 0.8428718, 1.5271181E-4, -2.2906772E-4, -3.8177954E-4, 0.32860246, 9.76516, 0.83907944, -18.112501, -15.450001, -7.4437504, 4.5926873, -74.1812508
2024-04-23 11:01:48.185, 0.33200413, 9.762118, 0.8356933, 0.0, -2.2906772E-4, 1.5271181E-4, 0.32882574, 9.765135, 0.83928484, -18.243752, -15.675, -8.3625, 4.5926873, -74.1812508
2024-04-23 11:01:49.191, 0.32482567, 9.771689, 0.8356933, -6.1084726E-4, -3.0542363E-4, 2.2906772E-4, 0.32864365, 9.765085, 0.83993995, -17.962502, -15.075001, -7.7812505, 4.5926873, -74.1812508
2024-04-23 11:02:02.089, 0.32004002, 9.764511, 0.8380861, 0.0, -2.2906772E-4, 3.0542363E-4, 0.32936695, 9.764936, 0.8413844, -18.150002, -14.3625, -8.0625, 4.5926873, -74.1812508
2024-04-23 11:02:11.472, 0.33918262, 9.771689, 0.85483587, -6.1084726E-4, -2.2906772E-4, -2.2906772E-4, 0.3306137, 9.764966, 0.8405379, -18.5625, -15.13125, -7.6875005, 4.5926873, -74.1812508
2024-04-23 11:02:12.479, 0.33439696, 9.778868, 0.8452646, 7.635591E-5, -2.2906772E-4, 2.2906772E-4, 0.33093992, 9.765039, 0.8395686, -17.53125, -15.356251, -7.6312504, 4.5926873, -74.1812508
2024-04-23 11:02:13.485, 0.3272185, 9.774082, 0.8428718, 4.5813544E-4, 3.0542363E-4, -3.8177954E-4, 0.33161175, 9.76492, 0.8406871, -17.775002, -14.775001, -7.6687503, 4.5926873, -74.1812508
2024-04-23 11:02:29.040, 0.33439696, 9.766904, 0.8452646, -7.635591E-5, -2.2906772E-4, -2.2906772E-4, 0.33035406, 9.764975, 0.8405513, -17.8875, -14.962501, -7.3875003, 4.5926873, -74.1812508
2024-04-23 11:02:36.264, 0.33439696, 9.769297, 0.8428718, -7.635591E-5, 5.344914E-4, -3.8177954E-4, 0.32954937, 9.765056, 0.83992624, -18.13125, -14.56875, -7.5750003, 4.5926873, -74.1812508
2024-04-23 11:02:37.671, 0.33439696, 9.771689, 0.8285148, -6.1084726E-4, 4.5813544E-4, 3.0542363E-4, 0.32998535, 9.764851, 0.8421312, -17.775002, -15.168751, -7.65, 4.5926873, -74.1812508
2024-04-23 11:02:40.246, 0.32482567, 9.764511, 0.84047896, -0.0, -2.2906772E-4, 2.2906772E-4, 0.33193323, 9.765088, 0.8386162, -18.09375, -14.343751, -7.65, 4.5926873, -74.1812508
2024-04-23 11:02:42.258, 0.32961133, 9.769297, 0.8380861, -7.635591E-5, -8.39915E-4, 5.344914E-4, 0.33089125, 9.764944, 0.8407029, -18.056252, -15.150001, -7.425, 4.5926873, -74.1812508
2024-04-23 11:02:45.297, 0.3272185, 9.762118, 0.8452646, 0.0, -1.5271181E-4, 3.8177954E-4, 0.33140388, 9.765055, 0.83920187, -17.400002, -15.375001, -7.6125, 4.5926873, -74.1812508
2024-04-23 11:02:46.301, 0.33439696, 9.762118, 0.85483587, 7.635591E-5, -1.5271181E-4, 4.5813544E-4, 0.33009228, 9.764881, 0.8417295, -17.400002, -15.20625, -8.493751, 4.5926873, -74.1812508
2024-04-23 11:02:47.307, 0.3272185, 9.769297, 0.8333005, 7.635591E-5, -2.2906772E-4, -3.0542363E-4, 0.3303333, 9.764936, 0.84100246, -17.0625, -14.587501, -8.325001, 4.5926873, -74.1812508
2024-04-23 11:02:48.312, 0.3272185, 9.774082, 0.84047896, -6.1084726E-4, -2.2906772E-4, -2.2906772E-4, 0.32924226, 9.765057, 0.84002644, -17.23125, -14.531251, -7.51875, 4.5926873, -74.1812508
2024-04-23 11:02:49.318, 0.32243285, 9.774082, 0.8428718, 0.0, -7.635591E-4, 3.8177954E-4, 0.3296402, 9.765001, 0.8405297, -17.362501, -14.625001, -8.4375, 4.5926873, -74.1812508
2024-04-23 11:02:51.905, 0.33200413, 9.764511, 0.8380861, 7.635591E-5, -2.2906772E-4, 3.8177954E-4, 0.33020332, 9.765079, 0.8394079, -17.493752, -14.64375, -8.512501, 4.5926873, -74.1812508
2024-04-23 11:02:54.692, 0.32004002, 9.771689, 0.8333005, 5.344914E-4, -2.2906772E-4, 4.5813544E-4, 0.32994562, 9.764962, 0.8408559, -17.8875, -15.50625, -8.34375, 4.5926873, -74.1812508
2024-04-23 11:02:56.555, 0.33918262, 9.762118, 0.8428718, -7.635591E-5, -2.2906772E-4, -3.0542363E-4, 0.3296631, 9.765133, 0.8389712, -17.737501, -15.056251, -7.8187504, 4.5926873, -74.1812508
2024-04-23 11:03:02.130, 0.33918262, 9.7812605, 0.8380861, 2.2906772E-4, -1.5271181E-4, 2.2906772E-4, 0.32986513, 9.764965, 0.84085345, -17.550001, -14.7375, -8.1, 4.5926873, -74.1812508
2024-04-23 11:03:03.942, 0.33439696, 9.766904, 0.84765744, 7.635591E-5, 3.8177954E-4, -2.2906772E-4, 0.32928932, 9.765012, 0.84053946, -17.868752, -14.906251, -8.887501, 4.5926873, -74.1812508
2024-04-23 11:03:04.949, 0.32482567, 9.766904, 0.8333005, 2.2906772E-4, -7.635591E-4, 3.8177954E-4, 0.33104232, 9.7649975, 0.8400032, -17.550001, -14.812501, -8.1, 4.5926873, -74.1812508
2024-04-23 11:03:05.953, 0.3272185, 9.771689, 0.84047896, 6.8720314E-4, -7.635591E-5, 2.2906772E-4, 0.33073053, 9.764858, 0.84176105, -17.306252, -14.26875, -8.175, 4.5926873, -74.1812508
2024-04-23 11:03:06.960, 0.33200413, 9.774082, 0.84047896, -7.635591E-5, -2.2906772E-4, -3.8177954E-4, 0.3300368, 9.764929, 0.8412116, -17.775002, -14.306251, -8.681251, 4.5926873, -74.1812508
2024-04-23 11:03:07.967, 0.32482567, 9.771689, 0.8333005, 1.5271181E-4, -2.2906772E-4, -3.8177954E-4, 0.3307511, 9.764939, 0.8408078, -17.775002, -14.718751, -8.8125, 4.5926873, -74.1812508
2024-04-23 11:03:08.973, 0.32482567, 9.764511, 0.8452646, 7.635591E-5, -1.5271181E-4, -4.5813544E-4, 0.3302996, 9.764961, 0.84072036, -17.962502, -13.968751, -8.53125, 4.5926873, -74.1812508
2024-04-23 11:03:09.978, 0.33200413, 9.774082, 0.84047896, 7.635591E-4, -3.0542363E-4, -2.2906772E-4, 0.33046108, 9.765013, 0.84006244, -18.09375, -14.75625, -7.93125, 4.5926873, -74.1812508
2024-04-23 11:03:10.983, 0.3272185, 9.774082, 0.8428718, 0.0, -0.0, -3.0542363E-4, 0.3308173, 9.7649355, 0.8408179, -17.8875, -14.475, -8.793751, 4.5926873, -74.1812508
2024-04-23 11:03:11.989, 0.32243285, 9.774082, 0.83090764, 7.635591E-5, -7.635591E-5, -3.0542363E-4, 0.33063334, 9.76502, 0.8398981, -17.550001, -14.118751, -7.8, 4.5926873, -74.1812508
2024-04-23 11:03:12.994, 0.32243285, 9.776475, 0.8237292, 7.635591E-4, -2.2906772E-4, 3.8177954E-4, 0.32976443, 9.765038, 0.84004563, -17.1, -14.775001, -8.3625, 4.5926873, -74.1812508
2024-04-23 11:03:13.999, 0.33200413, 9.769297, 0.8500503, 2.2906772E-4, -7.635591E-5, 3.0542363E-4, 0.33012846, 9.764987, 0.84049267, -17.5125, -14.418751, -7.8187504, 4.5926873, -74.1812508
2024-04-23 11:03:15.004, 0.33918262, 9.778868, 0.8452646, 6.8720314E-4, -7.635591E-5, 1.5271181E-4, 0.3317893, 9.764945, 0.8403283, -17.8875, -14.887501, -8.3625, 4.5926873, -74.1812508
2024-04-23 11:03:16.012, 0.33439696, 9.759726, 0.8428718, 7.635591E-5, 9.926268E-4, 3.8177954E-4, 0.3309219, 9.765017, 0.83983546, -17.268751, -14.83125, -8.34375, 4.5926873, -74.1812508
2024-04-23 11:03:17.018, 0.3367898, 9.769297, 0.8428718, -5.344914E-4, -1.5271181E-4, -3.0542363E-4, 0.32946837, 9.76498, 0.8408324, -17.53125, -13.875001, -7.7625003, 4.5926873, -74.1812508
2024-04-23 11:03:18.025, 0.32482567, 9.778868, 0.8428718, 7.635591E-5, 4.5813544E-4, 3.0542363E-4, 0.3299066, 9.765013, 0.8402854, -17.4375, -15.1125, -8.231251, 4.5926873, -74.1812508
2024-04-23 11:03:20.947, 0.3367898, 9.774082, 0.8428718, 7.635591E-5, -7.635591E-5, 3.0542363E-4, 0.33030632, 9.76484, 0.8421283, -17.4375, -14.606251, -8.7375, 4.5926873, -74.1812508
2024-04-23 11:03:22.395, 0.3272185, 9.774082, 0.8452646, 6.8720314E-4, -1.5271181E-4, 3.8177954E-4, 0.33175904, 9.764857, 0.84136015, -17.6625, -14.906251, -8.08125, 4.5926873, -74.1812508
2024-04-23 11:03:24.179, 0.32961133, 9.75494, 0.8500503, 6.8720314E-4, 6.8720314E-4, 3.0542363E-4, 0.33019525, 9.764974, 0.8406238, -17.34375, -14.437501, -8.3625, 4.5926873, -74.1812508
2024-04-23 11:03:25.668, 0.32961133, 9.764511, 0.8356933, -7.635591E-5, -0.0, -3.0542363E-4, 0.32982773, 9.765084, 0.8394758, -17.19375, -14.175, -7.7625003, 4.5926873, -74.1812508
2024-04-23 11:03:26.677, 0.32961133, 9.778868, 0.8380861, -5.344914E-4, 4.5813544E-4, 3.0542363E-4, 0.33108923, 9.764822, 0.8420345, -17.53125, -15.000001, -8.043751, 4.5926873, -74.1812508
2024-04-23 11:03:27.682, 0.32482567, 9.762118, 0.85244304, 7.635591E-5, 5.344914E-4, 2.2906772E-4, 0.32970458, 9.764875, 0.8419576, -17.587502, -14.75625, -7.9875, 4.5926873, -74.1812508
2024-04-23 11:03:28.686, 0.33439696, 9.771689, 0.8500503, 1.5271181E-4, -2.2906772E-4, 2.2906772E-4, 0.33017474, 9.764938, 0.8410437, -17.53125, -14.250001, -8.625, 4.5926873, -74.1812508
2024-04-23 11:03:33.912, 0.3272185, 9.774082, 0.84047896, 0.0, -1.5271181E-4, 2.2906772E-4, 0.32900807, 9.764855, 0.842472, -17.400002, -13.837501, -7.9687505, 4.5926873, -74.1812508
2024-04-23 11:03:34.916, 0.3367898, 9.776475, 0.85244304, -5.344914E-4, -1.5271181E-4, 3.0542363E-4, 0.32776257, 9.764807, 0.8435152, -17.71875, -13.950001, -8.6625, 4.5926873, -74.1812508
2024-04-23 11:03:36.062, 0.32961133, 9.766904, 0.84765744, -4.5813544E-4, -7.635591E-5, 2.2906772E-4, 0.32855254, 9.764765, 0.8436836, -17.962502, -14.775001, -8.137501, 4.5926873, -74.1812508
2024-04-23 11:03:37.073, 0.32961133, 9.778868, 0.84765744, 0.0, -7.635591E-5, 2.2906772E-4, 0.32782468, 9.764764, 0.8439817, -18.150002, -14.55, -7.9875, 4.5926873, -74.1812508
2024-04-23 11:03:38.081, 0.32961133, 9.766904, 0.8428718, -6.1084726E-4, 6.1084726E-4, -3.8177954E-4, 0.3291369, 9.764834, 0.8426459, -18.35625, -14.775001, -8.775001, 4.5926873, -74.1812508
2024-04-23 11:03:39.246, 0.3367898, 9.769297, 0.8428718, 1.5271181E-4, -7.635591E-5, -3.0542363E-4, 0.32951337, 9.764904, 0.8417004, -17.53125, -14.306251, -7.9875, 4.5926873, -74.1812508
2024-04-23 11:03:41.382, 0.32961133, 9.769297, 0.8452646, 6.8720314E-4, 4.5813544E-4, -3.0542363E-4, 0.33077103, 9.764862, 0.8416912, -18.243752, -14.531251, -7.8562503, 4.5926873, -74.1812508
2024-04-23 11:03:43.677, 0.3152544, 9.774082, 0.8356933, 6.8720314E-4, -7.635591E-5, -3.8177954E-4, 0.32976848, 9.764884, 0.8418383, -17.362501, -14.437501, -8.26875, 4.5926873, -74.1812508
2024-04-23 11:03:44.684, 0.32482567, 9.771689, 0.84765744, -4.5813544E-4, 5.344914E-4, 1.5271181E-4, 0.33313808, 9.764861, 0.8407624, -18.243752, -14.400001, -8.306251, 4.5926873, -74.1812508
2024-04-23 11:03:45.690, 0.32482567, 9.771689, 0.8380861, 7.635591E-5, 5.344914E-4, -4.5813544E-4, 0.33163288, 9.764796, 0.842119, -17.550001, -14.56875, -7.8375, 4.5926873, -74.1812508
2024-04-23 11:04:00.011, 0.33439696, 9.771689, 0.84765744, 7.635591E-5, -0.0, 2.2906772E-4, 0.33011565, 9.764779, 0.84291816, -18.337502, -14.775001, -7.7812505, 4.5926873, -74.1812508
2024-04-23 11:04:06.444, 0.32482567, 9.774082, 0.84765744, -0.0, -1.5271181E-4, 1.5271181E-4, 0.33023593, 9.764735, 0.8433684, -17.737501, -15.093751, -7.7812505, 4.5926873, -74.1812508
2024-04-23 11:04:43.544, 0.31764722, 9.774082, 0.8285148, 7.635591E-5, -7.635591E-5, 7.635591E-5, 0.33057517, 9.7648735, 0.84163624, -18.31875, -15.750001, -8.00625, 4.5926873, -74.1812508
2024-04-23 11:04:49.585, 0.32961133, 9.774082, 0.8380861, 7.635591E-5, -1.5271181E-4, 7.635591E-5, 0.33138338, 9.764948, 0.84046215, -18.150002, -15.337501, -8.64375, 4.5926873, -74.1812508
2024-04-23 11:04:50.594, 0.3272185, 9.769297, 0.8356933, 0.0, -0.0, 1.5271181E-4, 0.3311265, 9.765034, 0.83956, -18.16875, -14.812501, -7.7250004, 4.5926873, -74.1812508
2024-04-23 11:04:51.599, 0.3367898, 9.766904, 0.8380861, 7.635591E-5, -1.5271181E-4, 1.5271181E-4, 0.33241358, 9.764948, 0.8400446, -17.19375, -14.606251, -8.75625, 4.5926873, -74.1812508
2024-04-23 11:04:52.604, 0.34157544, 9.766904, 0.8500503, 1.5271181E-4, 0.0, 1.5271181E-4, 0.33130094, 9.765041, 0.83941126, -17.831251, -15.187501, -8.418751, 4.5926873, -74.1812508
2024-04-23 11:05:01.333, 0.33439696, 9.769297, 0.84047896, 7.635591E-4, -7.635591E-5, 2.2906772E-4, 0.32945487, 9.76492, 0.8415386, -17.98125, -15.056251, -8.1, 4.5926873, -74.1812508
2024-04-23 11:08:01.086, 0.32243285, 9.764511, 0.8452646, -6.1084726E-4, -7.635591E-5, -3.8177954E-4, 0.33070078, 9.764825, 0.84216005, -18.581251, -15.525001, -8.118751, 4.5926873, -74.1812508
2024-04-23 11:11:19.326, 0.32243285, 9.771689, 0.83090764, -7.635591E-5, -1.5271181E-4, 3.0542363E-4, 0.3293712, 9.764961, 0.8410853, -18.13125, -15.075001, -8.512501, 4.5926873, -74.1812508
2024-04-23 11:14:47.464, 0.33918262, 9.766904, 0.8500503, -1.5271181E-4, -2.2906772E-4, -2.2906772E-4, 0.32976145, 9.765075, 0.8396163, -18.28125, -15.731251, -8.15625, 4.5926873, -74.1812508
2024-04-23 11:16:01.012, 0.33200413, 9.7812605, 0.8333005, 7.635591E-5, -3.0542363E-4, 2.2906772E-4, 0.32966253, 9.765042, 0.8400332, -18.28125, -15.3, -8.3625, 4.5926873, -74.1812508
2024-04-23 11:18:58.661, 0.32961133, 9.769297, 0.84765744, 7.635591E-5, -2.2906772E-4, 2.2906772E-4, 0.32686976, 9.764938, 0.8423249, -18.0, -15.20625, -8.118751, 4.5926873, -74.1812508
2024-04-23 11:19:51.000, 0.32004002, 9.771689, 0.85244304, 7.635591E-5, -3.0542363E-4, -3.8177954E-4, 0.32686645, 9.764863, 0.8432002, -18.206251, -15.056251, -8.475, 4.5926873, -74.1812508
2024-04-23 11:19:52.005, 0.33439696, 9.769297, 0.84047896, 6.8720314E-4, -2.2906772E-4, -4.5813544E-4, 0.32734606, 9.764916, 0.84240735, -17.925001, -15.431251, -8.64375, 4.5926873, -74.1812508
2024-04-23 11:19:53.010, 0.31764722, 9.766904, 0.8452646, 3.8177954E-4, -2.2906772E-4, 2.2906772E-4, 0.32664117, 9.764923, 0.8425932, -18.0, -15.20625, -8.25, 4.5926873, -74.1812508
2024-04-23 11:19:54.016, 0.3272185, 9.776475, 0.84765744, 4.5813544E-4, 3.8177954E-4, -3.8177954E-4, 0.32499966, 9.765079, 0.8414246, -17.94375, -15.356251, -7.8, 4.5926873, -74.1812508
2024-04-23 11:19:55.020, 0.3272185, 9.762118, 0.84765744, 7.635591E-5, 3.8177954E-4, -3.8177954E-4, 0.3262554, 9.765, 0.84184283, -18.431252, -14.868751, -8.231251, 4.5926873, -74.1812508
2024-04-23 11:19:56.025, 0.32482567, 9.769297, 0.83090764, 6.8720314E-4, -1.5271181E-4, 2.2906772E-4, 0.32623458, 9.765087, 0.8408575, -17.925001, -15.337501, -7.7250004, 4.5926873, -74.1812508
2024-04-23 11:19:57.031, 0.32482567, 9.778868, 0.84765744, 6.1084726E-4, -2.2906772E-4, -3.0542363E-4, 0.32664344, 9.76502, 0.8414641, -17.268751, -14.681251, -7.9500003, 4.5926873, -74.1812508
2024-04-23 11:19:58.039, 0.3272185, 9.766904, 0.8380861, 7.635591E-5, -3.0542363E-4, -3.8177954E-4, 0.32650816, 9.765043, 0.84125525, -18.35625, -15.243751, -8.55, 4.5926873, -74.1812508
2024-04-23 11:19:59.045, 0.32482567, 9.769297, 0.8428718, -6.8720314E-4, -2.2906772E-4, 2.2906772E-4, 0.32695693, 9.765107, 0.84034276, -17.90625, -15.58125, -7.275, 4.5926873, -74.1812508
2024-04-23 11:20:00.050, 0.32004002, 9.769297, 0.8428718, 6.1084726E-4, -2.2906772E-4, -2.2906772E-4, 0.32753256, 9.764998, 0.8413803, -17.962502, -15.731251, -7.8375, 4.5926873, -74.1812508
2024-04-23 11:20:01.054, 0.33918262, 9.769297, 0.8428718, -6.8720314E-4, 3.0542363E-4, 4.5813544E-4, 0.32737187, 9.765029, 0.8410807, -17.34375, -14.906251, -7.9687505, 4.5926873, -74.1812508
2024-04-23 11:20:02.059, 0.3272185, 9.774082, 0.84047896, -0.0, -2.2906772E-4, -2.2906772E-4, 0.3279377, 9.765033, 0.84081763, -17.550001, -14.94375, -8.418751, 4.5926873, -74.1812508
2024-04-23 11:20:03.064, 0.33439696, 9.762118, 0.85483587, -6.1084726E-4, 3.0542363E-4, -3.0542363E-4, 0.32787055, 9.765146, 0.8395231, -17.90625, -14.231251, -8.7375, 4.5926873, -74.1812508
2024-04-23 11:20:12.620, 0.32961133, 9.769297, 0.8428718, -7.635591E-5, -2.2906772E-4, -2.2906772E-4, 0.328974, 9.765084, 0.83982253, -17.85, -14.45625, -8.90625, 4.5926873, -74.1812508
2024-04-23 11:20:30.897, 0.33200413, 9.762118, 0.84047896, 6.1084726E-4, -1.5271181E-4, -3.0542363E-4, 0.3272903, 9.764885, 0.8427813, -18.6, -14.94375, -7.7812505, 4.5926873, -74.1812508
2024-04-23 11:20:40.840, 0.3272185, 9.757333, 0.84047896, 7.635591E-5, 4.5813544E-4, -3.8177954E-4, 0.32821462, 9.764933, 0.84187484, -18.206251, -15.3, -7.93125, 4.5926873, -74.1812508
2024-04-23 11:21:06.944, 0.32961133, 9.759726, 0.8428718, -7.635591E-5, -2.2906772E-4, -3.0542363E-4, 0.32865033, 9.764909, 0.8419805, -17.71875, -15.31875, -8.2875, 4.5926873, -74.1812508
2024-04-23 11:21:07.956, 0.3272185, 9.774082, 0.84765744, 0.0, -1.5271181E-4, -3.8177954E-4, 0.3266891, 9.764983, 0.84188807, -17.587502, -15.0375, -8.0625, 4.5926873, -74.1812508
2024-04-23 11:21:08.959, 0.32961133, 9.766904, 0.8428718, 0.0, -1.5271181E-4, 3.8177954E-4, 0.32926574, 9.764862, 0.84227777, -17.493752, -15.13125, -7.9125004, 4.5926873, -74.1812508
2024-04-23 11:21:18.335, 0.33200413, 9.778868, 0.84765744, 7.635591E-5, -0.0, -2.2906772E-4, 0.32784382, 9.764902, 0.842377, -18.150002, -14.718751, -7.9500003, 4.5926873, -74.1812508
2024-04-23 11:24:47.997, 0.33200413, 9.771689, 0.83090764, 1.5271181E-4, -8.39915E-4, -3.8177954E-4, 0.3297218, 9.764933, 0.84129333, -18.09375, -15.39375, -8.118751, 4.5926873, -74.1812508
2024-04-23 11:27:15.805, 0.3272185, 9.774082, 0.8356933, 7.635591E-5, -2.2906772E-4, 1.5271181E-4, 0.3269844, 9.764936, 0.8423113, -17.38125, -16.1625, -8.493751, 4.5926873, -74.1812508
2024-04-23 11:27:16.809, 0.3272185, 9.774082, 0.8356933, -6.1084726E-4, 3.8177954E-4, -3.8177954E-4, 0.32457992, 9.765244, 0.8396765, -17.85, -15.4875, -7.8750005, 4.5926873, -74.1812508
2024-04-23 11:27:17.814, 0.32482567, 9.778868, 0.83090764, 0.0, 2.2906772E-4, 2.2906772E-4, 0.3252377, 9.765165, 0.84033257, -17.962502, -15.731251, -7.9687505, 4.5926873, -74.1812508
2024-04-23 11:27:18.819, 0.32482567, 9.769297, 0.84047896, 7.635591E-4, -3.0542363E-4, 3.8177954E-4, 0.32623792, 9.765108, 0.84061044, -18.150002, -15.50625, -7.8375, 4.5926873, -74.1812508
2024-04-23 11:27:19.824, 0.32482567, 9.769297, 0.8500503, 6.1084726E-4, 3.8177954E-4, 3.0542363E-4, 0.32493752, 9.765158, 0.8405284, -18.09375, -15.187501, -8.00625, 4.5926873, -74.1812508
2024-04-23 11:27:20.827, 0.3272185, 9.766904, 0.8380861, 7.635591E-5, 3.8177954E-4, -3.8177954E-4, 0.32417837, 9.765236, 0.83991826, -18.375, -15.31875, -8.53125, 4.5926873, -74.1812508
2024-04-23 11:27:33.681, 0.32961133, 9.764511, 0.84765744, -7.635591E-5, -2.2906772E-4, -3.0542363E-4, 0.32372275, 9.765122, 0.84141797, -18.243752, -15.150001, -7.9500003, 4.5926873, -74.1812508
2024-04-23 11:27:34.687, 0.3272185, 9.776475, 0.84765744, 0.0, 3.8177954E-4, 2.2906772E-4, 0.32458898, 9.765011, 0.8423715, -17.962502, -15.3, -8.53125, 4.5926873, -74.1812508
2024-04-23 11:27:35.693, 0.32243285, 9.766904, 0.8333005, 7.635591E-5, -2.2906772E-4, 2.2906772E-4, 0.32650912, 9.765085, 0.84077644, -18.018751, -15.168751, -8.493751, 4.5926873, -74.1812508
2024-04-23 11:27:36.698, 0.32961133, 9.762118, 0.8428718, -1.5271181E-4, -7.635591E-5, 3.0542363E-4, 0.32545722, 9.7651005, 0.84099793, -17.925001, -15.618751, -7.8, 4.5926873, -74.1812508
2024-04-23 11:27:37.705, 0.3272185, 9.771689, 0.84047896, -0.0, -2.2906772E-4, -1.5271181E-4, 0.3249227, 9.765081, 0.8414344, -17.325, -15.337501, -8.400001, 4.5926873, -74.1812508
2024-04-23 11:27:38.711, 0.3272185, 9.766904, 0.84765744, 7.635591E-5, -8.39915E-4, 3.8177954E-4, 0.32567567, 9.765158, 0.84024954, -18.206251, -15.31875, -7.8750005, 4.5926873, -74.1812508
2024-04-23 11:27:39.717, 0.32961133, 9.757333, 0.8452646, -1.5271181E-4, -7.635591E-4, -2.2906772E-4, 0.32610443, 9.765103, 0.84071636, -18.375, -15.225, -8.775001, 4.5926873, -74.1812508
2024-04-23 11:27:40.722, 0.32482567, 9.759726, 0.8428718, 7.635591E-5, -2.2906772E-4, 3.8177954E-4, 0.3257353, 9.765099, 0.8409186, -17.38125, -14.85, -8.4375, 4.5926873, -74.1812508
2024-04-23 11:27:41.727, 0.32482567, 9.762118, 0.8452646, 6.1084726E-4, 6.1084726E-4, -3.0542363E-4, 0.32592538, 9.76519, 0.8397743, -18.0375, -15.0375, -7.9125004, 4.5926873, -74.1812508
2024-04-23 11:27:42.732, 0.32482567, 9.766904, 0.8380861, 7.635591E-5, 3.8177954E-4, -3.0542363E-4, 0.32553068, 9.765228, 0.83947825, -17.85, -15.0375, -7.89375, 4.5926873, -74.1812508
2024-04-23 11:27:43.737, 0.32482567, 9.774082, 0.82612205, 1.5271181E-4, -1.5271181E-4, 3.8177954E-4, 0.32595608, 9.765171, 0.83997107, -17.962502, -15.7875, -7.33125, 4.5926873, -74.1812508
2024-04-23 11:27:44.744, 0.32243285, 9.776475, 0.84765744, -1.5271181E-4, 4.5813544E-4, 3.8177954E-4, 0.3259741, 9.765212, 0.8394955, -17.7, -14.868751, -8.493751, 4.5926873, -74.1812508
2024-04-23 11:27:45.750, 0.32004002, 9.762118, 0.84765744, 7.635591E-4, 3.8177954E-4, -2.2906772E-4, 0.32529297, 9.765173, 0.84022224, -18.431252, -15.337501, -7.8, 4.5926873, -74.1812508
2024-04-23 11:27:46.756, 0.32482567, 9.762118, 0.84047896, -0.0, -2.2906772E-4, 3.0542363E-4, 0.3243659, 9.765203, 0.8402252, -17.831251, -14.887501, -8.08125, 4.5926873, -74.1812508
2024-04-23 11:27:47.760, 0.33200413, 9.769297, 0.8380861, -6.1084726E-4, 3.8177954E-4, -1.5271181E-4, 0.32555777, 9.765017, 0.8419442, -17.962502, -15.262501, -7.9687505, 4.5926873, -74.1812508
2024-04-23 11:27:48.766, 0.32961133, 9.769297, 0.8380861, 7.635591E-5, 4.5813544E-4, 3.8177954E-4, 0.3244233, 9.765145, 0.8408809, -17.94375, -14.718751, -7.9875, 4.5926873, -74.1812508
2024-04-23 11:27:49.774, 0.3272185, 9.774082, 0.8380861, -0.0, -2.2906772E-4, 3.8177954E-4, 0.32609352, 9.765153, 0.8401398, -17.90625, -15.337501, -7.8562503, 4.5926873, -74.1812508
2024-04-23 11:27:50.780, 0.32004002, 9.769297, 0.8333005, 1.5271181E-4, -1.5271181E-4, -2.2906772E-4, 0.325424, 9.765087, 0.8411646, -17.53125, -15.7875, -8.306251, 4.5926873, -74.1812508
2024-04-23 11:27:51.787, 0.32243285, 9.774082, 0.8452646, 0.0, 6.1084726E-4, -2.2906772E-4, 0.32475883, 9.765156, 0.8406266, -17.85, -14.85, -8.00625, 4.5926873, -74.1812508
2024-04-23 11:27:52.793, 0.33200413, 9.774082, 0.85244304, 0.0, 4.5813544E-4, -3.0542363E-4, 0.32446572, 9.7651825, 0.84043276, -17.6625, -15.562501, -8.043751, 4.5926873, -74.1812508
2024-04-23 11:27:53.798, 0.33200413, 9.762118, 0.84047896, 6.1084726E-4, -1.5271181E-4, -3.8177954E-4, 0.3256682, 9.765102, 0.84089065, -17.268751, -15.243751, -7.93125, 4.5926873, -74.1812508
2024-04-23 11:27:54.803, 0.32482567, 9.766904, 0.84765744, 0.0, 3.8177954E-4, 3.8177954E-4, 0.32580125, 9.765004, 0.84197664, -17.85, -15.39375, -8.587501, 4.5926873, -74.1812508
2024-04-23 11:27:55.809, 0.3272185, 9.783653, 0.8428718, 7.635591E-5, -1.5271181E-4, -2.2906772E-4, 0.3257589, 9.765029, 0.84169966, -17.75625, -15.356251, -7.6875005, 4.5926873, -74.1812508
2024-04-23 11:27:56.818, 0.32961133, 9.75494, 0.8500503, 0.0, 4.5813544E-4, -2.2906772E-4, 0.325338, 9.765069, 0.84140444, -17.550001, -14.906251, -8.34375, 4.5926873, -74.1812508
2024-04-23 11:27:57.825, 0.32243285, 9.771689, 0.8237292, 7.635591E-5, -1.5271181E-4, 2.2906772E-4, 0.32552943, 9.765094, 0.8410513, -18.112501, -15.13125, -8.137501, 4.5926873, -74.1812508
2024-04-23 11:27:58.831, 0.32961133, 9.769297, 0.8333005, 7.635591E-5, -7.635591E-5, -2.2906772E-4, 0.32454947, 9.76492, 0.8434262, -18.618752, -15.20625, -8.4375, 4.5926873, -74.1812508
2024-04-23 11:27:59.837, 0.32482567, 9.778868, 0.84765744, -6.1084726E-4, -2.2906772E-4, 2.2906772E-4, 0.3238653, 9.765007, 0.8427014, -17.8875, -14.7375, -8.137501, 4.5926873, -74.1812508
2024-04-23 11:28:00.842, 0.32243285, 9.762118, 0.85244304, 1.5271181E-4, -1.5271181E-4, -7.635591E-5, 0.3242576, 9.765142, 0.84097, -17.38125, -15.056251, -8.025001, 4.5926873, -74.1812508
2024-04-23 11:28:01.848, 0.3272185, 9.769297, 0.85483587, 0.0, 5.344914E-4, -2.2906772E-4, 0.32585278, 9.765021, 0.8417728, -17.85, -15.337501, -8.325001, 4.5926873, -74.1812508
2024-04-23 11:28:02.856, 0.32961133, 9.759726, 0.85244304, 7.635591E-5, 3.8177954E-4, 2.2906772E-4, 0.32505742, 9.765044, 0.8418105, -17.925001, -14.868751, -8.0625, 4.5926873, -74.1812508
2024-04-23 11:28:07.267, 0.32243285, 9.766904, 0.8380861, -5.344914E-4, -1.5271181E-4, -3.0542363E-4, 0.3255597, 9.764861, 0.84374255, -17.8125, -14.925, -8.34375, 4.5926873, -74.1812508
2024-04-23 11:28:24.215, 0.3272185, 9.776475, 0.84047896, 5.344914E-4, 3.8177954E-4, 3.0542363E-4, 0.32535264, 9.765097, 0.841086, -17.737501, -15.225, -7.9500003, 4.5926873, -74.1812508
2024-04-23 11:28:36.610, 0.32482567, 9.778868, 0.8380861, 7.635591E-5, -1.5271181E-4, -3.0542363E-4, 0.32551286, 9.765102, 0.8409519, -18.075, -14.906251, -8.1, 4.5926873, -74.1812508
2024-04-23 11:28:37.615, 0.3152544, 9.776475, 0.83090764, 1.5271181E-4, -2.2906772E-4, 3.0542363E-4, 0.3253641, 9.765112, 0.8409071, -17.962502, -15.525001, -8.38125, 4.5926873, -74.1812508
2024-04-23 11:28:38.623, 0.3272185, 9.769297, 0.8500503, 1.5271181E-4, 3.8177954E-4, 3.0542363E-4, 0.3261822, 9.765066, 0.8411215, -18.09375, -15.675, -8.26875, 4.5926873, -74.1812508
2024-04-23 11:28:39.629, 0.32004002, 9.766904, 0.85483587, 7.635591E-5, -2.2906772E-4, 3.8177954E-4, 0.32648012, 9.764968, 0.84214526, -17.587502, -15.4125, -8.1, 4.5926873, -74.1812508
2024-04-23 11:28:40.718, 0.31764722, 9.764511, 0.8380861, 7.635591E-5, -1.5271181E-4, -3.0542363E-4, 0.3248385, 9.765122, 0.8409773, -18.45, -15.468751, -8.26875, 4.5926873, -74.1812508
2024-04-23 11:28:41.722, 0.32482567, 9.774082, 0.8380861, 7.635591E-5, -1.5271181E-4, 3.8177954E-4, 0.3272646, 9.764983, 0.84164494, -17.925001, -15.450001, -8.3625, 4.5926873, -74.1812508
2024-04-23 11:28:42.874, 0.32243285, 9.771689, 0.85244304, 5.344914E-4, 4.5813544E-4, 3.8177954E-4, 0.3253799, 9.764993, 0.8422779, -17.362501, -14.56875, -8.400001, 4.5926873, -74.1812508
2024-04-23 11:28:43.878, 0.3080759, 9.769297, 0.84765744, 0.0, -1.5271181E-4, 3.0542363E-4, 0.3266506, 9.764996, 0.8417606, -17.962502, -15.281251, -8.212501, 4.5926873, -74.1812508
2024-04-23 11:28:45.024, 0.31286156, 9.769297, 0.84047896, 2.2906772E-4, -7.635591E-4, -3.8177954E-4, 0.32571626, 9.76505, 0.8414889, -17.775002, -15.375001, -8.043751, 4.5926873, -74.1812508
2024-04-23 11:28:46.029, 0.3152544, 9.757333, 0.8285148, 0.0012216945, -7.635591E-5, 3.0542363E-4, 0.32632366, 9.76493, 0.84263736, -17.868752, -15.0375, -7.9500003, 4.5926873, -74.1812508
2024-04-23 11:28:50.165, 0.3272185, 9.764511, 0.84765744, 0.0, 4.5813544E-4, -2.2906772E-4, 0.32491934, 9.765014, 0.84220153, -18.243752, -14.531251, -7.93125, 4.5926873, -74.1812508
2024-04-23 11:29:37.456, 0.32482567, 9.774082, 0.84047896, -5.344914E-4, 6.1084726E-4, -3.0542363E-4, 0.32579446, 9.764907, 0.8431107, -17.493752, -15.056251, -8.231251, 4.5926873, -74.1812508
2024-04-23 11:29:38.461, 0.32482567, 9.778868, 0.84765744, -7.635591E-5, 4.5813544E-4, -2.2906772E-4, 0.32974356, 9.765043, 0.83999926, -18.375, -15.8625, -8.3625, 4.5926873, -74.1812508
2024-04-23 11:29:39.471, 0.33918262, 9.769297, 0.8380861, -3.8177954E-4, -3.0542363E-4, 2.2906772E-4, 0.32904416, 9.764953, 0.8413171, -18.056252, -15.4875, -7.7625003, 4.5926873, -74.1812508
2024-04-23 11:29:40.476, 0.33200413, 9.764511, 0.83090764, -7.635591E-5, -2.2906772E-4, 3.8177954E-4, 0.32854205, 9.765184, 0.83881706, -18.09375, -14.94375, -8.2875, 4.5926873, -74.1812508
2024-04-23 11:29:41.483, 0.33200413, 9.771689, 0.8428718, -0.0, 5.344914E-4, -3.8177954E-4, 0.32763034, 9.765201, 0.8389993, -17.868752, -15.468751, -8.400001, 4.5926873, -74.1812508
2024-04-23 11:29:50.949, 0.3272185, 9.7812605, 0.8380861, 0.0, -3.0542363E-4, -3.8177954E-4, 0.3265648, 9.765267, 0.8386297, -17.85, -15.356251, -7.6875005, 4.5926873, -74.1812508
2024-04-23 11:29:51.951, 0.32961133, 9.766904, 0.84765744, 7.635591E-5, 5.344914E-4, -3.8177954E-4, 0.3292762, 9.765158, 0.8388437, -17.79375, -15.13125, -8.4375, 4.5926873, -74.1812508
2024-04-23 11:29:57.038, 0.32482567, 9.764511, 0.8285148, 6.1084726E-4, -1.5271181E-4, 3.8177954E-4, 0.32917795, 9.765321, 0.8369773, -17.775002, -15.281251, -8.19375, 4.5926873, -74.1812508
2024-04-23 11:30:39.126, 0.33439696, 9.7812605, 0.8380861, 7.635591E-5, 4.5813544E-4, -3.8177954E-4, 0.32616016, 9.76512, 0.8405059, -18.35625, -15.712501, -7.74375, 4.5926873, -74.1812508
2024-04-23 11:30:40.133, 0.32004002, 9.764511, 0.8428718, 0.0, -2.2906772E-4, 2.2906772E-4, 0.32686672, 9.765042, 0.8411276, -18.0375, -16.087502, -8.64375, 4.5926873, -74.1812508
2024-04-23 11:30:41.137, 0.33200413, 9.759726, 0.8356933, 1.5271181E-4, -1.5271181E-4, 2.2906772E-4, 0.32692066, 9.765124, 0.8401623, -18.16875, -15.7875, -7.65, 4.5926873, -74.1812508
2024-04-23 11:30:42.139, 0.32004002, 9.778868, 0.8452646, 1.5271181E-4, -7.635591E-5, 2.2906772E-4, 0.32728493, 9.765278, 0.83823085, -18.09375, -14.906251, -7.8375, 4.5926873, -74.1812508
2024-04-23 11:30:43.143, 0.32961133, 9.766904, 0.84047896, 1.5271181E-4, -1.5271181E-4, 1.5271181E-4, 0.32654467, 9.765229, 0.83908004, -17.737501, -14.94375, -8.38125, 4.5926873, -74.1812508
2024-04-23 11:30:44.147, 0.3272185, 9.771689, 0.84047896, -4.5813544E-4, -7.635591E-4, -3.8177954E-4, 0.32692665, 9.765068, 0.840802, -17.8875, -14.887501, -8.231251, 4.5926873, -74.1812508
2024-04-23 11:30:45.150, 0.32482567, 9.771689, 0.8452646, 7.635591E-5, -1.5271181E-4, 2.2906772E-4, 0.32701156, 9.765281, 0.8382905, -17.681252, -15.225, -8.043751, 4.5926873, -74.1812508
2024-04-23 11:30:53.863, 0.33439696, 9.771689, 0.84047896, 7.635591E-4, -1.5271181E-4, -3.8177954E-4, 0.32560578, 9.765252, 0.83919257, -18.0, -14.45625, -8.1, 4.5926873, -74.1812508
2024-04-23 11:31:40.693, 0.32243285, 9.774082, 0.8380861, 7.635591E-5, -1.5271181E-4, 3.8177954E-4, 0.32641733, 9.765047, 0.8412523, -17.962502, -15.50625, -8.606251, 4.5926873, -74.1812508
2024-04-23 11:31:41.698, 0.3272185, 9.774082, 0.84765744, 7.635591E-5, -7.635591E-5, 3.0542363E-4, 0.32715023, 9.765091, 0.8404498, -18.31875, -14.812501, -8.625, 4.5926873, -74.1812508
2024-04-23 11:31:42.834, 0.33200413, 9.778868, 0.8356933, 1.5271181E-4, -7.635591E-4, -3.0542363E-4, 0.32635325, 9.765131, 0.8402978, -17.90625, -15.95625, -8.118751, 4.5926873, -74.1812508
2024-04-23 11:31:43.839, 0.3272185, 9.776475, 0.8380861, 6.1084726E-4, 4.5813544E-4, 3.0542363E-4, 0.32736075, 9.765238, 0.83865976, -18.525002, -15.1125, -8.38125, 4.5926873, -74.1812508
2024-04-23 11:31:45.004, 0.33200413, 9.776475, 0.8428718, 6.8720314E-4, -1.5271181E-4, -3.8177954E-4, 0.3284131, 9.765155, 0.8392146, -17.75625, -14.981251, -8.325001, 4.5926873, -74.1812508
2024-04-23 11:31:46.006, 0.3272185, 9.771689, 0.8333005, 0.0, -2.2906772E-4, -3.0542363E-4, 0.32683298, 9.765054, 0.8409951, -17.831251, -15.13125, -8.493751, 4.5926873, -74.1812508
2024-04-23 11:31:47.117, 0.32961133, 9.774082, 0.84047896, -7.635591E-5, -7.635591E-5, 3.0542363E-4, 0.32791632, 9.765165, 0.83928686, -18.375, -15.000001, -7.70625, 4.5926873, -74.1812508
2024-04-23 11:31:48.121, 0.3272185, 9.776475, 0.8452646, 7.635591E-4, 5.344914E-4, -3.8177954E-4, 0.3268638, 9.765313, 0.8379811, -18.09375, -14.981251, -7.9125004, 4.5926873, -74.1812508
2024-04-23 11:31:49.124, 0.3272185, 9.769297, 0.8428718, 7.635591E-5, -7.635591E-4, -3.0542363E-4, 0.3277955, 9.765167, 0.83931834, -17.775002, -15.6, -8.1, 4.5926873, -74.1812508
2024-04-23 11:31:50.127, 0.32961133, 9.769297, 0.8285148, 1.5271181E-4, -2.2906772E-4, 2.2906772E-4, 0.32670256, 9.765264, 0.8386166, -17.60625, -15.13125, -7.8750005, 4.5926873, -74.1812508
2024-04-23 11:31:51.132, 0.33439696, 9.769297, 0.84765744, 0.0, 9.926268E-4, 1.5271181E-4, 0.32625592, 9.765261, 0.83881915, -17.71875, -14.812501, -7.9687505, 4.5926873, -74.1812508
2024-04-23 11:31:57.614, 0.32961133, 9.762118, 0.85483587, -4.5813544E-4, 7.635591E-5, -3.0542363E-4, 0.32496187, 9.765176, 0.84031683, -17.8875, -14.681251, -7.9687505, 4.5926873, -74.1812508
2024-04-23 11:32:42.106, 0.33200413, 9.769297, 0.8452646, 1.5271181E-4, 6.1084726E-4, -3.0542363E-4, 0.32544515, 9.765039, 0.8417123, -18.018751, -15.150001, -8.0625, 4.5926873, -74.1812508
2024-04-23 11:32:43.111, 0.33918262, 9.769297, 0.8380861, 2.2906772E-4, -2.2906772E-4, -3.8177954E-4, 0.326531, 9.765104, 0.8405386, -18.375, -15.1125, -8.043751, 4.5926873, -74.1812508
2024-04-23 11:32:44.141, 0.32243285, 9.769297, 0.8452646, 2.2906772E-4, -3.0542363E-4, -3.8177954E-4, 0.32540756, 9.765113, 0.84087026, -17.775002, -15.4125, -8.700001, 4.5926873, -74.1812508
2024-04-23 11:32:45.147, 0.32482567, 9.771689, 0.8356933, 7.635591E-5, -1.5271181E-4, -3.8177954E-4, 0.32694855, 9.765135, 0.8400224, -17.868752, -15.3, -8.231251, 4.5926873, -74.1812508
2024-04-23 11:32:46.151, 0.33200413, 9.759726, 0.8380861, 7.635591E-5, -2.2906772E-4, 2.2906772E-4, 0.32709384, 9.765121, 0.8401104, -17.831251, -15.375001, -8.26875, 4.5926873, -74.1812508
2024-04-23 11:32:47.156, 0.32004002, 9.766904, 0.84047896, 1.5271181E-4, -7.635591E-5, 3.0542363E-4, 0.32689014, 9.765158, 0.839774, -17.6625, -15.750001, -8.64375, 4.5926873, -74.1812508
2024-04-23 11:32:48.159, 0.33439696, 9.783653, 0.84047896, 1.5271181E-4, -2.2906772E-4, 1.5271181E-4, 0.3254206, 9.765246, 0.83930844, -17.90625, -15.281251, -8.306251, 4.5926873, -74.1812508
2024-04-23 11:32:49.164, 0.31764722, 9.774082, 0.84765744, -0.0, 5.344914E-4, -4.5813544E-4, 0.32600448, 9.765239, 0.839173, -17.475, -15.637501, -9.1125, 4.5926873, -74.1812508
2024-04-23 11:32:50.167, 0.3272185, 9.774082, 0.8500503, -6.1084726E-4, -7.635591E-5, 3.0542363E-4, 0.32681218, 9.7652, 0.8393113, -18.31875, -14.887501, -8.493751, 4.5926873, -74.1812508
2024-04-23 11:32:51.169, 0.32482567, 9.766904, 0.8356933, 7.635591E-5, -7.635591E-5, 2.2906772E-4, 0.32718283, 9.765117, 0.8401382, -18.0375, -15.281251, -8.2875, 4.5926873, -74.1812508
2024-04-23 11:32:52.229, 0.31764722, 9.766904, 0.8380861, 6.8720314E-4, -7.635591E-5, -3.0542363E-4, 0.32732984, 9.765262, 0.83840656, -17.493752, -14.7375, -8.15625, 4.5926873, -74.1812508
2024-04-23 11:32:53.231, 0.32961133, 9.776475, 0.84047896, -4.5813544E-4, -7.635591E-5, -4.5813544E-4, 0.32592818, 9.76519, 0.83977807, -18.0375, -15.281251, -8.400001, 4.5926873, -74.1812508
2024-04-23 11:32:54.235, 0.3272185, 9.778868, 0.82612205, 7.635591E-5, 4.5813544E-4, -3.8177954E-4, 0.32656246, 9.765135, 0.84018296, -17.85, -14.7375, -8.19375, 4.5926873, -74.1812508
2024-04-23 11:33:03.748, 0.32482567, 9.774082, 0.8380861, -7.635591E-5, -1.5271181E-4, -3.0542363E-4, 0.327499, 9.7652445, 0.83853626, -17.98125, -14.418751, -8.231251, 4.5926873, -74.1812508
2024-04-23 11:33:19.277, 0.32961133, 9.766904, 0.8356933, 7.635591E-5, 5.344914E-4, 2.2906772E-4, 0.3268718, 9.765079, 0.8407068, -17.643751, -14.868751, -8.4375, 4.5926873, -74.1812508
2024-04-23 11:33:33.237, 0.33200413, 9.769297, 0.8356933, 6.1084726E-4, -7.635591E-4, -3.8177954E-4, 0.32575545, 9.7651825, 0.8399238, -18.28125, -14.85, -8.925, 4.5926873, -74.1812508
2024-04-23 11:33:34.241, 0.32243285, 9.766904, 0.84047896, 1.5271181E-4, -0.0, 3.0542363E-4, 0.3270866, 9.76506, 0.8408246, -17.94375, -15.3, -7.65, 4.5926873, -74.1812508
2024-04-23 11:33:35.246, 0.3272185, 9.771689, 0.8572287, -1.5271181E-4, -2.2906772E-4, -3.8177954E-4, 0.32725155, 9.765055, 0.8408311, -17.925001, -14.83125, -8.19375, 4.5926873, -74.1812508
2024-04-23 11:33:36.248, 0.31764722, 9.766904, 0.8380861, 2.2906772E-4, -0.0, 3.0542363E-4, 0.32633692, 9.765062, 0.84111184, -17.550001, -14.906251, -7.6687503, 4.5926873, -74.1812508
2024-04-23 11:33:37.252, 0.33200413, 9.771689, 0.8428718, 7.635591E-4, 0.0, 2.2906772E-4, 0.32793233, 9.765155, 0.8393985, -18.0375, -15.187501, -7.9500003, 4.5926873, -74.1812508
2024-04-23 11:33:38.254, 0.33200413, 9.757333, 0.85244304, 7.635591E-5, 4.5813544E-4, -3.8177954E-4, 0.32895702, 9.765197, 0.8385015, -18.243752, -15.01875, -7.7250004, 4.5926873, -74.1812508
2024-04-23 11:33:39.258, 0.3272185, 9.771689, 0.8428718, 7.635591E-5, 6.1084726E-4, 2.2906772E-4, 0.32835284, 9.765177, 0.8389853, -17.831251, -13.89375, -7.8, 4.5926873, -74.1812508
2024-04-23 11:33:48.527, 0.3272185, 9.774082, 0.8452646, 7.635591E-5, -7.635591E-5, -9.162709E-4, 0.3275168, 9.765161, 0.8394869, -17.643751, -14.325001, -8.25, 4.5926873, -74.1812508
2024-04-23 11:34:02.174, 0.32243285, 9.766904, 0.8428718, 6.8720314E-4, -0.0, -3.8177954E-4, 0.32614285, 9.765167, 0.8399652, -18.393751, -15.31875, -7.8562503, 4.5926873, -74.1812508
2024-04-23 11:34:03.177, 0.32482567, 9.771689, 0.8428718, 0.0, 4.5813544E-4, 1.5271181E-4, 0.32578045, 9.765061, 0.8413287, -17.456251, -14.85, -8.08125, 4.5926873, -74.1812508
2024-04-23 11:34:04.181, 0.32482567, 9.774082, 0.8428718, 7.635591E-5, 5.344914E-4, 2.2906772E-4, 0.3250322, 9.765138, 0.8407277, -17.456251, -14.681251, -7.9500003, 4.5926873, -74.1812508
2024-04-23 11:34:12.407, 0.32243285, 9.776475, 0.8428718, 0.0, 7.635591E-5, 2.2906772E-4, 0.32745484, 9.7651415, 0.83974695, -18.056252, -15.39375, -8.418751, 4.5926873, -74.1812508
2024-04-23 11:34:26.482, 0.32482567, 9.776475, 0.84047896, -3.8177954E-4, 4.5813544E-4, -4.5813544E-4, 0.32765308, 9.765034, 0.84091055, -18.375, -15.243751, -8.38125, 4.5926873, -74.1812508
2024-04-23 11:36:32.811, 0.32243285, 9.771689, 0.8237292, 0.0, -6.8720314E-4, 1.5271181E-4, 0.3292861, 9.765049, 0.84009945, -18.1875, -15.262501, -8.212501, 4.5926873, -74.1812508
2024-04-23 11:41:02.259, 0.3272185, 9.762118, 0.8356933, 7.635591E-5, 4.5813544E-4, -2.2906772E-4, 0.32759187, 9.765413, 0.8365317, -18.112501, -15.58125, -8.15625, 4.5926873, -74.1812508
2024-04-23 11:41:19.047, 0.3272185, 9.769297, 0.8428718, 7.635591E-5, -2.2906772E-4, -2.2906772E-4, 0.32731295, 9.765277, 0.83821684, -18.13125, -15.731251, -8.212501, 4.5926873, -74.1812508
2024-04-23 11:41:20.051, 0.32961133, 9.771689, 0.8452646, 0.0, -1.5271181E-4, 3.0542363E-4, 0.32677588, 9.765302, 0.8381419, -18.09375, -15.000001, -8.137501, 4.5926873, -74.1812508
2024-04-23 11:41:21.055, 0.32482567, 9.776475, 0.84047896, 0.0, -3.8177954E-4, 3.0542363E-4, 0.32745722, 9.7652855, 0.8380784, -18.1875, -15.843751, -8.26875, 4.5926873, -74.1812508
2024-04-23 11:41:24.405, 0.31764722, 9.769297, 0.8333005, -0.0, -1.5271181E-4, -3.0542363E-4, 0.32688665, 9.7654, 0.83695257, -18.300001, -15.806251, -8.325001, 4.5926873, -74.1812508
2024-04-23 11:42:58.441, 0.3272185, 9.764511, 0.8380861, -3.0542363E-4, 3.0542363E-4, 2.2906772E-4, 0.32675275, 9.765398, 0.83702594, -17.71875, -15.843751, -8.45625, 4.5926873, -74.1812508
2024-04-23 11:43:19.985, 0.3272185, 9.774082, 0.84047896, -7.635591E-5, -1.5271181E-4, -3.0542363E-4, 0.32697156, 9.765263, 0.8385185, -17.56875, -15.4875, -8.00625, 4.5926873, -74.1812508
2024-04-23 11:43:20.996, 0.32482567, 9.778868, 0.8213364, -6.1084726E-4, -1.5271181E-4, -3.8177954E-4, 0.32795537, 9.765298, 0.8377249, -18.13125, -15.468751, -7.9125004, 4.5926873, -74.1812508
2024-04-23 11:43:22.110, 0.32482567, 9.776475, 0.8285148, 0.0, 4.5813544E-4, 3.0542363E-4, 0.3283926, 9.765447, 0.8358252, -17.081251, -16.087502, -8.043751, 4.5926873, -74.1812508
2024-04-23 11:43:23.114, 0.32961133, 9.774082, 0.83090764, -7.635591E-5, -1.5271181E-4, -3.0542363E-4, 0.32791856, 9.76545, 0.8359752, -17.925001, -15.225, -8.512501, 4.5926873, -74.1812508
2024-04-23 11:43:24.258, 0.33918262, 9.766904, 0.85244304, 7.635591E-5, 3.8177954E-4, -3.8177954E-4, 0.3280785, 9.765458, 0.8358164, -17.550001, -15.656251, -8.71875, 4.5926873, -74.1812508
2024-04-23 11:43:25.262, 0.33200413, 9.771689, 0.8356933, 7.635591E-5, -1.5271181E-4, 3.0542363E-4, 0.3277198, 9.765338, 0.83735245, -17.34375, -15.13125, -8.231251, 4.5926873, -74.1812508
2024-04-23 11:43:26.416, 0.32482567, 9.771689, 0.8380861, 0.0, -2.2906772E-4, 1.5271181E-4, 0.32603192, 9.765635, 0.8345538, -18.16875, -14.981251, -8.53125, 4.5926873, -74.1812508
2024-04-23 11:43:27.419, 0.32243285, 9.778868, 0.8333005, -6.8720314E-4, -8.39915E-4, 3.0542363E-4, 0.32897392, 9.765427, 0.8358202, -17.362501, -15.243751, -8.00625, 4.5926873, -74.1812508
2024-04-23 11:43:28.556, 0.3272185, 9.771689, 0.8380861, -7.635591E-5, -9.162709E-4, 3.0542363E-4, 0.3281492, 9.7654705, 0.83562684, -17.643751, -15.337501, -8.00625, 4.5926873, -74.1812508
2024-04-23 11:43:29.559, 0.32961133, 9.771689, 0.84047896, 7.635591E-5, 3.8177954E-4, 3.0542363E-4, 0.32715514, 9.765488, 0.8358341, -17.25, -15.281251, -8.512501, 4.5926873, -74.1812508
2024-04-23 11:43:30.651, 0.31764722, 9.774082, 0.8380861, -0.0, 3.8177954E-4, -2.2906772E-4, 0.3288688, 9.765451, 0.8355776, -17.025002, -15.69375, -8.400001, 4.5926873, -74.1812508
2024-04-23 11:43:31.659, 0.33439696, 9.778868, 0.8356933, -7.635591E-5, -2.2906772E-4, -3.0542363E-4, 0.32851455, 9.765491, 0.83526254, -17.681252, -15.712501, -7.8, 4.5926873, -74.1812508
2024-04-23 11:43:32.664, 0.33200413, 9.7812605, 0.84047896, -6.1084726E-4, 4.5813544E-4, -3.8177954E-4, 0.32979432, 9.765486, 0.83480656, -17.5125, -15.50625, -8.043751, 4.5926873, -74.1812508
2024-04-23 11:43:33.669, 0.3367898, 9.776475, 0.8452646, 7.635591E-5, 5.344914E-4, 2.2906772E-4, 0.3280944, 9.7656, 0.8341338, -18.056252, -15.3, -8.137501, 4.5926873, -74.1812508
2024-04-23 11:43:34.673, 0.3272185, 9.774082, 0.8380861, -5.344914E-4, -1.5271181E-4, -3.0542363E-4, 0.32840663, 9.765438, 0.83592486, -18.35625, -15.825001, -8.137501, 4.5926873, -74.1812508
2024-04-23 11:43:35.679, 0.32961133, 9.769297, 0.8380861, 1.5271181E-4, -7.635591E-4, 2.2906772E-4, 0.32636622, 9.76556, 0.8352884, -17.681252, -15.39375, -7.8562503, 4.5926873, -74.1812508
2024-04-23 11:43:36.685, 0.3367898, 9.771689, 0.84047896, 0.0013744063, 3.8177954E-4, 2.2906772E-4, 0.32772192, 9.76544, 0.83617234, -17.75625, -15.843751, -7.4437504, 4.5926873, -74.1812508
2024-04-23 11:43:37.690, 0.3272185, 9.776475, 0.8380861, 7.635591E-5, 4.5813544E-4, -3.0542363E-4, 0.32831538, 9.765429, 0.8360699, -17.53125, -15.712501, -8.45625, 4.5926873, -74.1812508
2024-04-23 11:43:38.795, 0.32482567, 9.7812605, 0.8428718, 7.635591E-5, 4.5813544E-4, 2.2906772E-4, 0.32852545, 9.765432, 0.83593976, -17.625, -15.6, -8.512501, 4.5926873, -74.1812508
2024-04-23 11:43:39.799, 0.33200413, 9.769297, 0.8285148, -6.1084726E-4, -1.5271181E-4, 2.2906772E-4, 0.32698384, 9.765416, 0.8367442, -18.018751, -14.512501, -8.0625, 4.5926873, -74.1812508
2024-04-23 11:43:40.807, 0.33200413, 9.786046, 0.84047896, 7.635591E-4, -1.5271181E-4, -3.0542363E-4, 0.32749552, 9.765407, 0.8366381, -17.175001, -15.431251, -8.025001, 4.5926873, -74.1812508
2024-04-23 11:43:41.810, 0.32482567, 9.776475, 0.8452646, 7.635591E-5, -1.5271181E-4, -3.8177954E-4, 0.32744542, 9.765312, 0.83775616, -17.493752, -15.168751, -8.175, 4.5926873, -74.1812508
2024-04-23 11:43:42.813, 0.33200413, 9.774082, 0.8356933, 6.8720314E-4, 7.635591E-5, 2.2906772E-4, 0.3289821, 9.765234, 0.8380797, -18.09375, -15.01875, -8.6625, 4.5926873, -74.1812508
2024-04-23 11:43:43.818, 0.32243285, 9.771689, 0.8356933, 7.635591E-5, -1.5271181E-4, -3.0542363E-4, 0.3295188, 9.765249, 0.83768106, -17.41875, -15.375001, -7.36875, 4.5926873, -74.1812508
2024-04-23 11:43:44.822, 0.32961133, 9.778868, 0.8452646, -0.0, -1.5271181E-4, 3.0542363E-4, 0.32719943, 9.765515, 0.83549005, -17.75625, -15.168751, -7.7250004, 4.5926873, -74.1812508
2024-04-23 11:43:45.826, 0.3272185, 9.774082, 0.8428718, -6.1084726E-4, -1.5271181E-4, -4.5813544E-4, 0.32770094, 9.765431, 0.8362625, -17.775002, -14.83125, -8.231251, 4.5926873, -74.1812508
2024-04-23 11:43:46.831, 0.33200413, 9.771689, 0.8428718, 7.635591E-5, -7.635591E-5, -3.8177954E-4, 0.3261996, 9.765376, 0.83749723, -17.643751, -14.962501, -8.475, 4.5926873, -74.1812508
2024-04-23 11:43:47.835, 0.33439696, 9.776475, 0.83090764, 6.8720314E-4, -1.5271181E-4, 3.0542363E-4, 0.32779467, 9.765393, 0.83668196, -17.475, -15.1125, -7.65, 4.5926873, -74.1812508
2024-04-23 11:43:48.840, 0.33439696, 9.759726, 0.8452646, -0.0, -2.2906772E-4, 7.635591E-5, 0.3265634, 9.765397, 0.8371136, -17.7, -14.700001, -8.4375, 4.5926873, -74.1812508
2024-04-23 11:44:00.173, 0.33439696, 9.774082, 0.8380861, 8.39915E-4, -7.635591E-5, -3.0542363E-4, 0.3280808, 9.765247, 0.8382657, -17.6625, -14.512501, -8.025001, 4.5926873, -74.1812508
2024-04-23 11:44:01.181, 0.3272185, 9.778868, 0.8428718, 0.0, -7.635591E-5, -4.5813544E-4, 0.3271413, 9.765175, 0.8394759, -18.056252, -15.337501, -8.25, 4.5926873, -74.1812508
2024-04-23 11:44:02.186, 0.33439696, 9.778868, 0.8333005, -0.0, -7.635591E-5, 7.635591E-5, 0.32850716, 9.765162, 0.8390939, -18.28125, -15.69375, -7.9687505, 4.5926873, -74.1812508
2024-04-23 11:44:07.688, 0.33200413, 9.766904, 0.84047896, 7.635591E-5, 6.1084726E-4, 3.0542363E-4, 0.32722127, 9.765316, 0.83780795, -17.587502, -14.625001, -7.8, 4.5926873, -74.1812508
2024-04-23 11:44:18.041, 0.3272185, 9.769297, 0.8333005, 6.8720314E-4, 3.8177954E-4, -5.344914E-4, 0.32551467, 9.7653, 0.83865106, -18.28125, -15.675, -8.19375, 4.5926873, -74.1812508
2024-04-23 11:44:24.187, 0.32482567, 9.766904, 0.8380861, 0.0, -7.635591E-5, -3.0542363E-4, 0.32784903, 9.765351, 0.8371452, -18.206251, -14.531251, -8.306251, 4.5926873, -74.1812508
2024-04-23 11:44:25.193, 0.3272185, 9.771689, 0.84765744, -6.1084726E-4, 5.344914E-4, 3.0542363E-4, 0.32627958, 9.765172, 0.839842, -17.8125, -14.906251, -8.19375, 4.5926873, -74.1812508
2024-04-23 11:44:26.232, 0.33200413, 9.771689, 0.85244304, -1.5271181E-4, -0.0, -3.8177954E-4, 0.32717636, 9.765215, 0.8389955, -18.075, -14.775001, -8.00625, 4.5926873, -74.1812508
2024-04-23 11:44:27.236, 0.31764722, 9.764511, 0.8356933, 7.635591E-5, -1.5271181E-4, 3.0542363E-4, 0.32723406, 9.765323, 0.8377248, -17.8125, -14.38125, -8.512501, 4.5926873, -74.1812508
2024-04-23 11:44:28.354, 0.32243285, 9.771689, 0.8428718, 0.0, -0.0, 2.2906772E-4, 0.32569128, 9.765327, 0.8382642, -17.737501, -15.431251, -7.8187504, 4.5926873, -74.1812508
2024-04-23 11:44:29.360, 0.3152544, 9.7812605, 0.8333005, -4.5813544E-4, 4.5813544E-4, 2.2906772E-4, 0.32632166, 9.765245, 0.83897954, -17.681252, -14.587501, -7.4625, 4.5926873, -74.1812508
2024-04-23 11:44:31.079, 0.32961133, 9.774082, 0.84047896, -5.344914E-4, -7.635591E-5, -3.0542363E-4, 0.3275262, 9.765281, 0.83810174, -17.6625, -14.793751, -7.8562503, 4.5926873, -74.1812508
2024-04-23 11:44:43.829, 0.32961133, 9.766904, 0.8428718, -5.344914E-4, 7.635591E-5, 2.2906772E-4, 0.32863328, 9.765145, 0.83923703, -17.56875, -15.431251, -7.425, 4.5926873, -74.1812508
2024-04-23 11:44:44.833, 0.33439696, 9.766904, 0.85244304, 8.39915E-4, -7.635591E-5, 1.5271181E-4, 0.32755345, 9.765311, 0.8377347, -18.0, -15.918751, -7.4625, 4.5926873, -74.1812508
2024-04-23 11:44:45.841, 0.32004002, 9.7812605, 0.84765744, 6.8720314E-4, -2.2906772E-4, 2.2906772E-4, 0.32756066, 9.765316, 0.8376699, -17.71875, -15.450001, -7.7625003, 4.5926873, -74.1812508
2024-04-23 11:45:06.713, 0.3272185, 9.7812605, 0.8356933, 7.635591E-5, -0.0, 2.2906772E-4, 0.32672435, 9.765192, 0.83943963, -18.28125, -14.64375, -8.00625, 4.5926873, -74.1812508
2024-04-23 11:45:16.699, 0.33200413, 9.769297, 0.8333005, 7.635591E-5, 7.635591E-5, -4.5813544E-4, 0.32845676, 9.765084, 0.8400187, -17.56875, -15.20625, -8.6625, 4.5926873, -74.1812508
2024-04-23 11:45:26.611, 0.32243285, 9.766904, 0.8380861, 5.344914E-4, -0.0, -3.0542363E-4, 0.32606328, 9.7651415, 0.84028566, -17.7, -15.7875, -7.8187504, 4.5926873, -74.1812508
2024-04-23 11:45:27.614, 0.32004002, 9.771689, 0.8428718, -5.344914E-4, -0.0, -4.5813544E-4, 0.32625818, 9.765214, 0.83936983, -17.831251, -15.056251, -7.9687505, 4.5926873, -74.1812508
2024-04-23 11:45:28.670, 0.3272185, 9.776475, 0.8428718, -4.5813544E-4, 0.0, -3.8177954E-4, 0.32671282, 9.765298, 0.8382028, -17.737501, -15.1125, -7.5000005, 4.5926873, -74.1812508
2024-04-23 11:45:29.677, 0.33200413, 9.766904, 0.8428718, 0.0, 5.344914E-4, 3.0542363E-4, 0.3279976, 9.765182, 0.83907115, -17.5125, -15.69375, -7.9500003, 4.5926873, -74.1812508
2024-04-23 11:45:30.682, 0.32004002, 9.774082, 0.8452646, -0.0, -7.635591E-5, -4.5813544E-4, 0.32664266, 9.765325, 0.8379212, -17.85, -16.125, -7.9687505, 4.5926873, -74.1812508
2024-04-23 11:45:31.690, 0.32004002, 9.766904, 0.82612205, 0.0, -6.1084726E-4, -3.0542363E-4, 0.32726142, 9.765238, 0.83869994, -17.831251, -15.262501, -7.9875, 4.5926873, -74.1812508
2024-04-23 11:45:32.699, 0.33439696, 9.762118, 0.8356933, -7.635591E-5, 0.0, 3.0542363E-4, 0.32618433, 9.765362, 0.83767945, -17.681252, -15.712501, -8.0625, 4.5926873, -74.1812508
2024-04-23 11:45:33.704, 0.33200413, 9.771689, 0.8452646, -6.1084726E-4, 5.344914E-4, 8.39915E-4, 0.3267695, 9.765181, 0.83955836, -17.8125, -15.525001, -8.681251, 4.5926873, -74.1812508
2024-04-23 11:45:34.821, 0.3272185, 9.764511, 0.8356933, 6.1084726E-4, -7.635591E-4, 2.2906772E-4, 0.326031, 9.765265, 0.83884495, -17.118752, -14.887501, -8.606251, 4.5926873, -74.1812508
2024-04-23 11:45:35.825, 0.3152544, 9.771689, 0.8428718, 1.5271181E-4, 5.344914E-4, -3.0542363E-4, 0.3260624, 9.7653885, 0.8374025, -17.268751, -14.75625, -8.681251, 4.5926873, -74.1812508
2024-04-23 11:45:36.829, 0.32004002, 9.776475, 0.8428718, 7.635591E-4, -7.635591E-5, -2.2906772E-4, 0.32622957, 9.765361, 0.8376699, -18.018751, -14.55, -8.6625, 4.5926873, -74.1812508
2024-04-23 11:45:43.440, 0.32482567, 9.766904, 0.8356933, -4.5813544E-4, 0.0, -3.8177954E-4, 0.32617465, 9.765208, 0.8394693, -17.8125, -15.337501, -7.9875, 4.5926873, -74.1812508
2024-04-23 11:45:44.446, 0.32243285, 9.766904, 0.8452646, -6.1084726E-4, 5.344914E-4, -3.0542363E-4, 0.3263769, 9.7652855, 0.83849114, -17.71875, -15.168751, -8.118751, 4.5926873, -74.1812508
2024-04-23 11:45:45.451, 0.3152544, 9.771689, 0.82612205, -7.635591E-5, -6.1084726E-4, -3.8177954E-4, 0.3259106, 9.765264, 0.8389298, -17.98125, -14.793751, -8.025001, 4.5926873, -74.1812508
2024-04-23 11:45:46.454, 0.32243285, 9.766904, 0.8333005, 0.0, 0.0, 2.2906772E-4, 0.32591307, 9.765212, 0.8395247, -18.0375, -14.925, -7.7625003, 4.5926873, -74.1812508
2024-04-23 11:45:47.457, 0.33200413, 9.778868, 0.8428718, -6.8720314E-4, 1.5271181E-4, 2.2906772E-4, 0.3245391, 9.765473, 0.8370107, -17.7, -14.925, -8.700001, 4.5926873, -74.1812508
2024-04-23 11:45:56.891, 0.33439696, 9.771689, 0.8356933, 7.635591E-5, -6.8720314E-4, -4.5813544E-4, 0.32532904, 9.765406, 0.83750015, -18.0, -14.868751, -8.137501, 4.5926873, -74.1812508
2024-04-23 11:45:57.897, 0.32243285, 9.774082, 0.83090764, 7.635591E-5, -7.635591E-5, 7.635591E-4, 0.32828417, 9.765256, 0.8380995, -17.962502, -14.868751, -8.475, 4.5926873, -74.1812508
2024-04-23 11:45:58.901, 0.32961133, 9.766904, 0.8452646, 1.5271181E-4, 1.5271181E-4, -3.8177954E-4, 0.3264541, 9.765447, 0.8365844, -17.268751, -15.337501, -8.175, 4.5926873, -74.1812508
2024-04-23 11:45:59.905, 0.33200413, 9.769297, 0.8500503, 1.5271181E-4, 4.5813544E-4, 2.2906772E-4, 0.3274852, 9.765354, 0.83725876, -18.2625, -14.6625, -8.325001, 4.5926873, -74.1812508
2024-04-23 11:46:00.907, 0.33200413, 9.776475, 0.84765744, -5.344914E-4, 7.635591E-5, 3.0542363E-4, 0.32653928, 9.765441, 0.8366149, -17.6625, -15.150001, -7.8375, 4.5926873, -74.1812508
2024-04-23 11:46:09.152, 0.32482567, 9.771689, 0.8356933, -4.5813544E-4, -7.635591E-5, 3.0542363E-4, 0.3259156, 9.7653055, 0.8384407, -17.94375, -14.700001, -7.8187504, 4.5926873, -74.1812508
2024-04-23 11:46:10.157, 0.32243285, 9.769297, 0.8380861, -5.344914E-4, 4.5813544E-4, -3.8177954E-4, 0.32669535, 9.765403, 0.83700275, -17.56875, -15.243751, -6.7875004, 4.5926873, -74.1812508
2024-04-23 11:46:11.162, 0.32243285, 9.776475, 0.8380861, 2.2906772E-4, 0.0, 3.0542363E-4, 0.32632336, 9.765298, 0.8383564, -17.550001, -15.000001, -8.1, 4.5926873, -74.1812508
2024-04-23 11:46:27.364, 0.32961133, 9.778868, 0.8380861, -0.0, 5.344914E-4, -4.5813544E-4, 0.32596496, 9.765291, 0.83858156, -17.775002, -15.150001, -8.56875, 4.5926873, -74.1812508
2024-04-23 11:48:06.001, 0.32243285, 9.776475, 0.84765744, -3.8177954E-4, -6.8720314E-4, 1.5271181E-4, 0.3256125, 9.765171, 0.8401098, -18.018751, -15.88125, -7.9875, 4.5926873, -74.1812508
2024-04-23 11:48:07.008, 0.32004002, 9.774082, 0.8428718, -6.1084726E-4, -6.1084726E-4, -3.8177954E-4, 0.32622612, 9.765273, 0.8386858, -18.075, -15.375001, -8.231251, 4.5926873, -74.1812508
2024-04-23 11:48:08.011, 0.3367898, 9.762118, 0.85483587, 7.635591E-5, 4.5813544E-4, 1.5271181E-4, 0.32682338, 9.765386, 0.83714366, -18.09375, -15.900001, -7.6312504, 4.5926873, -74.1812508
2024-04-23 11:48:12.650, 0.32004002, 9.771689, 0.83090764, 1.5271181E-4, 4.5813544E-4, 1.5271181E-4, 0.32699412, 9.765196, 0.8392802, -17.7, -14.625001, -7.14375, 4.5926873, -74.1812508
2024-04-23 11:51:13.604, 0.32243285, 9.766904, 0.8380861, -5.344914E-4, -7.635591E-5, 1.5271181E-4, 0.32595527, 9.76525, 0.8390583, -18.393751, -15.618751, -8.26875, 4.5926873, -74.1812508
2024-04-23 11:52:26.638, 0.3272185, 9.757333, 0.8428718, -7.635591E-5, -0.0, -4.5813544E-4, 0.325362, 9.765341, 0.8382492, -17.94375, -15.562501, -8.475, 4.5926873, -74.1812508
2024-04-23 11:52:27.642, 0.32243285, 9.774082, 0.8333005, -5.344914E-4, 4.5813544E-4, 1.5271181E-4, 0.3263757, 9.765286, 0.8384839, -18.45, -15.69375, -7.9687505, 4.5926873, -74.1812508
2024-04-23 11:52:28.647, 0.3152544, 9.764511, 0.8380861, 7.635591E-5, -1.5271181E-4, -4.5813544E-4, 0.3267315, 9.765367, 0.8374054, -17.79375, -15.656251, -7.8562503, 4.5926873, -74.1812508
2024-04-23 11:52:29.653, 0.33200413, 9.7812605, 0.83090764, -5.344914E-4, 5.344914E-4, 1.5271181E-4, 0.32683477, 9.765323, 0.8378764, -18.0, -15.712501, -8.118751, 4.5926873, -74.1812508
2024-04-23 11:52:30.658, 0.33200413, 9.764511, 0.8356933, -1.5271181E-4, 6.1084726E-4, 7.635591E-4, 0.3256934, 9.7653885, 0.83756375, -18.112501, -15.656251, -8.26875, 4.5926873, -74.1812508
2024-04-23 11:52:31.662, 0.3272185, 9.771689, 0.84047896, 6.8720314E-4, -7.635591E-5, 7.635591E-5, 0.3256668, 9.765285, 0.8387724, -17.925001, -15.918751, -8.6625, 4.5926873, -74.1812508
2024-04-23 11:52:32.668, 0.32004002, 9.766904, 0.84047896, -5.344914E-4, -0.0, 2.2906772E-4, 0.32559928, 9.765386, 0.8376308, -17.325, -15.39375, -8.700001, 4.5926873, -74.1812508
2024-04-23 11:52:33.672, 0.32243285, 9.764511, 0.8428718, 5.344914E-4, -1.5271181E-4, 1.5271181E-4, 0.32539865, 9.765413, 0.83737516, -17.737501, -15.50625, -8.00625, 4.5926873, -74.1812508
2024-04-23 11:52:34.677, 0.31286156, 9.774082, 0.83090764, -0.0, -1.5271181E-4, 2.2906772E-4, 0.32637906, 9.765326, 0.83802325, -17.681252, -15.281251, -8.34375, 4.5926873, -74.1812508
2024-04-23 11:52:51.369, 0.32482567, 9.778868, 0.84047896, -5.344914E-4, -7.635591E-5, -4.5813544E-4, 0.32789513, 9.765177, 0.8391586, -17.681252, -15.168751, -8.306251, 4.5926873, -74.1812508
2024-04-23 11:53:02.884, 0.32243285, 9.766904, 0.84047896, -7.635591E-5, 6.1084726E-4, 2.2906772E-4, 0.327163, 9.764983, 0.84169394, -17.925001, -15.375001, -8.212501, 4.5926873, -74.1812508
2024-04-23 11:53:03.890, 0.33439696, 9.776475, 0.83090764, 7.635591E-5, 0.0, 3.0542363E-4, 0.32665363, 9.765155, 0.83991086, -17.8125, -15.093751, -8.53125, 4.5926873, -74.1812508
2024-04-23 11:53:04.896, 0.32482567, 9.769297, 0.8356933, -5.344914E-4, -7.635591E-5, 2.2906772E-4, 0.3257759, 9.765235, 0.83931375, -18.0375, -15.168751, -7.89375, 4.5926873, -74.1812508
2024-04-23 11:53:19.555, 0.32243285, 9.769297, 0.8380861, -7.635591E-5, -6.8720314E-4, 1.5271181E-4, 0.3253326, 9.765288, 0.8388634, -18.09375, -15.450001, -8.118751, 4.5926873, -74.1812508
2024-04-23 11:53:20.558, 0.3272185, 9.764511, 0.85244304, -5.344914E-4, 6.8720314E-4, 3.0542363E-4, 0.3262013, 9.765308, 0.838302, -17.7, -15.168751, -7.8562503, 4.5926873, -74.1812508
2024-04-23 11:53:21.709, 0.32482567, 9.776475, 0.83090764, 1.5271181E-4, -7.635591E-5, 2.2906772E-4, 0.32643956, 9.765254, 0.83883524, -18.337502, -15.243751, -7.5375004, 4.5926873, -74.1812508
2024-04-23 11:53:22.716, 0.33439696, 9.776475, 0.84047896, 1.5271181E-4, -0.0, -4.5813544E-4, 0.32654747, 9.765273, 0.8385638, -17.75625, -15.31875, -8.118751, 4.5926873, -74.1812508
2024-04-23 11:53:23.861, 0.32243285, 9.778868, 0.8285148, 2.2906772E-4, -7.635591E-5, 2.2906772E-4, 0.32655087, 9.765351, 0.83765566, -17.34375, -15.13125, -7.9125004, 4.5926873, -74.1812508
2024-04-23 11:53:24.864, 0.31764722, 9.771689, 0.8428718, -5.344914E-4, -1.5271181E-4, 2.2906772E-4, 0.3262016, 9.765322, 0.8381338, -18.075, -15.281251, -8.0625, 4.5926873, -74.1812508
2024-04-23 11:53:25.867, 0.32004002, 9.776475, 0.83090764, 0.0, -1.5271181E-4, -3.8177954E-4, 0.3260467, 9.765385, 0.83746344, -17.962502, -15.281251, -8.175, 4.5926873, -74.1812508
2024-04-23 11:53:34.895, 0.33439696, 9.786046, 0.8356933, 7.635591E-5, -2.2906772E-4, -3.8177954E-4, 0.32527035, 9.765327, 0.83842397, -17.868752, -14.531251, -7.8375, 4.5926873, -74.1812508
2024-04-23 11:54:21.336, 0.32243285, 9.783653, 0.8356933, 1.5271181E-4, 7.635591E-5, 1.5271181E-4, 0.3238715, 9.76525, 0.83986944, -17.625, -15.937501, -8.306251, 4.5926873, -74.1812508
2024-04-23 11:54:22.340, 0.33200413, 9.774082, 0.85483587, 7.635591E-5, 0.0, 7.635591E-5, 0.32519642, 9.765237, 0.83951306, -17.8875, -15.562501, -8.55, 4.5926873, -74.1812508
2024-04-23 11:54:23.360, 0.32004002, 9.778868, 0.84047896, 0.0, -7.635591E-5, -3.8177954E-4, 0.3262585, 9.765343, 0.8378754, -18.243752, -15.4125, -8.26875, 4.5926873, -74.1812508
2024-04-23 11:54:24.365, 0.32482567, 9.774082, 0.8380861, -6.8720314E-4, 0.0, 1.5271181E-4, 0.32593048, 9.765279, 0.83874273, -17.868752, -15.731251, -8.175, 4.5926873, -74.1812508
2024-04-23 11:54:25.370, 0.3272185, 9.766904, 0.8380861, 0.0, 6.1084726E-4, 3.0542363E-4, 0.32589433, 9.765225, 0.8393716, -18.056252, -14.775001, -8.0625, 4.5926873, -74.1812508
2024-04-23 11:54:26.377, 0.32243285, 9.769297, 0.84047896, -6.1084726E-4, -1.5271181E-4, 8.39915E-4, 0.32460627, 9.765393, 0.8379277, -17.6625, -15.656251, -8.493751, 4.5926873, -74.1812508
2024-04-23 11:54:27.385, 0.32482567, 9.776475, 0.8333005, 1.5271181E-4, -1.5271181E-4, -3.8177954E-4, 0.32531452, 9.765268, 0.83910877, -17.737501, -14.887501, -7.7812505, 4.5926873, -74.1812508
2024-04-23 11:54:28.389, 0.34157544, 9.766904, 0.84765744, 7.635591E-5, 7.635591E-5, -3.8177954E-4, 0.32551923, 9.765338, 0.83820504, -17.15625, -15.993751, -8.64375, 4.5926873, -74.1812508
2024-04-23 11:54:29.393, 0.3152544, 9.783653, 0.8285148, 6.1084726E-4, -7.635591E-5, 2.2906772E-4, 0.32593167, 9.765403, 0.83729315, -17.85, -15.187501, -8.400001, 4.5926873, -74.1812508
2024-04-23 11:54:30.398, 0.3272185, 9.771689, 0.8356933, -3.8177954E-4, -1.5271181E-4, 3.0542363E-4, 0.325148, 9.765318, 0.83858633, -17.34375, -14.887501, -8.25, 4.5926873, -74.1812508
2024-04-23 11:54:31.403, 0.32482567, 9.759726, 0.84047896, 1.5271181E-4, 6.1084726E-4, -3.8177954E-4, 0.32563028, 9.765269, 0.83897763, -18.300001, -15.562501, -7.6875005, 4.5926873, -74.1812508
2024-04-23 11:54:40.030, 0.33200413, 9.769297, 0.84765744, 7.635591E-5, 0.0012980504, 3.0542363E-4, 0.3267492, 9.765386, 0.83717626, -17.85, -15.6, -7.93125, 4.5926873, -74.1812508
2024-04-23 11:55:23.020, 0.32004002, 9.75494, 0.8356933, 0.0, 6.8720314E-4, 2.2906772E-4, 0.3275523, 9.765258, 0.838346, -18.31875, -15.7875, -7.8750005, 4.5926873, -74.1812508
2024-04-23 11:55:24.025, 0.31764722, 9.7812605, 0.8333005, -5.344914E-4, 7.635591E-5, -4.5813544E-4, 0.32570395, 9.765312, 0.83845246, -17.53125, -15.88125, -7.6312504, 4.5926873, -74.1812508
2024-04-23 11:55:25.030, 0.32961133, 9.776475, 0.8356933, 7.635591E-4, -7.635591E-5, 1.5271181E-4, 0.32672924, 9.765323, 0.8379254, -18.75, -15.168751, -7.9687505, 4.5926873, -74.1812508
2024-04-23 11:55:26.035, 0.33439696, 9.762118, 0.8428718, -5.344914E-4, 6.1084726E-4, 9.162709E-4, 0.32608548, 9.765374, 0.8375681, -17.868752, -15.20625, -7.9875, 4.5926873, -74.1812508
2024-04-23 11:55:27.074, 0.3272185, 9.7812605, 0.8333005, -7.635591E-5, -7.635591E-5, -5.344914E-4, 0.32718557, 9.765455, 0.83619004, -18.09375, -15.093751, -7.8187504, 4.5926873, -74.1812508
2024-04-23 11:55:28.079, 0.32243285, 9.774082, 0.84047896, 7.635591E-5, -6.8720314E-4, 1.5271181E-4, 0.32823834, 9.7654085, 0.836335, -18.206251, -15.243751, -7.8562503, 4.5926873, -74.1812508
2024-04-23 11:55:29.229, 0.33200413, 9.769297, 0.84765744, 1.5271181E-4, 6.1084726E-4, 3.0542363E-4, 0.32546392, 9.765487, 0.8364968, -17.7, -15.225, -8.38125, 4.5926873, -74.1812508
2024-04-23 11:55:30.233, 0.33200413, 9.769297, 0.8428718, 7.635591E-5, -0.0, 2.2906772E-4, 0.32666585, 9.765489, 0.83599925, -17.38125, -15.356251, -8.08125, 4.5926873, -74.1812508
2024-04-23 11:55:31.383, 0.3152544, 9.769297, 0.82612205, -5.344914E-4, -7.635591E-5, 3.0542363E-4, 0.32693732, 9.765469, 0.8361239, -18.056252, -14.6625, -7.5000005, 4.5926873, -74.1812508
2024-04-23 11:55:32.386, 0.33439696, 9.766904, 0.8380861, 1.5271181E-4, -7.635591E-5, 2.2906772E-4, 0.32575145, 9.765505, 0.8361748, -17.98125, -15.150001, -7.5375004, 4.5926873, -74.1812508
2024-04-23 11:55:33.426, 0.32243285, 9.762118, 0.83090764, 1.5271181E-4, 6.1084726E-4, -3.0542363E-4, 0.3256326, 9.7654, 0.8374589, -17.681252, -15.675, -7.9687505, 4.5926873, -74.1812508
2024-04-23 11:55:34.438, 0.3272185, 9.764511, 0.8380861, 1.5271181E-4, 7.635591E-5, 2.2906772E-4, 0.32651502, 9.765392, 0.8371772, -18.300001, -15.937501, -8.15625, 4.5926873, -74.1812508
2024-04-23 11:55:35.441, 0.32482567, 9.776475, 0.8333005, -6.1084726E-4, -7.635591E-5, 2.2906772E-4, 0.32698113, 9.765386, 0.83710027, -17.475, -15.225, -8.118751, 4.5926873, -74.1812508
2024-04-23 11:55:36.445, 0.33200413, 9.771689, 0.8452646, 1.5271181E-4, -5.344914E-4, 3.0542363E-4, 0.3271784, 9.765432, 0.8364673, -17.90625, -14.962501, -7.5937505, 4.5926873, -74.1812508
2024-04-23 11:55:37.453, 0.32961133, 9.766904, 0.8452646, -6.1084726E-4, -6.8720314E-4, 3.0542363E-4, 0.32536033, 9.765339, 0.8382612, -17.737501, -14.7375, -8.325001, 4.5926873, -74.1812508
2024-04-23 11:55:44.388, 0.33200413, 9.771689, 0.8333005, -6.1084726E-4, -7.635591E-5, 3.8177954E-4, 0.32715762, 9.765275, 0.83830136, -17.456251, -15.450001, -7.7812505, 4.5926873, -74.1812508
2024-04-23 11:55:45.393, 0.32482567, 9.771689, 0.83090764, -6.1084726E-4, -7.635591E-5, -3.8177954E-4, 0.32652953, 9.765403, 0.8370622, -17.98125, -15.31875, -8.025001, 4.5926873, -74.1812508
2024-04-23 11:55:46.398, 0.32961133, 9.759726, 0.8333005, -5.344914E-4, 7.635591E-5, -2.2906772E-4, 0.32737985, 9.765247, 0.83854854, -18.018751, -15.150001, -7.8375, 4.5926873, -74.1812508
2024-04-23 11:55:47.402, 0.32243285, 9.771689, 0.8333005, 1.5271181E-4, -0.0, -4.5813544E-4, 0.32622248, 9.765516, 0.8358593, -18.056252, -14.906251, -8.118751, 4.5926873, -74.1812508
2024-04-23 11:55:48.406, 0.32243285, 9.766904, 0.8333005, 7.635591E-5, -6.1084726E-4, -3.8177954E-4, 0.32714617, 9.765343, 0.83751684, -17.41875, -14.700001, -8.25, 4.5926873, -74.1812508
2024-04-23 11:55:49.411, 0.32243285, 9.771689, 0.8356933, 1.5271181E-4, -7.635591E-5, -3.0542363E-4, 0.32654476, 9.765311, 0.8381289, -18.13125, -15.075001, -8.025001, 4.5926873, -74.1812508
2024-04-23 11:55:57.155, 0.3272185, 9.774082, 0.8428718, -0.0, 0.0, 2.2906772E-4, 0.32781717, 9.765451, 0.8359996, -17.475, -14.775001, -7.4812503, 4.5926873, -74.1812508
2024-04-23 11:56:01.989, 0.32243285, 9.771689, 0.8380861, -4.5813544E-4, 0.0, 2.2906772E-4, 0.32674697, 9.765343, 0.83767414, -17.94375, -14.718751, -8.231251, 4.5926873, -74.1812508
2024-04-23 11:56:18.728, 0.32482567, 9.771689, 0.8428718, 7.635591E-5, -0.0, -3.0542363E-4, 0.32655758, 9.765322, 0.83799285, -17.79375, -15.01875, -7.8, 4.5926873, -74.1812508
2024-04-23 11:56:23.101, 0.3272185, 9.762118, 0.8356933, 7.635591E-5, -7.635591E-5, 3.0542363E-4, 0.32784295, 9.765204, 0.8388635, -17.53125, -15.31875, -7.8375, 4.5926873, -74.1812508
2024-04-23 11:56:24.115, 0.3152544, 9.771689, 0.84047896, -4.5813544E-4, 6.1084726E-4, -2.2906772E-4, 0.32723236, 9.765332, 0.8376175, -17.8125, -15.13125, -8.212501, 4.5926873, -74.1812508
2024-04-23 11:56:25.121, 0.33200413, 9.774082, 0.84765744, -0.0, 6.1084726E-4, 3.8177954E-4, 0.32815772, 9.765341, 0.8371448, -18.393751, -15.50625, -7.7250004, 4.5926873, -74.1812508
2024-04-23 11:56:26.130, 0.3272185, 9.776475, 0.8356933, 1.5271181E-4, -5.344914E-4, -4.5813544E-4, 0.32637757, 9.765387, 0.83731925, -18.28125, -15.4875, -8.15625, 4.5926873, -74.1812508
2024-04-23 11:56:27.136, 0.31046873, 9.783653, 0.8237292, -4.5813544E-4, -6.1084726E-4, -3.0542363E-4, 0.32663792, 9.765278, 0.8384771, -18.31875, -14.175, -7.6312504, 4.5926873, -74.1812508
2024-04-23 11:56:28.140, 0.32961133, 9.776475, 0.8380861, 7.635591E-5, 7.635591E-5, 2.2906772E-4, 0.3268129, 9.765309, 0.8380414, -17.71875, -15.075001, -8.25, 4.5926873, -74.1812508
2024-04-23 11:56:29.143, 0.3152544, 9.774082, 0.8333005, -5.344914E-4, 0.0, 2.2906772E-4, 0.3270627, 9.7653, 0.8380563, -18.018751, -15.262501, -8.19375, 4.5926873, -74.1812508
2024-04-23 11:56:35.146, 0.32243285, 9.769297, 0.8428718, 1.5271181E-4, 7.635591E-5, 2.2906772E-4, 0.32880685, 9.765396, 0.83625585, -17.71875, -15.76875, -7.8187504, 4.5926873, -74.1812508
2024-04-23 11:57:25.659, 0.32482567, 9.769297, 0.8380861, -3.8177954E-4, 7.635591E-5, 1.5271181E-4, 0.32397196, 9.765227, 0.84010655, -17.71875, -15.731251, -7.9875, 4.5926873, -74.1812508
2024-04-23 11:57:26.665, 0.32482567, 9.771689, 0.8380861, 7.635591E-5, 7.635591E-5, -4.5813544E-4, 0.32414243, 9.765371, 0.8383478, -17.4375, -16.21875, -8.118751, 4.5926873, -74.1812508
2024-04-23 11:57:27.670, 0.33918262, 9.771689, 0.8428718, -5.344914E-4, 7.635591E-5, 3.0542363E-4, 0.32473287, 9.765269, 0.83931077, -18.0, -15.525001, -8.137501, 4.5926873, -74.1812508
2024-04-23 11:57:28.673, 0.33200413, 9.771689, 0.84047896, -6.8720314E-4, -0.0, -3.8177954E-4, 0.32570735, 9.765187, 0.83988476, -18.018751, -15.243751, -8.0625, 4.5926873, -74.1812508
2024-04-23 11:57:29.676, 0.3272185, 9.766904, 0.8452646, 6.8720314E-4, -6.8720314E-4, -3.0542363E-4, 0.32596883, 9.76547, 0.8365037, -17.025002, -15.6, -7.36875, 4.5926873, -74.1812508
2024-04-23 11:57:30.733, 0.32243285, 9.774082, 0.84047896, -0.0010689828, 0.0, -3.8177954E-4, 0.32524234, 9.7652645, 0.83916956, -17.625, -15.20625, -8.325001, 4.5926873, -74.1812508
2024-04-23 11:57:31.739, 0.33439696, 9.759726, 0.8452646, 8.39915E-4, 2.2906772E-4, -3.8177954E-4, 0.32512426, 9.765364, 0.8380696, -17.493752, -15.431251, -8.26875, 4.5926873, -74.1812508
2024-04-23 11:57:32.840, 0.32482567, 9.771689, 0.8333005, 7.635591E-5, -0.0, 1.5271181E-4, 0.3248771, 9.765359, 0.8382123, -17.625, -15.20625, -7.7250004, 4.5926873, -74.1812508
2024-04-23 11:57:33.852, 0.31764722, 9.7812605, 0.8285148, 7.635591E-5, -5.344914E-4, -3.8177954E-4, 0.32485074, 9.765377, 0.8380233, -18.056252, -15.731251, -7.8375, 4.5926873, -74.1812508
2024-04-23 11:57:34.855, 0.33200413, 9.771689, 0.8380861, -6.1084726E-4, 0.0, 3.0542363E-4, 0.3255701, 9.765222, 0.8395451, -17.325, -15.075001, -7.93125, 4.5926873, -74.1812508
2024-04-23 11:57:39.920, 0.32482567, 9.764511, 0.8380861, -6.8720314E-4, -5.344914E-4, -2.2906772E-4, 0.3245425, 9.765184, 0.8403858, -18.2625, -15.187501, -7.9500003, 4.5926873, -74.1812508
2024-04-23 11:57:40.927, 0.31764722, 9.766904, 0.8285148, 7.635591E-5, -6.1084726E-4, 2.2906772E-4, 0.32521865, 9.765192, 0.840026, -17.325, -14.55, -8.137501, 4.5926873, -74.1812508
2024-04-23 11:57:41.932, 0.32004002, 9.762118, 0.8428718, 7.635591E-5, 6.8720314E-4, 3.8177954E-4, 0.3241064, 9.765224, 0.8400763, -17.7, -15.50625, -8.118751, 4.5926873, -74.1812508
2024-04-23 11:57:42.936, 0.32961133, 9.766904, 0.8333005, 7.635591E-5, 6.1084726E-4, 3.0542363E-4, 0.3243311, 9.765119, 0.84122825, -17.775002, -15.543751, -8.118751, 4.5926873, -74.1812508
2024-04-23 11:57:43.941, 0.31764722, 9.778868, 0.8356933, -5.344914E-4, 7.635591E-5, -3.0542363E-4, 0.32422853, 9.765186, 0.84047323, -18.018751, -15.225, -8.56875, 4.5926873, -74.1812508
2024-04-23 11:57:44.944, 0.32243285, 9.764511, 0.8380861, -4.5813544E-4, 6.8720314E-4, -3.0542363E-4, 0.32412624, 9.765167, 0.8407324, -17.41875, -15.50625, -7.7625003, 4.5926873, -74.1812508
2024-04-23 11:57:45.948, 0.34157544, 9.771689, 0.8500503, 7.635591E-5, -0.0, 2.2906772E-4, 0.32366025, 9.7653055, 0.8393059, -17.681252, -15.4875, -7.7250004, 4.5926873, -74.1812508
2024-04-23 11:57:46.952, 0.31764722, 9.778868, 0.83090764, 2.2906772E-4, -0.0, 3.0542363E-4, 0.32484153, 9.765274, 0.83921576, -17.60625, -15.1125, -8.34375, 4.5926873, -74.1812508
2024-04-23 11:57:47.956, 0.3080759, 9.766904, 0.8380861, 2.2906772E-4, -0.0, 2.2906772E-4, 0.32484102, 9.765217, 0.83988297, -17.60625, -15.000001, -8.700001, 4.5926873, -74.1812508
2024-04-23 11:57:48.961, 0.32243285, 9.774082, 0.8333005, 1.5271181E-4, -0.0, -3.0542363E-4, 0.3247914, 9.765237, 0.8396722, -17.775002, -14.962501, -8.19375, 4.5926873, -74.1812508
2024-04-23 11:57:59.773, 0.33200413, 9.769297, 0.8644072, 6.8720314E-4, 6.8720314E-4, 3.0542363E-4, 0.32522374, 9.765182, 0.8401496, -17.90625, -15.281251, -8.118751, 4.5926873, -74.1812508
2024-04-23 11:58:10.099, 0.32243285, 9.764511, 0.8500503, -4.5813544E-4, 1.5271181E-4, -2.2906772E-4, 0.32452264, 9.765345, 0.8385178, -17.775002, -15.31875, -8.75625, 4.5926873, -74.1812508
2024-04-23 11:58:11.106, 0.3272185, 9.771689, 0.83090764, -5.344914E-4, -5.344914E-4, -3.0542363E-4, 0.3268438, 9.765108, 0.8403782, -17.75625, -15.375001, -8.19375, 4.5926873, -74.1812508
2024-04-23 11:58:12.220, 0.3272185, 9.762118, 0.8333005, 6.8720314E-4, -5.344914E-4, 3.8177954E-4, 0.32474366, 9.765382, 0.8380084, -17.75625, -14.925, -8.38125, 4.5926873, -74.1812508
2024-04-23 11:58:13.225, 0.32243285, 9.774082, 0.84047896, 3.0542363E-4, -4.5813544E-4, 3.0542363E-4, 0.32592008, 9.765118, 0.8406035, -18.1875, -14.925, -8.15625, 4.5926873, -74.1812508
2024-04-23 11:58:16.089, 0.32004002, 9.769297, 0.8356933, -4.5813544E-4, 0.0, 3.8177954E-4, 0.32461134, 9.765161, 0.8406237, -18.056252, -15.281251, -7.9687505, 4.5926873, -74.1812508
2024-04-23 11:58:26.643, 0.31286156, 9.766904, 0.84047896, 3.0542363E-4, -5.344914E-4, -3.8177954E-4, 0.32634595, 9.765141, 0.8401935, -17.79375, -14.75625, -7.8187504, 4.5926873, -74.1812508
2024-04-23 11:58:27.667, 0.3272185, 9.759726, 0.83090764, 3.0542363E-4, -7.635591E-5, 2.2906772E-4, 0.32590243, 9.765078, 0.8410942, -17.925001, -15.750001, -7.8375, 4.5926873, -74.1812508
2024-04-23 11:58:28.673, 0.33439696, 9.764511, 0.8380861, 7.635591E-5, 1.5271181E-4, -3.0542363E-4, 0.32519484, 9.765039, 0.84179974, -17.8125, -15.88125, -7.65, 4.5926873, -74.1812508
2024-04-23 11:58:29.677, 0.34157544, 9.762118, 0.8452646, 7.635591E-5, -0.0, 3.0542363E-4, 0.32518026, 9.76508, 0.84133655, -18.112501, -15.825001, -8.212501, 4.5926873, -74.1812508
2024-04-23 11:58:30.682, 0.32482567, 9.759726, 0.83090764, 7.635591E-5, 7.635591E-5, 1.5271181E-4, 0.32531217, 9.76513, 0.84071034, -17.79375, -15.543751, -8.2875, 4.5926873, -74.1812508
2024-04-23 11:58:31.687, 0.31764722, 9.771689, 0.8380861, 2.2906772E-4, 6.1084726E-4, -4.5813544E-4, 0.32426545, 9.765216, 0.840124, -17.831251, -15.731251, -7.8, 4.5926873, -74.1812508
2024-04-23 11:58:32.692, 0.3260221, 9.780065, 0.8488538, 3.0542363E-4, -2.2906772E-4, -3.0542363E-4, 0.32543242, 9.765347, 0.8381494, -17.306252, -14.75625, -7.93125, 4.5926873, -74.1812508
2024-04-23 11:58:33.695, 0.33320054, 9.774082, 0.8428718, -0.0, 3.8177954E-4, 0.0, 0.3247916, 9.765234, 0.83970886, -18.0, -15.187501, -8.606251, 4.5926873, -74.1812508
2024-04-23 11:58:34.700, 0.3272185, 9.764511, 0.8356933, -3.0542363E-4, 7.635591E-5, -6.1084726E-4, 0.32402754, 9.765429, 0.8377303, -17.081251, -14.775001, -7.6875005, 4.5926873, -74.1812508
2024-04-23 11:58:35.703, 0.31286156, 9.771689, 0.84047896, 3.0542363E-4, -3.0542363E-4, 1.5271181E-4, 0.3240228, 9.765292, 0.8393338, -17.681252, -14.793751, -7.7812505, 4.5926873, -74.1812508
2024-04-23 11:58:36.708, 0.3164508, 9.765707, 0.83090764, -3.0542363E-4, -5.344914E-4, -3.0542363E-4, 0.3256701, 9.765363, 0.83786005, -18.525002, -15.1125, -8.56875, 4.5926873, -74.1812508
2024-04-23 11:58:37.713, 0.33320054, 9.759726, 0.8380861, 3.0542363E-4, -6.8720314E-4, 7.635591E-5, 0.32585093, 9.765223, 0.83942777, -17.925001, -15.3, -8.64375, 4.5926873, -74.1812508
2024-04-23 11:58:38.718, 0.31405798, 9.775279, 0.84047896, -3.0542363E-4, 1.5271181E-4, 1.5271181E-4, 0.3253757, 9.765316, 0.83852243, -17.587502, -14.906251, -7.3125005, 4.5926873, -74.1812508
2024-04-23 11:58:39.721, 0.32243285, 9.764511, 0.84406817, -7.635591E-5, 3.8177954E-4, 7.635591E-4, 0.32418135, 9.7652855, 0.8393336, -17.831251, -15.13125, -8.137501, 4.5926873, -74.1812508
2024-04-23 11:58:40.726, 0.32362926, 9.758529, 0.846461, -7.635591E-5, 0.0, -3.0542363E-4, 0.32500902, 9.765255, 0.839386, -17.400002, -14.812501, -8.418751, 4.5926873, -74.1812508
2024-04-23 11:58:41.732, 0.33200413, 9.7704935, 0.8333005, -1.5271181E-4, -5.344914E-4, -8.39915E-4, 0.32673594, 9.765321, 0.83794165, -18.018751, -14.868751, -7.9500003, 4.5926873, -74.1812508
2024-04-23 11:58:42.738, 0.33559337, 9.772886, 0.8452646, 4.5813544E-4, 3.8177954E-4, -2.2906772E-4, 0.325863, 9.765337, 0.8380941, -17.775002, -14.793751, -7.33125, 4.5926873, -74.1812508
2024-04-23 11:58:43.744, 0.3164508, 9.763314, 0.8356933, -1.5271181E-4, -0.0011453386, -8.39915E-4, 0.32738522, 9.765136, 0.8398413, -17.625, -14.250001, -7.36875, 4.5926873, -74.1812508
2024-04-23 11:58:44.749, 0.31405798, 9.780065, 0.8177471, -1.5271181E-4, -2.2906772E-4, -3.0542363E-4, 0.32509705, 9.76514, 0.8406786, -17.1, -15.150001, -7.6312504, 4.5926873, -74.1812508
2024-04-23 11:58:45.755, 0.32841492, 9.769297, 0.8356933, -2.2906772E-4, -9.162709E-4, 7.635591E-5, 0.3249534, 9.765101, 0.8411772, -17.4375, -14.625001, -7.93125, 4.5926873, -74.1812508
2024-04-23 11:58:46.760, 0.3164508, 9.763314, 0.84047896, 3.0542363E-4, 7.635591E-5, -1.5271181E-4, 0.3260377, 9.765169, 0.83998775, -17.831251, -15.20625, -8.493751, 4.5926873, -74.1812508
2024-04-23 11:58:47.765, 0.32243285, 9.759726, 0.8356933, 2.2906772E-4, 1.5271181E-4, -4.5813544E-4, 0.32578626, 9.765122, 0.8406067, -17.625, -15.262501, -7.6687503, 4.5926873, -74.1812508
2024-04-23 11:58:48.771, 0.32362926, 9.7704935, 0.8249256, 1.5271181E-4, -3.0542363E-4, 0.0, 0.32578215, 9.765263, 0.8389962, -17.94375, -14.718751, -8.137501, 4.5926873, -74.1812508
2024-04-23 11:58:49.776, 0.32841492, 9.776475, 0.8428718, -3.8177954E-4, -1.5271181E-4, 3.8177954E-4, 0.32460457, 9.765273, 0.83932245, -17.550001, -14.156251, -8.231251, 4.5926873, -74.1812508
2024-04-23 11:58:50.782, 0.3188436, 9.772886, 0.85124665, -4.5813544E-4, -7.635591E-5, -2.2906772E-4, 0.3239975, 9.765106, 0.84149987, -17.41875, -15.262501, -7.51875, 4.5926873, -74.1812508
2024-04-23 11:58:51.790, 0.32961133, 9.780065, 0.84765744, 5.344914E-4, -2.2906772E-4, -1.5271181E-4, 0.3260386, 9.765017, 0.84174085, -17.493752, -15.375001, -8.400001, 4.5926082, -74.1811203
2024-04-23 11:58:52.796, 0.31764722, 9.765707, 0.846461, 7.635591E-5, -4.5813544E-4, -2.2906772E-4, 0.32592392, 9.765188, 0.8397998, -18.28125, -14.83125, -8.118751, 4.5926112, -74.1811349
2024-04-23 11:58:53.803, 0.3260221, 9.771689, 0.8333005, -7.635591E-5, -5.344914E-4, 1.5271181E-4, 0.32465234, 9.765232, 0.83977985, -17.831251, -15.543751, -8.1, 4.5926118, -74.1811379
2024-04-23 11:58:54.812, 0.3152544, 9.7681, 0.81655073, -3.0542363E-4, -6.8720314E-4, 1.5271181E-4, 0.32552078, 9.765249, 0.8392354, -18.1875, -14.56875, -7.6312504, 4.5926123, -74.1811432
2024-04-23 11:58:55.818, 0.32243285, 9.758529, 0.8380861, 1.5271181E-4, 4.5813544E-4, 1.5271181E-4, 0.32581854, 9.7652445, 0.8391904, -17.550001, -15.000001, -8.3625, 4.592613, -74.1811506
2024-04-23 11:58:56.828, 0.32961133, 9.763314, 0.85244304, 3.0542363E-4, 4.5813544E-4, -6.1084726E-4, 0.32465526, 9.765148, 0.8407619, -18.0, -14.6625, -7.6312504, 4.5926137, -74.1811588
2024-04-23 11:58:57.833, 0.30329028, 9.7501545, 0.88354975, -1.5271181E-4, 2.2906772E-4, -1.5271181E-4, 0.32530305, 9.765224, 0.8396246, -17.53125, -15.168751, -7.8562503, 4.5926142, -74.1811672
2024-04-23 11:58:58.842, 0.34636107, 9.783653, 0.8069794, 1.5271181E-4, 4.5813544E-4, 2.2906772E-4, 0.3259694, 9.765282, 0.8387047, -17.85, -15.262501, -7.9125004, 4.5926153, -74.1811742
2024-04-23 11:58:59.847, 0.32961133, 9.752547, 0.8356933, -5.344914E-4, 4.5813544E-4, 6.8720314E-4, 0.32463723, 9.765236, 0.83973145, -17.75625, -15.675, -7.4812503, 4.5926162, -74.181179
2024-04-23 11:59:00.851, 0.3272185, 9.7812605, 0.8668, -7.635591E-5, -8.39915E-4, 3.8177954E-4, 0.32528254, 9.765179, 0.84014916, -17.306252, -14.437501, -7.9687505, 4.5926186, -74.1812203
2024-04-23 11:59:01.855, 0.31046873, 9.766904, 0.87158567, -5.344914E-4, -1.5271181E-4, -5.344914E-4, 0.3264337, 9.765302, 0.8382837, -17.625, -14.56875, -7.3500004, 4.5926198, -74.1812446
2024-04-23 11:59:02.860, 0.3152544, 9.752547, 0.8811569, 0.0, -1.5271181E-4, -1.5271181E-4, 0.3247952, 9.765296, 0.8389816, -17.962502, -14.56875, -8.137501, 4.5926203, -74.1812609
2024-04-23 11:59:03.864, 0.32482567, 9.776475, 0.8285148, -5.344914E-4, 6.1084726E-4, 7.635591E-4, 0.32576632, 9.765182, 0.8399353, -17.8125, -14.7375, -7.8750005, 4.5926207, -74.1812714
2024-04-23 11:59:04.869, 0.32482567, 9.75494, 0.84765744, -5.344914E-4, -4.5813544E-4, -4.5813544E-4, 0.3254752, 9.765147, 0.84045446, -17.71875, -15.187501, -8.55, 4.5926209, -74.1812785
2024-04-23 11:59:05.877, 0.31046873, 9.776475, 0.8428718, 2.2906772E-4, 3.0542363E-4, 1.5271181E-4, 0.32585183, 9.765291, 0.83862144, -17.8875, -15.375001, -7.5750003, 4.592621, -74.1812863
2024-04-23 11:59:06.881, 0.293719, 9.762118, 0.8787641, 3.8177954E-4, -2.2906772E-4, -2.2906772E-4, 0.32509914, 9.765295, 0.8388833, -17.75625, -15.093751, -7.5937505, 4.5926209, -74.1812896
2024-04-23 11:59:07.886, 0.30329028, 9.752547, 0.87637126, -1.5271181E-4, -3.8177954E-4, 1.5271181E-4, 0.32538173, 9.765316, 0.83852017, -17.625, -14.925, -7.275, 4.592621, -74.1812894
2024-04-23 11:59:08.891, 0.33918262, 9.793225, 0.82612205, 1.5271181E-4, -3.0542363E-4, 7.635591E-5, 0.32490042, 9.765313, 0.8387411, -17.71875, -15.39375, -7.9500003, 4.5926212, -74.1812897
2024-04-23 11:59:09.897, 0.31764722, 9.759726, 0.8333005, 3.8177954E-4, 4.5813544E-4, 0.0, 0.324588, 9.765411, 0.83771056, -17.15625, -15.0375, -7.0312505, 4.5926212, -74.1812895
2024-04-23 11:59:10.903, 0.293719, 9.764511, 0.8572287, -5.344914E-4, 4.5813544E-4, 4.5813544E-4, 0.32624355, 9.765309, 0.83826333, -17.25, -14.962501, -7.5375004, 4.5926211, -74.1812898
2024-04-23 11:59:11.907, 0.3080759, 9.7501545, 0.8859426, -4.5813544E-4, -7.635591E-5, -2.2906772E-4, 0.32577494, 9.765366, 0.8377926, -17.625, -16.03125, -7.70625, 4.5926211, -74.1812905
2024-04-23 11:59:12.912, 0.3056831, 9.752547, 0.87158567, -5.344914E-4, -3.8177954E-4, 1.5271181E-4, 0.32478362, 9.765436, 0.8373596, -17.85, -15.543751, -7.5375004, 4.5926211, -74.1812904
2024-04-23 11:59:13.917, 0.3367898, 9.7812605, 0.8285148, -0.0, -7.635591E-5, 3.8177954E-4, 0.32479224, 9.765257, 0.83943343, -17.681252, -15.1125, -7.9500003, 4.5926211, -74.1812905
2024-04-23 11:59:14.922, 0.3080759, 9.771689, 0.8452646, -7.635591E-5, -0.0, -7.635591E-5, 0.32543156, 9.765227, 0.83953005, -17.306252, -14.868751, -7.8, 4.5926211, -74.1812905
2024-04-23 11:59:15.928, 0.3056831, 9.762118, 0.85244304, -4.5813544E-4, -3.0542363E-4, 5.344914E-4, 0.32394302, 9.765291, 0.83937347, -17.775002, -15.225, -8.45625, 4.5926211, -74.1812905
2024-04-23 11:59:16.934, 0.31046873, 9.7501545, 0.8979067, -2.2906772E-4, 5.344914E-4, -2.2906772E-4, 0.32541555, 9.76508, 0.8412547, -17.5125, -14.56875, -8.175, 4.592621, -74.1812905
2024-04-23 11:59:17.939, 0.32961133, 9.764511, 0.86919284, 7.635591E-5, -0.0, -6.1084726E-4, 0.3269262, 9.765167, 0.83964926, -18.018751, -14.45625, -7.55625, 4.592621, -74.1812905
2024-04-23 11:59:18.943, 0.31046873, 9.788439, 0.8213364, 2.2906772E-4, -4.5813544E-4, -3.0542363E-4, 0.3273026, 9.765145, 0.83976, -17.6625, -15.58125, -8.137501, 4.5926209, -74.1812905
2024-04-23 11:59:19.949, 0.3272185, 9.757333, 0.8644072, 1.5271181E-4, -7.635591E-5, 3.8177954E-4, 0.3271917, 9.76511, 0.84021485, -17.493752, -14.925, -7.8187504, 4.5926209, -74.1812905
2024-04-23 11:59:20.954, 0.3080759, 9.762118, 0.8955139, -5.344914E-4, -1.5271181E-4, -4.5813544E-4, 0.32753593, 9.765156, 0.8395485, -18.112501, -14.64375, -7.6875005, 4.5926209, -74.1812904
2024-04-23 11:59:21.959, 0.31286156, 9.759726, 0.8787641, -2.2906772E-4, 1.5271181E-4, 3.8177954E-4, 0.32580283, 9.765287, 0.8386954, -18.0, -14.400001, -8.1, 4.5926211, -74.1812905
2024-04-23 11:59:22.964, 0.32482567, 9.752547, 0.8428718, -7.635591E-5, 8.39915E-4, 7.635591E-5, 0.3260673, 9.765357, 0.8377732, -18.206251, -15.13125, -7.9500003, 4.5926211, -74.1812905
2024-04-23 11:59:23.969, 0.31286156, 9.776475, 0.8428718, 7.635591E-5, -3.8177954E-4, -1.5271181E-4, 0.3256854, 9.765173, 0.8400532, -17.6625, -14.887501, -7.8375, 4.5926211, -74.1812904
2024-04-23 11:59:24.975, 0.29850462, 9.752547, 0.8596215, 7.635591E-5, -1.5271181E-4, -2.2906772E-4, 0.3261099, 9.765292, 0.8385106, -18.13125, -14.587501, -8.25, 4.5926211, -74.1812904
2024-04-23 11:59:25.981, 0.3080759, 9.757333, 0.8811569, -0.0, 5.344914E-4, -1.5271181E-4, 0.32692215, 9.765211, 0.8391448, -17.775002, -14.812501, -7.65, 4.5926209, -74.1812903
2024-04-23 11:59:26.987, 0.31286156, 9.747761, 0.8811569, -5.344914E-4, -3.8177954E-4, 4.5813544E-4, 0.32600144, 9.765275, 0.83876324, -17.643751, -14.94375, -8.137501, 4.5926209, -74.1812904
2024-04-23 11:59:27.991, 0.32243285, 9.7501545, 0.85483587, -0.0, 3.0542363E-4, 1.5271181E-4, 0.32544976, 9.765246, 0.83930075, -17.98125, -14.475, -8.6625, 4.5926209, -74.1812904
2024-04-23 11:59:28.995, 0.3080759, 9.776475, 0.8237292, -2.2906772E-4, -3.8177954E-4, 1.5271181E-4, 0.32582763, 9.7652645, 0.83895314, -17.2875, -14.325001, -7.93125, 4.5926211, -74.1812905
2024-04-23 11:59:29.999, 0.29850462, 9.757333, 0.8787641, -1.5271181E-4, 4.5813544E-4, 7.635591E-5, 0.32507622, 9.76526, 0.8392967, -18.1875, -14.981251, -7.2562504, 4.5926213, -74.1812905
2024-04-23 11:59:31.005, 0.3152544, 9.757333, 0.8739785, 8.39915E-4, -5.344914E-4, -1.5271181E-4, 0.32429582, 9.765379, 0.838209, -17.8875, -14.512501, -7.4625, 4.5926213, -74.1812905
2024-04-23 11:59:32.013, 0.32004002, 9.745368, 0.87158567, -1.5271181E-4, -4.5813544E-4, 7.635591E-4, 0.32589194, 9.765295, 0.8385694, -17.868752, -14.64375, -7.6125, 4.5926213, -74.1812905
2024-04-23 11:59:33.022, 0.32482567, 9.762118, 0.8356933, -0.0, 5.344914E-4, 2.2906772E-4, 0.32613036, 9.7652, 0.83958584, -18.28125, -15.150001, -7.36875, 4.5926213, -74.1812906
2024-04-23 11:59:34.026, 0.34396824, 9.762118, 0.8069794, 6.1084726E-4, 3.0542363E-4, 6.1084726E-4, 0.32558694, 9.765305, 0.83857095, -17.925001, -14.94375, -7.9125004, 4.5926213, -74.1812906
2024-04-23 11:59:35.030, 0.34157544, 9.778868, 0.8045866, 5.344914E-4, 5.344914E-4, 3.8177954E-4, 0.32448784, 9.765102, 0.8413455, -18.13125, -14.83125, -7.6875005, 4.5926213, -74.1812906
2024-04-23 11:59:36.035, 0.3056831, 9.745368, 0.87637126, 0.0, -8.39915E-4, -1.5271181E-4, 0.3247065, 9.76514, 0.8408268, -17.94375, -14.75625, -7.6875005, 4.5926213, -74.1812906
2024-04-23 11:59:37.040, 0.3080759, 9.766904, 0.8428718, 0.0, -7.635591E-4, -1.5271181E-4, 0.32341832, 9.765308, 0.8393783, -17.8875, -15.093751, -7.8375, 4.5926213, -74.1812906
2024-04-23 11:59:38.046, 0.33439696, 9.762118, 0.85244304, -3.8177954E-4, 2.2906772E-4, 1.5271181E-4, 0.32450908, 9.7653, 0.83904773, -17.625, -15.262501, -7.93125, 4.5926213, -74.1812906
2024-04-23 11:59:45.908, 0.34396824, 9.778868, 0.8117651, 2.2906772E-4, -6.8720314E-4, -4.5813544E-4, 0.32531342, 9.765097, 0.84109735, -17.212502, -14.75625, -8.137501, 4.5926213, -74.1812906
2024-04-23 11:59:46.912, 0.2961118, 9.7501545, 0.87637126, 3.0542363E-4, 5.344914E-4, -2.2906772E-4, 0.3252824, 9.765082, 0.84127647, -17.681252, -15.356251, -7.8562503, 4.5926213, -74.1812906
2024-04-23 11:59:47.916, 0.293719, 9.747761, 0.8787641, -0.0010689828, -1.5271181E-4, -1.5271181E-4, 0.3252938, 9.765128, 0.8407321, -17.7, -14.775001, -7.7625003, 4.5926213, -74.1812906
2024-04-23 11:59:48.921, 0.32004002, 9.759726, 0.8428718, 9.162709E-4, 7.635591E-5, -1.5271181E-4, 0.3263356, 9.765305, 0.8382909, -17.94375, -15.225, -7.74375, 4.5926213, -74.1812906
2024-04-23 11:59:49.926, 0.33439696, 9.7812605, 0.84765744, 3.0542363E-4, 7.635591E-5, -1.5271181E-4, 0.32749623, 9.765047, 0.84082794, -17.587502, -15.618751, -8.19375, 4.5926213, -74.1812906
2024-04-23 11:59:51.593, 0.32482567, 9.764511, 0.8380861, -3.0542363E-4, 7.635591E-5, -1.5271181E-4, 0.32614148, 9.765086, 0.8408971, -17.8875, -14.85, -6.99375, 4.5926213, -74.1812906
2024-04-23 11:59:52.606, 0.32961133, 9.771689, 0.8213364, -9.162709E-4, 1.5271181E-4, 3.8177954E-4, 0.3258191, 9.765024, 0.8417446, -17.550001, -14.681251, -7.5937505, 4.5926213, -74.1812906
2024-04-23 11:59:53.613, 0.31764722, 9.771689, 0.8356933, -3.8177954E-4, 2.2906772E-4, 5.344914E-4, 0.3257399, 9.76505, 0.8414736, -17.681252, -15.01875, -7.8, 4.5926213, -74.1812906
2024-04-23 11:59:54.619, 0.33200413, 9.774082, 0.8452646, 3.0542363E-4, 3.0542363E-4, -2.2906772E-4, 0.3251545, 9.765212, 0.8398144, -17.90625, -15.6, -8.53125, 4.5926213, -74.1812906
2024-04-23 11:59:55.625, 0.31764722, 9.774082, 0.84047896, -3.8177954E-4, -4.5813544E-4, 4.5813544E-4, 0.32645226, 9.765119, 0.84041274, -17.6625, -14.45625, -8.53125, 4.5926213, -74.1812906
2024-04-23 11:59:56.750, 0.32961133, 9.764511, 0.8500503, 2.2906772E-4, 1.5271181E-4, -1.5271181E-4, 0.32560772, 9.76513, 0.84059143, -17.98125, -15.88125, -7.6125, 4.5926213, -74.1812906
2024-04-23 11:59:57.755, 0.31764722, 9.766904, 0.8356933, 2.2906772E-4, 2.2906772E-4, -1.5271181E-4, 0.32565618, 9.765045, 0.8415626, -18.375, -14.231251, -7.7250004, 4.5926213, -74.1812906
2024-04-23 11:59:58.759, 0.32482567, 9.776475, 0.84047896, 9.162709E-4, -4.5813544E-4, 3.8177954E-4, 0.32452103, 9.765028, 0.8422081, -17.493752, -15.39375, -8.25, 4.5926213, -74.1812906
2024-04-23 11:59:59.762, 0.33200413, 9.771689, 0.8428718, 2.2906772E-4, 7.635591E-5, 4.5813544E-4, 0.32588094, 9.765102, 0.8408058, -18.6, -14.625001, -7.4437504, 4.5926213, -74.1812906
