2024-07-24 22:00:00.856, -1.0540384, 9.526425, -0.8129615, 7.635591E-5, -1.5271181E-4, -7.635591E-5, -0.83908886, 9.745047, -0.7073802, 24.91875, 272.36252, -13.875001, 4.5926075, -74.1810619
2024-07-24 22:00:02.655, -1.0444671, 9.512068, -0.80578303, 7.635591E-5, -1.5271181E-4, -7.635591E-5, -0.83908886, 9.745047, -0.7073802, 25.575, 272.83127, -13.106251, 4.5926075, -74.1810619
2024-07-24 22:00:03.659, -1.0301101, 9.52164, -0.8009974, 7.635591E-5, -1.5271181E-4, -7.635591E-5, -0.83908886, 9.745047, -0.7073802, 25.031252, 272.6625, -13.031251, 4.5926075, -74.1810619
2024-07-24 22:00:05.010, -1.0420742, 9.533604, -0.8105687, 7.635591E-5, -1.5271181E-4, -7.635591E-5, -0.83908886, 9.745047, -0.7073802, 24.7875, 272.90625, -13.05, 4.5926075, -74.1810619
2024-07-24 22:00:07.472, -1.0372887, 9.533604, -0.80817586, 7.635591E-5, -1.5271181E-4, -7.635591E-5, -0.83908886, 9.745047, -0.7073802, 25.312502, 273.15002, -13.70625, 4.5926075, -74.1810619
2024-07-24 22:00:08.477, -1.018146, 9.538389, -0.80578303, 7.635591E-5, -1.5271181E-4, -7.635591E-5, -0.83908886, 9.745047, -0.7073802, 24.900002, 272.475, -12.806251, 4.5926075, -74.1810619
2024-07-24 22:00:09.482, -1.0492527, 9.528818, -0.80817586, 7.635591E-5, -1.5271181E-4, -7.635591E-5, -0.83908886, 9.745047, -0.7073802, 25.06875, 273.0375, -14.08125, 4.5926075, -74.1810619
2024-07-24 22:00:12.035, -1.0468599, 9.535996, -0.80578303, 7.635591E-5, -1.5271181E-4, -7.635591E-5, -0.83908886, 9.745047, -0.7073802, 25.48125, 272.8875, -13.368751, 4.5926075, -74.1810619
2024-07-24 22:00:13.038, -1.0301101, 9.524033, -0.8105687, 7.635591E-5, -1.5271181E-4, -7.635591E-5, -0.83908886, 9.745047, -0.7073802, 25.29375, 272.55002, -13.200001, 4.5926075, -74.1810619
2024-07-24 22:00:14.042, -1.0301101, 9.533604, -0.8009974, 7.635591E-5, -1.5271181E-4, -7.635591E-5, -0.83908886, 9.745047, -0.7073802, 25.218752, 272.77502, -13.687501, 4.5926075, -74.1810619
2024-07-24 22:00:16.025, -1.0277174, 9.524033, -0.8033902, 7.635591E-5, -1.5271181E-4, -7.635591E-5, -0.83908886, 9.745047, -0.7073802, 25.5375, 272.64377, -13.293751, 4.5926075, -74.1810619
2024-07-24 22:00:17.735, -1.0253245, 9.531211, -0.80817586, 7.635591E-5, -1.5271181E-4, -7.635591E-5, -0.83908886, 9.745047, -0.7073802, 25.031252, 272.90625, -13.181251, 4.5926075, -74.1810619
2024-07-24 22:00:18.740, -1.032503, 9.533604, -0.80578303, 7.635591E-5, -1.5271181E-4, -7.635591E-5, -0.83908886, 9.745047, -0.7073802, 25.181252, 273.15002, -13.368751, 4.5926075, -74.1810619
2024-07-24 22:00:20.018, -1.0540384, 9.531211, -0.8009974, 7.635591E-5, -1.5271181E-4, -7.635591E-5, -0.83908886, 9.745047, -0.7073802, 24.69375, 273.09375, -13.668751, 4.5926075, -74.1810619
2024-07-24 22:00:22.334, -1.0468599, 9.531211, -0.80578303, 7.635591E-5, -1.5271181E-4, -7.635591E-5, -0.83908886, 9.745047, -0.7073802, 25.63125, 273.225, -13.387501, 4.5926075, -74.1810619
2024-07-24 22:00:23.339, -1.0444671, 9.535996, -0.8153543, 7.635591E-5, -1.5271181E-4, -7.635591E-5, -0.83908886, 9.745047, -0.7073802, 25.35, 273.0, -12.7875, 4.5926075, -74.1810619
2024-07-24 22:00:24.345, -1.0277174, 9.526425, -0.8009974, 7.635591E-5, -1.5271181E-4, -7.635591E-5, -0.83908886, 9.745047, -0.7073802, 25.368752, 272.6625, -12.95625, 4.5926075, -74.1810619
2024-07-24 22:00:27.011, -1.032503, 9.538389, -0.82013994, 7.635591E-5, -1.5271181E-4, -7.635591E-5, -0.83908886, 9.745047, -0.7073802, 26.00625, 272.92502, -12.656251, 4.5926075, -74.1810619
2024-07-24 22:00:28.013, -1.032503, 9.528818, -0.80817586, 7.635591E-5, -1.5271181E-4, -7.635591E-5, -0.83908886, 9.745047, -0.7073802, 25.1625, 272.96252, -13.33125, 4.5926075, -74.1810619
2024-07-24 22:00:29.017, -1.0540384, 9.524033, -0.8225328, 7.635591E-5, -1.5271181E-4, -7.635591E-5, -0.83908886, 9.745047, -0.7073802, 25.087502, 272.19376, -13.500001, 4.5926075, -74.1810619
2024-07-24 22:00:30.880, -1.0372887, 9.531211, -0.80817586, 7.635591E-5, -1.5271181E-4, -7.635591E-5, -0.83908886, 9.745047, -0.7073802, 24.768751, 272.96252, -13.593751, 4.5926075, -74.1810619
2024-07-24 22:00:32.650, -1.0396814, 9.512068, -0.8129615, 7.635591E-5, -1.5271181E-4, -7.635591E-5, -0.83908886, 9.745047, -0.7073802, 25.312502, 272.55002, -12.731251, 4.5926075, -74.1810619
2024-07-24 22:00:33.656, -1.0468599, 9.519247, -0.8033902, 7.635591E-5, -1.5271181E-4, -7.635591E-5, -0.83908886, 9.745047, -0.7073802, 25.237501, 272.55002, -13.293751, 4.5926075, -74.1810619
2024-07-24 22:00:35.017, -1.0468599, 9.524033, -0.80817586, 7.635591E-5, -1.5271181E-4, -7.635591E-5, -0.83908886, 9.745047, -0.7073802, 25.35, 273.225, -13.425, 4.5926075, -74.1810619
2024-07-24 22:00:37.486, -1.0277174, 9.528818, -0.80817586, 7.635591E-5, -1.5271181E-4, -7.635591E-5, -0.83908886, 9.745047, -0.7073802, 25.181252, 272.7, -12.8625, 4.5926075, -74.1810619
2024-07-24 22:00:38.493, -1.032503, 9.516854, -0.7962117, 7.635591E-5, -1.5271181E-4, -7.635591E-5, -0.83908886, 9.745047, -0.7073802, 25.800001, 272.2875, -13.5375, 4.5926075, -74.1810619
2024-07-24 22:00:39.498, -1.0420742, 9.516854, -0.79142606, 7.635591E-5, -1.5271181E-4, -7.635591E-5, -0.83908886, 9.745047, -0.7073802, 24.712502, 272.60626, -13.9875, 4.5926075, -74.1810619
2024-07-24 22:00:42.021, -1.0444671, 9.52164, -0.80578303, 7.635591E-5, -1.5271181E-4, -7.635591E-5, -0.83908886, 9.745047, -0.7073802, 25.06875, 272.45627, -13.9125, 4.5926075, -74.1810619
2024-07-24 22:00:43.025, -1.0253245, 9.533604, -0.8153543, 7.635591E-5, -1.5271181E-4, -7.635591E-5, -0.83908886, 9.745047, -0.7073802, 25.44375, 272.6625, -13.500001, 4.5926075, -74.1810619
2024-07-24 22:00:44.030, -1.0229317, 9.524033, -0.79860455, 7.635591E-5, -1.5271181E-4, -7.635591E-5, -0.83908886, 9.745047, -0.7073802, 24.843752, 272.68127, -13.181251, 4.5926075, -74.1810619
2024-07-24 22:00:46.027, -1.0085747, 9.533604, -0.8033902, 7.635591E-5, -1.5271181E-4, -7.635591E-5, -0.83908886, 9.745047, -0.7073802, 25.331251, 272.68127, -13.200001, 4.5926075, -74.1810619
2024-07-24 22:00:47.745, -1.0348958, 9.528818, -0.8009974, 7.635591E-5, -1.5271181E-4, -7.635591E-5, -0.83908886, 9.745047, -0.7073802, 25.1625, 272.75626, -13.200001, 4.5926075, -74.1810619
2024-07-24 22:00:48.751, -1.0468599, 9.538389, -0.79860455, 7.635591E-5, -1.5271181E-4, -7.635591E-5, -0.83908886, 9.745047, -0.7073802, 25.10625, 272.77502, -13.200001, 4.5926075, -74.1810619
2024-07-24 22:00:50.010, -1.0301101, 9.526425, -0.8153543, 7.635591E-5, -1.5271181E-4, -7.635591E-5, -0.83908886, 9.745047, -0.7073802, 24.581251, 271.98752, -13.875001, 4.5926075, -74.1810619
2024-07-24 22:00:52.321, -1.0277174, 9.526425, -0.80578303, 7.635591E-5, -1.5271181E-4, -7.635591E-5, -0.83908886, 9.745047, -0.7073802, 25.63125, 272.68127, -13.425, 4.5926075, -74.1810619
2024-07-24 22:00:53.325, -1.032503, 9.540782, -0.8009974, 7.635591E-5, -1.5271181E-4, -7.635591E-5, -0.83908886, 9.745047, -0.7073802, 25.031252, 272.94376, -13.181251, 4.5926075, -74.1810619
2024-07-24 22:00:54.330, -1.032503, 9.528818, -0.82013994, 7.635591E-5, -1.5271181E-4, -7.635591E-5, -0.83908886, 9.745047, -0.7073802, 25.3875, 272.55002, -13.33125, 4.5926075, -74.1810619
2024-07-24 22:00:57.010, -1.0468599, 9.538389, -0.80817586, 7.635591E-5, -1.5271181E-4, -7.635591E-5, -0.83908886, 9.745047, -0.7073802, 25.3875, 272.6625, -13.668751, 4.5926075, -74.1810619
2024-07-24 22:00:58.012, -1.0301101, 9.524033, -0.80817586, 7.635591E-5, -1.5271181E-4, -7.635591E-5, -0.83908886, 9.745047, -0.7073802, 25.181252, 273.35626, -13.481251, 4.5926075, -74.1810619
2024-07-24 22:00:59.016, -1.0396814, 9.543175, -0.8009974, 7.635591E-5, -1.5271181E-4, -7.635591E-5, -0.83908886, 9.745047, -0.7073802, 24.993752, 272.60626, -14.38125, 4.5926075, -74.1810619
2024-07-24 22:01:00.908, -1.0301101, 9.535996, -0.80578303, 7.635591E-5, -1.5271181E-4, -7.635591E-5, -0.83908886, 9.745047, -0.7073802, 25.368752, 272.53125, -13.44375, 4.5926075, -74.1810619
2024-07-24 22:01:02.670, -1.0468599, 9.528818, -0.82013994, 7.635591E-5, -1.5271181E-4, -7.635591E-5, -0.83908886, 9.745047, -0.7073802, 25.7625, 272.75626, -14.043751, 4.5926075, -74.1810619
2024-07-24 22:01:03.676, -1.0348958, 9.540782, -0.80817586, 7.635591E-5, -1.5271181E-4, -7.635591E-5, -0.83908886, 9.745047, -0.7073802, 25.25625, 272.75626, -12.825001, 4.5926075, -74.1810619
2024-07-24 22:01:04.808, -1.0396814, 9.533604, -0.8129615, 7.635591E-5, -1.5271181E-4, -7.635591E-5, -0.83908886, 9.745047, -0.7073802, 25.7625, 273.43127, -13.650001, 4.5926075, -74.1810619
2024-07-24 22:01:05.811, -1.0396814, 9.526425, -0.8105687, 7.635591E-5, -1.5271181E-4, -7.635591E-5, -0.83908886, 9.745047, -0.7073802, 25.593752, 272.7, -13.2375, 4.5926075, -74.1810619
2024-07-24 22:01:06.960, -1.0540384, 9.519247, -0.7938189, 7.635591E-5, -1.5271181E-4, -7.635591E-5, -0.83908886, 9.745047, -0.7073802, 24.768751, 272.90625, -13.89375, 4.5926075, -74.1810619
2024-07-24 22:01:07.967, -1.0420742, 9.512068, -0.8033902, 7.635591E-5, -1.5271181E-4, -7.635591E-5, -0.83908886, 9.745047, -0.7073802, 25.0125, 273.0, -13.9125, 4.5926075, -74.1810619
2024-07-24 22:01:08.971, -1.0372887, 9.519247, -0.8129615, 7.635591E-5, -1.5271181E-4, -7.635591E-5, -0.83908886, 9.745047, -0.7073802, 25.725, 272.19376, -13.968751, 4.5926075, -74.1810619
2024-07-24 22:01:10.081, -1.0516455, 9.535996, -0.8033902, 7.635591E-5, -1.5271181E-4, -7.635591E-5, -0.83908886, 9.745047, -0.7073802, 25.125002, 273.05627, -13.668751, 4.5926075, -74.1810619
2024-07-24 22:01:12.394, -1.0420742, 9.531211, -0.79860455, 7.635591E-5, -1.5271181E-4, -7.635591E-5, -0.83908886, 9.745047, -0.7073802, 25.29375, 273.075, -13.012501, 4.5926075, -74.1810619
2024-07-24 22:01:13.398, -1.0492527, 9.540782, -0.80817586, 7.635591E-5, -1.5271181E-4, -7.635591E-5, -0.83908886, 9.745047, -0.7073802, 24.91875, 273.2625, -12.712501, 4.5926075, -74.1810619
2024-07-24 22:01:14.403, -1.0444671, 9.538389, -0.80578303, 7.635591E-5, -1.5271181E-4, -7.635591E-5, -0.83908886, 9.745047, -0.7073802, 25.406252, 272.79376, -13.575001, 4.5926075, -74.1810619
2024-07-24 22:01:17.012, -1.0468599, 9.516854, -0.7962117, 7.635591E-5, -1.5271181E-4, -7.635591E-5, -0.83908886, 9.745047, -0.7073802, 25.10625, 272.625, -13.218751, 4.5926075, -74.1810619
2024-07-24 22:01:18.016, -1.0372887, 9.528818, -0.80817586, 7.635591E-5, -1.5271181E-4, -7.635591E-5, -0.83908886, 9.745047, -0.7073802, 25.5375, 273.1875, -12.88125, 4.5926075, -74.1810619
2024-07-24 22:01:19.020, -1.0277174, 9.533604, -0.7938189, 7.635591E-5, -1.5271181E-4, -7.635591E-5, -0.83908886, 9.745047, -0.7073802, 25.1625, 272.56876, -13.575001, 4.5926075, -74.1810619
2024-07-24 22:01:20.138, -1.0396814, 9.533604, -0.80578303, 7.635591E-5, -1.5271181E-4, -7.635591E-5, -0.83908886, 9.745047, -0.7073802, 25.312502, 272.4375, -13.856251, 4.5926075, -74.1810619
2024-07-24 22:01:22.469, -1.0420742, 9.531211, -0.8033902, 7.635591E-5, -1.5271181E-4, -7.635591E-5, -0.83908886, 9.745047, -0.7073802, 25.518751, 273.2625, -13.368751, 4.5926075, -74.1810619
2024-07-24 22:01:23.474, -1.032503, 9.519247, -0.80817586, 7.635591E-5, -1.5271181E-4, -7.635591E-5, -0.83908886, 9.745047, -0.7073802, 25.331251, 272.68127, -13.106251, 4.5926075, -74.1810619
2024-07-24 22:01:24.479, -1.0348958, 9.538389, -0.80817586, 7.635591E-5, -1.5271181E-4, -7.635591E-5, -0.83908886, 9.745047, -0.7073802, 25.575, 272.83127, -13.387501, 4.5926075, -74.1810619
2024-07-24 22:01:27.046, -1.018146, 9.535996, -0.7938189, 7.635591E-5, -1.5271181E-4, -7.635591E-5, -0.83908886, 9.745047, -0.7073802, 24.993752, 272.17502, -12.8625, 4.5926075, -74.1810619
2024-07-24 22:01:28.052, -1.032503, 9.531211, -0.8129615, 7.635591E-5, -1.5271181E-4, -7.635591E-5, -0.83908886, 9.745047, -0.7073802, 25.312502, 272.40002, -13.968751, 4.5926075, -74.1810619
2024-07-24 22:01:29.057, -1.0372887, 9.540782, -0.80578303, 7.635591E-5, -1.5271181E-4, -7.635591E-5, -0.83908886, 9.745047, -0.7073802, 25.368752, 273.13126, -13.368751, 4.5926075, -74.1810619
2024-07-24 22:01:30.137, -1.0253245, 9.531211, -0.79860455, 7.635591E-5, -1.5271181E-4, -7.635591E-5, -0.83908886, 9.745047, -0.7073802, 24.768751, 272.8125, -13.387501, 4.5926075, -74.1810619
2024-07-24 22:01:32.453, -1.0348958, 9.519247, -0.8153543, 7.635591E-5, -1.5271181E-4, -7.635591E-5, -0.83908886, 9.745047, -0.7073802, 25.087502, 272.56876, -13.575001, 4.5926075, -74.1810619
2024-07-24 22:01:33.459, -1.0277174, 9.5455675, -0.7938189, 7.635591E-5, -1.5271181E-4, -7.635591E-5, -0.83908886, 9.745047, -0.7073802, 25.650002, 272.75626, -13.556251, 4.5926075, -74.1810619
2024-07-24 22:01:34.465, -1.032503, 9.516854, -0.8177471, 7.635591E-5, -1.5271181E-4, -7.635591E-5, -0.83908886, 9.745047, -0.7073802, 25.237501, 272.53125, -13.81875, 4.5926075, -74.1810619
2024-07-24 22:01:37.021, -1.0468599, 9.524033, -0.79142606, 7.635591E-5, -1.5271181E-4, -7.635591E-5, -0.83908886, 9.745047, -0.7073802, 25.125002, 272.49377, -13.762501, 4.5926075, -74.1810619
2024-07-24 22:01:38.024, -1.0468599, 9.533604, -0.8009974, 7.635591E-5, -1.5271181E-4, -7.635591E-5, -0.83908886, 9.745047, -0.7073802, 25.3875, 272.77502, -13.106251, 4.5926075, -74.1810619
2024-07-24 22:01:39.028, -1.032503, 9.528818, -0.7938189, 7.635591E-5, -1.5271181E-4, -7.635591E-5, -0.83908886, 9.745047, -0.7073802, 24.937502, 273.0, -13.968751, 4.5926075, -74.1810619
2024-07-24 22:01:40.102, -1.0301101, 9.528818, -0.8105687, 7.635591E-5, -1.5271181E-4, -7.635591E-5, -0.83908886, 9.745047, -0.7073802, 25.48125, 272.90625, -13.462501, 4.5926075, -74.1810619
2024-07-24 22:01:42.430, -1.0396814, 9.528818, -0.8153543, 7.635591E-5, -1.5271181E-4, -7.635591E-5, -0.83908886, 9.745047, -0.7073802, 24.91875, 272.58752, -13.33125, 4.5926075, -74.1810619
2024-07-24 22:01:43.435, -1.0348958, 9.514461, -0.8177471, 7.635591E-5, -1.5271181E-4, -7.635591E-5, -0.83908886, 9.745047, -0.7073802, 25.500002, 272.92502, -13.406251, 4.5926075, -74.1810619
2024-07-24 22:01:44.440, -1.0420742, 9.528818, -0.8033902, 7.635591E-5, -1.5271181E-4, -7.635591E-5, -0.83908886, 9.745047, -0.7073802, 24.768751, 272.83127, -13.481251, 4.5926075, -74.1810619
2024-07-24 22:01:47.012, -1.0372887, 9.524033, -0.8153543, 7.635591E-5, -1.5271181E-4, -7.635591E-5, -0.83908886, 9.745047, -0.7073802, 24.88125, 273.31876, -13.368751, 4.5926075, -74.1810619
2024-07-24 22:01:48.015, -1.0540384, 9.535996, -0.8129615, 7.635591E-5, -1.5271181E-4, -7.635591E-5, -0.83908886, 9.745047, -0.7073802, 25.650002, 272.8875, -13.05, 4.5926075, -74.1810619
2024-07-24 22:01:49.019, -1.0444671, 9.524033, -0.8033902, 7.635591E-5, -1.5271181E-4, -7.635591E-5, -0.83908886, 9.745047, -0.7073802, 24.806252, 272.45627, -13.312501, 4.5926075, -74.1810619
2024-07-24 22:01:50.027, -1.032503, 9.533604, -0.80817586, 7.635591E-5, -1.5271181E-4, -7.635591E-5, -0.83908886, 9.745047, -0.7073802, 25.2, 272.36252, -13.312501, 4.5926075, -74.1810619
2024-07-24 22:01:52.345, -1.032503, 9.535996, -0.80817586, 7.635591E-5, -1.5271181E-4, -7.635591E-5, -0.83908886, 9.745047, -0.7073802, 25.575, 272.71875, -12.543751, 4.5926075, -74.1810619
2024-07-24 22:01:53.351, -1.0253245, 9.531211, -0.8105687, 7.635591E-5, -1.5271181E-4, -7.635591E-5, -0.83908886, 9.745047, -0.7073802, 24.825, 272.8125, -13.05, 4.5926075, -74.1810619
2024-07-24 22:01:54.357, -1.0516455, 9.528818, -0.80578303, 7.635591E-5, -1.5271181E-4, -7.635591E-5, -0.83908886, 9.745047, -0.7073802, 25.1625, 272.45627, -13.35, 4.5926075, -74.1810619
2024-07-24 22:01:56.044, -1.032503, 9.538389, -0.82013994, 7.635591E-5, -1.5271181E-4, -7.635591E-5, -0.83908886, 9.745047, -0.7073802, 25.3875, 272.64377, -13.500001, 4.5926075, -74.1810619
2024-07-24 22:01:57.817, -1.0348958, 9.528818, -0.7890333, 7.635591E-5, -1.5271181E-4, -7.635591E-5, -0.83908886, 9.745047, -0.7073802, 25.2, 272.96252, -13.687501, 4.5926075, -74.1810619
2024-07-24 22:01:58.822, -1.0516455, 9.524033, -0.7938189, 7.635591E-5, -1.5271181E-4, -7.635591E-5, -0.83908886, 9.745047, -0.7073802, 25.9125, 272.2875, -13.687501, 4.5926075, -74.1810619
2024-07-24 22:02:00.014, -1.0253245, 9.516854, -0.80578303, 7.635591E-5, -1.5271181E-4, -7.635591E-5, -0.83908886, 9.745047, -0.7073802, 25.518751, 272.56876, -13.500001, 4.5926075, -74.1810619
2024-07-24 22:02:02.352, -1.0301101, 9.52164, -0.8105687, 7.635591E-5, -1.5271181E-4, -7.635591E-5, -0.83908886, 9.745047, -0.7073802, 25.48125, 272.64377, -13.368751, 4.5926075, -74.1810619
2024-07-24 22:02:03.358, -1.0301101, 9.543175, -0.80578303, 7.635591E-5, -1.5271181E-4, -7.635591E-5, -0.83908886, 9.745047, -0.7073802, 24.937502, 273.075, -13.218751, 4.5926075, -74.1810619
2024-07-24 22:02:04.366, -1.0372887, 9.531211, -0.8105687, 7.635591E-5, -1.5271181E-4, -7.635591E-5, -0.83908886, 9.745047, -0.7073802, 24.91875, 273.09375, -13.106251, 4.5926075, -74.1810619
2024-07-24 22:02:07.007, -1.0229317, 9.524033, -0.8105687, 7.635591E-5, -1.5271181E-4, -7.635591E-5, -0.83908886, 9.745047, -0.7073802, 25.5375, 272.56876, -13.1625, 4.5926075, -74.1810619
2024-07-24 22:02:08.009, -1.0277174, 9.528818, -0.7890333, 7.635591E-5, -1.5271181E-4, -7.635591E-5, -0.83908886, 9.745047, -0.7073802, 25.687502, 272.58752, -13.725, 4.5926075, -74.1810619
2024-07-24 22:02:09.013, -1.0420742, 9.524033, -0.79860455, 7.635591E-5, -1.5271181E-4, -7.635591E-5, -0.83908886, 9.745047, -0.7073802, 25.125002, 272.85, -13.6125, 4.5926075, -74.1810619
2024-07-24 22:02:10.017, -1.0396814, 9.535996, -0.8153543, 7.635591E-5, -1.5271181E-4, -7.635591E-5, -0.83908886, 9.745047, -0.7073802, 25.406252, 272.19376, -13.293751, 4.5926075, -74.1810619
2024-07-24 22:02:12.348, -1.0372887, 9.528818, -0.80578303, 7.635591E-5, -1.5271181E-4, -7.635591E-5, -0.83908886, 9.745047, -0.7073802, 25.29375, 273.13126, -13.725, 4.5926075, -74.1810619
2024-07-24 22:02:13.354, -1.0372887, 9.531211, -0.79860455, 7.635591E-5, -1.5271181E-4, -7.635591E-5, -0.83908886, 9.745047, -0.7073802, 25.706251, 273.0, -13.387501, 4.5926075, -74.1810619
2024-07-24 22:02:14.358, -1.0372887, 9.528818, -0.8153543, 7.635591E-5, -1.5271181E-4, -7.635591E-5, -0.83908886, 9.745047, -0.7073802, 25.10625, 272.79376, -13.856251, 4.5926075, -74.1810619
2024-07-24 22:02:16.090, -1.0396814, 9.535996, -0.7938189, 7.635591E-5, -1.5271181E-4, -7.635591E-5, -0.83908886, 9.745047, -0.7073802, 25.275002, 272.83127, -13.14375, 4.5926075, -74.1810619
2024-07-24 22:02:17.828, -1.032503, 9.528818, -0.80817586, 7.635591E-5, -1.5271181E-4, -7.635591E-5, -0.83908886, 9.745047, -0.7073802, 25.275002, 272.73752, -13.275001, 4.5926075, -74.1810619
2024-07-24 22:02:18.834, -1.0301101, 9.524033, -0.79142606, 7.635591E-5, -1.5271181E-4, -7.635591E-5, -0.83908886, 9.745047, -0.7073802, 25.3875, 272.5125, -13.05, 4.5926075, -74.1810619
2024-07-24 22:02:19.838, -1.0277174, 9.524033, -0.7962117, 7.635591E-5, -1.5271181E-4, -7.635591E-5, -0.83908886, 9.745047, -0.7073802, 25.10625, 272.1, -14.08125, 4.5926075, -74.1810619
2024-07-24 22:02:22.297, -1.0420742, 9.516854, -0.8009974, 7.635591E-5, -1.5271181E-4, -7.635591E-5, -0.83908886, 9.745047, -0.7073802, 24.993752, 272.71875, -12.7875, 4.5926075, -74.1810619
2024-07-24 22:02:23.299, -1.0253245, 9.528818, -0.8105687, 7.635591E-5, -1.5271181E-4, -7.635591E-5, -0.83908886, 9.745047, -0.7073802, 25.25625, 272.92502, -13.312501, 4.5926075, -74.1810619
2024-07-24 22:02:24.304, -1.0372887, 9.528818, -0.80578303, 7.635591E-5, -1.5271181E-4, -7.635591E-5, -0.83908886, 9.745047, -0.7073802, 25.425001, 272.38126, -13.25625, 4.5926075, -74.1810619
2024-07-24 22:02:25.309, -1.032503, 9.526425, -0.80817586, 7.635591E-5, -1.5271181E-4, -7.635591E-5, -0.83908886, 9.745047, -0.7073802, 25.143751, 272.94376, -13.387501, 4.5926075, -74.1810619
2024-07-24 22:02:27.025, -1.0444671, 9.528818, -0.7938189, 7.635591E-5, -1.5271181E-4, -7.635591E-5, -0.83908886, 9.745047, -0.7073802, 25.556252, 273.31876, -13.087501, 4.5926075, -74.1810619
2024-07-24 22:02:28.028, -1.0301101, 9.509675, -0.8009974, 7.635591E-5, -1.5271181E-4, -7.635591E-5, -0.83908886, 9.745047, -0.7073802, 25.331251, 272.83127, -12.95625, 4.5926075, -74.1810619
2024-07-24 22:02:29.032, -1.0348958, 9.535996, -0.8153543, 7.635591E-5, -1.5271181E-4, -7.635591E-5, -0.83908886, 9.745047, -0.7073802, 25.48125, 272.83127, -12.76875, 4.5926075, -74.1810619
2024-07-24 22:02:30.036, -1.0492527, 9.52164, -0.8033902, 7.635591E-5, -1.5271181E-4, -7.635591E-5, -0.83908886, 9.745047, -0.7073802, 25.425001, 273.6375, -13.687501, 4.5926075, -74.1810619
2024-07-24 22:02:32.450, -1.0516455, 9.540782, -0.80817586, 7.635591E-5, -1.5271181E-4, -7.635591E-5, -0.83908886, 9.745047, -0.7073802, 25.406252, 273.30002, -12.712501, 4.5926075, -74.1810619
2024-07-24 22:02:33.457, -1.0301101, 9.524033, -0.80578303, 7.635591E-5, -1.5271181E-4, -7.635591E-5, -0.83908886, 9.745047, -0.7073802, 25.143751, 271.93127, -12.8625, 4.5926075, -74.1810619
2024-07-24 22:02:34.461, -1.0133604, 9.531211, -0.80578303, 7.635591E-5, -1.5271181E-4, -7.635591E-5, -0.83908886, 9.745047, -0.7073802, 25.087502, 272.85, -14.212501, 4.5926075, -74.1810619
2024-07-24 22:02:37.029, -1.0540384, 9.543175, -0.8033902, 7.635591E-5, -1.5271181E-4, -7.635591E-5, -0.83908886, 9.745047, -0.7073802, 25.462502, 273.0, -13.35, 4.5926075, -74.1810619
2024-07-24 22:02:38.044, -1.0444671, 9.519247, -0.8033902, 7.635591E-5, -1.5271181E-4, -7.635591E-5, -0.83908886, 9.745047, -0.7073802, 24.937502, 272.75626, -13.5375, 4.5926075, -74.1810619
2024-07-24 22:02:39.048, -1.0372887, 9.528818, -0.8033902, 7.635591E-5, -1.5271181E-4, -7.635591E-5, -0.83908886, 9.745047, -0.7073802, 25.48125, 272.56876, -13.593751, 4.5926075, -74.1810619
2024-07-24 22:02:40.051, -1.0492527, 9.526425, -0.8105687, 7.635591E-5, -1.5271181E-4, -7.635591E-5, -0.83908886, 9.745047, -0.7073802, 24.862501, 272.92502, -13.368751, 4.5926075, -74.1810619
2024-07-24 22:02:42.291, -1.018146, 9.524033, -0.79860455, 7.635591E-5, -1.5271181E-4, -7.635591E-5, -0.83908886, 9.745047, -0.7073802, 25.406252, 272.25, -13.575001, 4.5926075, -74.1810619
2024-07-24 22:02:43.296, -1.0444671, 9.535996, -0.8225328, 7.635591E-5, -1.5271181E-4, -7.635591E-5, -0.83908886, 9.745047, -0.7073802, 24.91875, 272.8875, -13.087501, 4.5926075, -74.1810619
2024-07-24 22:02:44.299, -1.0277174, 9.531211, -0.8153543, 7.635591E-5, -1.5271181E-4, -7.635591E-5, -0.83908886, 9.745047, -0.7073802, 25.031252, 272.98126, -14.137501, 4.5926075, -74.1810619
2024-07-24 22:02:47.004, -1.0301101, 9.5455675, -0.80817586, 7.635591E-5, -1.5271181E-4, -7.635591E-5, -0.83908886, 9.745047, -0.7073802, 25.725, 272.45627, -13.200001, 4.5926075, -74.1810619
2024-07-24 22:02:48.014, -1.032503, 9.535996, -0.80817586, 7.635591E-5, -1.5271181E-4, -7.635591E-5, -0.83908886, 9.745047, -0.7073802, 25.406252, 272.6625, -13.293751, 4.5926075, -74.1810619
2024-07-24 22:02:49.016, -1.0229317, 9.535996, -0.7938189, 7.635591E-5, -1.5271181E-4, -7.635591E-5, -0.83908886, 9.745047, -0.7073802, 24.975, 272.8875, -12.675, 4.5926075, -74.1810619
2024-07-24 22:02:50.018, -1.0420742, 9.535996, -0.79860455, 7.635591E-5, -1.5271181E-4, -7.635591E-5, -0.83908886, 9.745047, -0.7073802, 25.425001, 272.625, -12.750001, 4.5926075, -74.1810619
2024-07-24 22:02:52.373, -1.0660025, 9.519247, -0.8153543, 7.635591E-5, -1.5271181E-4, -7.635591E-5, -0.83908886, 9.745047, -0.7073802, 25.275002, 273.09375, -13.275001, 4.5926075, -74.1810619
2024-07-24 22:02:53.378, -1.0348958, 9.526425, -0.80578303, 7.635591E-5, -1.5271181E-4, -7.635591E-5, -0.83908886, 9.745047, -0.7073802, 25.143751, 272.7, -13.368751, 4.5926075, -74.1810619
2024-07-24 22:02:54.384, -1.0564312, 9.528818, -0.80817586, 7.635591E-5, -1.5271181E-4, -7.635591E-5, -0.83908886, 9.745047, -0.7073802, 25.425001, 273.0, -13.725, 4.5926075, -74.1810619
2024-07-24 22:02:56.120, -1.0301101, 9.531211, -0.7962117, 7.635591E-5, -1.5271181E-4, -7.635591E-5, -0.83908886, 9.745047, -0.7073802, 24.7875, 272.85, -13.25625, 4.5926075, -74.1810619
2024-07-24 22:02:57.806, -1.0229317, 9.533604, -0.7938189, 7.635591E-5, -1.5271181E-4, -7.635591E-5, -0.83908886, 9.745047, -0.7073802, 25.143751, 272.77502, -13.2375, 4.5926075, -74.1810619
2024-07-24 22:02:58.812, -1.0444671, 9.5455675, -0.8177471, 7.635591E-5, -1.5271181E-4, -7.635591E-5, -0.83908886, 9.745047, -0.7073802, 25.25625, 272.68127, -13.556251, 4.5926075, -74.1810619
2024-07-24 22:02:59.817, -1.0372887, 9.514461, -0.8129615, 7.635591E-5, -1.5271181E-4, -7.635591E-5, -0.83908886, 9.745047, -0.7073802, 25.29375, 272.85, -13.368751, 4.5926075, -74.1810619
2024-07-24 22:03:02.278, -1.0516455, 9.516854, -0.82971126, 7.635591E-5, -1.5271181E-4, -7.635591E-5, -0.83908886, 9.745047, -0.7073802, 25.593752, 272.56876, -13.2375, 4.5926075, -74.1810619
2024-07-24 22:03:03.283, -1.0253245, 9.528818, -0.7938189, 7.635591E-5, -1.5271181E-4, -7.635591E-5, -0.83908886, 9.745047, -0.7073802, 25.2, 272.64377, -12.8625, 4.5926075, -74.1810619
2024-07-24 22:03:04.288, -1.0516455, 9.528818, -0.8033902, 7.635591E-5, -1.5271181E-4, -7.635591E-5, -0.83908886, 9.745047, -0.7073802, 25.10625, 272.75626, -12.937501, 4.5926075, -74.1810619
2024-07-24 22:03:06.045, -1.0444671, 9.528818, -0.8105687, 7.635591E-5, -1.5271181E-4, -7.635591E-5, -0.83908886, 9.745047, -0.7073802, 25.143751, 272.475, -13.856251, 4.5926075, -74.1810619
2024-07-24 22:03:07.804, -1.0420742, 9.516854, -0.7938189, 7.635591E-5, -1.5271181E-4, -7.635591E-5, -0.83908886, 9.745047, -0.7073802, 25.500002, 272.475, -13.33125, 4.5926075, -74.1810619
2024-07-24 22:03:08.808, -1.0133604, 9.538389, -0.8105687, 7.635591E-5, -1.5271181E-4, -7.635591E-5, -0.83908886, 9.745047, -0.7073802, 24.937502, 272.83127, -12.50625, 4.5926075, -74.1810619
2024-07-24 22:03:09.813, -1.0420742, 9.535996, -0.8009974, 7.635591E-5, -1.5271181E-4, -7.635591E-5, -0.83908886, 9.745047, -0.7073802, 25.2, 272.90625, -13.687501, 4.5926075, -74.1810619
2024-07-24 22:03:12.276, -1.0348958, 9.52164, -0.79860455, 7.635591E-5, -1.5271181E-4, -7.635591E-5, -0.83908886, 9.745047, -0.7073802, 25.743752, 272.8875, -13.218751, 4.5926075, -74.1810619
2024-07-24 22:03:13.279, -1.0396814, 9.535996, -0.8153543, 7.635591E-5, -1.5271181E-4, -7.635591E-5, -0.83908886, 9.745047, -0.7073802, 25.44375, 272.85, -12.825001, 4.5926075, -74.1810619
2024-07-24 22:03:14.285, -1.032503, 9.512068, -0.80578303, 7.635591E-5, -1.5271181E-4, -7.635591E-5, -0.83908886, 9.745047, -0.7073802, 25.743752, 273.0, -13.51875, 4.5926075, -74.1810619
2024-07-24 22:03:16.020, -1.0253245, 9.543175, -0.8105687, 7.635591E-5, -1.5271181E-4, -7.635591E-5, -0.83908886, 9.745047, -0.7073802, 25.63125, 272.34375, -13.500001, 4.5926075, -74.1810619
2024-07-24 22:03:17.779, -1.0253245, 9.535996, -0.79860455, 7.635591E-5, -1.5271181E-4, -7.635591E-5, -0.83908886, 9.745047, -0.7073802, 25.44375, 273.1875, -13.650001, 4.5926075, -74.1810619
2024-07-24 22:03:18.785, -1.0372887, 9.533604, -0.80817586, 7.635591E-5, -1.5271181E-4, -7.635591E-5, -0.83908886, 9.745047, -0.7073802, 25.06875, 272.92502, -13.81875, 4.5926075, -74.1810619
2024-07-24 22:03:19.790, -1.0492527, 9.531211, -0.79142606, 7.635591E-5, -1.5271181E-4, -7.635591E-5, -0.83908886, 9.745047, -0.7073802, 25.10625, 272.85, -13.481251, 4.5926075, -74.1810619
2024-07-24 22:03:22.115, -1.032503, 9.531211, -0.8129615, 7.635591E-5, -1.5271181E-4, -7.635591E-5, -0.83908886, 9.745047, -0.7073802, 25.95, 272.92502, -13.425, 4.5926075, -74.1810619
2024-07-24 22:03:23.120, -1.0205388, 9.526425, -0.7890333, 7.635591E-5, -1.5271181E-4, -7.635591E-5, -0.83908886, 9.745047, -0.7073802, 25.143751, 273.31876, -13.087501, 4.5926075, -74.1810619
2024-07-24 22:03:24.125, -1.0396814, 9.526425, -0.80578303, 7.635591E-5, -1.5271181E-4, -7.635591E-5, -0.83908886, 9.745047, -0.7073802, 24.88125, 273.01877, -13.9125, 4.5926075, -74.1810619
2024-07-24 22:03:25.130, -1.0444671, 9.516854, -0.8105687, 7.635591E-5, -1.5271181E-4, -7.635591E-5, -0.83908886, 9.745047, -0.7073802, 25.10625, 272.75626, -13.087501, 4.5926075, -74.1810619
2024-07-24 22:03:27.561, -1.0444671, 9.52164, -0.8129615, 7.635591E-5, -1.5271181E-4, -7.635591E-5, -0.83908886, 9.745047, -0.7073802, 25.3875, 273.4125, -13.087501, 4.5926075, -74.1810619
2024-07-24 22:03:28.567, -1.0372887, 9.533604, -0.7962117, 7.635591E-5, -1.5271181E-4, -7.635591E-5, -0.83908886, 9.745047, -0.7073802, 25.1625, 273.09375, -14.08125, 4.5926075, -74.1810619
2024-07-24 22:03:29.572, -1.0396814, 9.528818, -0.8009974, 7.635591E-5, -1.5271181E-4, -7.635591E-5, -0.83908886, 9.745047, -0.7073802, 24.825, 272.8125, -13.462501, 4.5926075, -74.1810619
2024-07-24 22:03:32.016, -1.0396814, 9.526425, -0.8033902, 7.635591E-5, -1.5271181E-4, -7.635591E-5, -0.83908886, 9.745047, -0.7073802, 25.35, 272.34375, -13.368751, 4.5926075, -74.1810619
2024-07-24 22:03:33.018, -1.0372887, 9.52164, -0.8129615, 7.635591E-5, -1.5271181E-4, -7.635591E-5, -0.83908886, 9.745047, -0.7073802, 25.181252, 272.625, -13.556251, 4.5926075, -74.1810619
2024-07-24 22:03:34.022, -1.0468599, 9.531211, -0.8129615, 7.635591E-5, -1.5271181E-4, -7.635591E-5, -0.83908886, 9.745047, -0.7073802, 25.143751, 273.31876, -13.031251, 4.5926075, -74.1810619
2024-07-24 22:03:36.012, -1.0372887, 9.52164, -0.8105687, 7.635591E-5, -1.5271181E-4, -7.635591E-5, -0.83908886, 9.745047, -0.7073802, 25.48125, 272.60626, -12.806251, 4.5926075, -74.1810619
2024-07-24 22:03:37.675, -1.0540384, 9.538389, -0.8105687, 7.635591E-5, -1.5271181E-4, -7.635591E-5, -0.83908886, 9.745047, -0.7073802, 25.3875, 273.1875, -13.781251, 4.5926075, -74.1810619
2024-07-24 22:03:38.682, -1.0348958, 9.538389, -0.8009974, 7.635591E-5, -1.5271181E-4, -7.635591E-5, -0.83908886, 9.745047, -0.7073802, 25.1625, 272.45627, -13.200001, 4.5926075, -74.1810619
2024-07-24 22:03:39.687, -1.0588241, 9.512068, -0.80578303, 7.635591E-5, -1.5271181E-4, -7.635591E-5, -0.83908886, 9.745047, -0.7073802, 25.181252, 272.34375, -13.500001, 4.5926075, -74.1810619
2024-07-24 22:03:42.119, -1.0420742, 9.528818, -0.8177471, 7.635591E-5, -1.5271181E-4, -7.635591E-5, -0.83908886, 9.745047, -0.7073802, 25.500002, 272.71875, -13.275001, 4.5926075, -74.1810619
2024-07-24 22:03:43.124, -1.0277174, 9.526425, -0.8129615, 7.635591E-5, -1.5271181E-4, -7.635591E-5, -0.83908886, 9.745047, -0.7073802, 25.368752, 272.77502, -12.8625, 4.5926075, -74.1810619
2024-07-24 22:03:44.128, -1.0516455, 9.524033, -0.8033902, 7.635591E-5, -1.5271181E-4, -7.635591E-5, -0.83908886, 9.745047, -0.7073802, 25.81875, 272.625, -13.837501, 4.5926075, -74.1810619
2024-07-24 22:03:46.015, -1.0348958, 9.514461, -0.8129615, 7.635591E-5, -1.5271181E-4, -7.635591E-5, -0.83908886, 9.745047, -0.7073802, 25.3875, 272.71875, -13.875001, 4.5926075, -74.1810619
2024-07-24 22:03:47.690, -1.0205388, 9.528818, -0.7962117, 7.635591E-5, -1.5271181E-4, -7.635591E-5, -0.83908886, 9.745047, -0.7073802, 25.687502, 273.05627, -14.19375, 4.5926075, -74.1810619
2024-07-24 22:03:48.695, -1.0492527, 9.526425, -0.80578303, 7.635591E-5, -1.5271181E-4, -7.635591E-5, -0.83908886, 9.745047, -0.7073802, 24.806252, 272.15625, -13.462501, 4.5926075, -74.1810619
2024-07-24 22:03:49.700, -1.0348958, 9.524033, -0.80578303, 7.635591E-5, -1.5271181E-4, -7.635591E-5, -0.83908886, 9.745047, -0.7073802, 25.143751, 271.93127, -13.950001, 4.5926075, -74.1810619
2024-07-24 22:03:52.118, -1.0444671, 9.524033, -0.80578303, 7.635591E-5, -1.5271181E-4, -7.635591E-5, -0.83908886, 9.745047, -0.7073802, 24.618752, 272.85, -13.725, 4.5926075, -74.1810619
2024-07-24 22:03:53.123, -1.0492527, 9.528818, -0.8033902, 7.635591E-5, -1.5271181E-4, -7.635591E-5, -0.83908886, 9.745047, -0.7073802, 25.406252, 272.98126, -13.5375, 4.5926075, -74.1810619
2024-07-24 22:03:54.128, -1.0444671, 9.533604, -0.80578303, 7.635591E-5, -1.5271181E-4, -7.635591E-5, -0.83908886, 9.745047, -0.7073802, 25.44375, 273.45, -13.650001, 4.5926075, -74.1810619
2024-07-24 22:03:56.013, -1.0588241, 9.538389, -0.8033902, 7.635591E-5, -1.5271181E-4, -7.635591E-5, -0.83908886, 9.745047, -0.7073802, 25.593752, 273.01877, -13.668751, 4.5926075, -74.1810619
2024-07-24 22:03:58.476, -1.0444671, 9.52164, -0.79860455, 7.635591E-5, -1.5271181E-4, -7.635591E-5, -0.83908886, 9.745047, -0.7073802, 25.518751, 272.60626, -13.087501, 4.5926075, -74.1810619
2024-07-24 22:03:59.482, -1.0420742, 9.540782, -0.8105687, 7.635591E-5, -1.5271181E-4, -7.635591E-5, -0.83908886, 9.745047, -0.7073802, 24.54375, 272.55002, -14.325001, 4.5926075, -74.1810619
2024-07-24 22:04:00.943, -1.0540384, 9.531211, -0.8129615, 7.635591E-5, -1.5271181E-4, -7.635591E-5, -0.83908886, 9.745047, -0.7073802, 25.81875, 273.09375, -13.556251, 4.5926075, -74.1810619
2024-07-24 22:04:02.721, -1.0444671, 9.514461, -0.80817586, 7.635591E-5, -1.5271181E-4, -7.635591E-5, -0.83908886, 9.745047, -0.7073802, 25.25625, 273.39377, -13.293751, 4.5926075, -74.1810619
2024-07-24 22:04:03.725, -1.0348958, 9.526425, -0.80817586, 7.635591E-5, -1.5271181E-4, -7.635591E-5, -0.83908886, 9.745047, -0.7073802, 25.66875, 273.33752, -13.14375, 4.5926075, -74.1810619
2024-07-24 22:04:04.730, -1.0277174, 9.524033, -0.8033902, 7.635591E-5, -1.5271181E-4, -7.635591E-5, -0.83908886, 9.745047, -0.7073802, 25.125002, 273.33752, -14.043751, 4.5926075, -74.1810619
2024-07-24 22:04:07.283, -1.0372887, 9.533604, -0.80578303, 7.635591E-5, -1.5271181E-4, -7.635591E-5, -0.83908886, 9.745047, -0.7073802, 25.2, 272.83127, -13.1625, 4.5926075, -74.1810619
2024-07-24 22:04:08.287, -1.0468599, 9.533604, -0.80817586, 7.635591E-5, -1.5271181E-4, -7.635591E-5, -0.83908886, 9.745047, -0.7073802, 25.312502, 272.8875, -13.481251, 4.5926075, -74.1810619
2024-07-24 22:04:09.292, -1.0253245, 9.516854, -0.7938189, 7.635591E-5, -1.5271181E-4, -7.635591E-5, -0.83908886, 9.745047, -0.7073802, 25.2, 272.40002, -13.368751, 4.5926075, -74.1810619
2024-07-24 22:04:10.946, -1.0492527, 9.533604, -0.8033902, 7.635591E-5, -1.5271181E-4, -7.635591E-5, -0.83908886, 9.745047, -0.7073802, 25.10625, 273.58127, -13.687501, 4.5926075, -74.1810619
2024-07-24 22:04:12.699, -1.032503, 9.52164, -0.80578303, 7.635591E-5, -1.5271181E-4, -7.635591E-5, -0.83908886, 9.745047, -0.7073802, 25.575, 273.35626, -13.200001, 4.5926075, -74.1810619
2024-07-24 22:04:13.704, -1.032503, 9.526425, -0.79860455, 7.635591E-5, -1.5271181E-4, -7.635591E-5, -0.83908886, 9.745047, -0.7073802, 25.518751, 273.05627, -13.406251, 4.5926075, -74.1810619
2024-07-24 22:04:14.710, -1.0348958, 9.528818, -0.8033902, 7.635591E-5, -1.5271181E-4, -7.635591E-5, -0.83908886, 9.745047, -0.7073802, 24.862501, 272.71875, -14.043751, 4.5926075, -74.1810619
2024-07-24 22:04:17.103, -1.0372887, 9.52164, -0.80817586, 7.635591E-5, -1.5271181E-4, -7.635591E-5, -0.83908886, 9.745047, -0.7073802, 25.237501, 273.05627, -13.218751, 4.5926075, -74.1810619
2024-07-24 22:04:18.108, -1.0516455, 9.535996, -0.8033902, 7.635591E-5, -1.5271181E-4, -7.635591E-5, -0.83908886, 9.745047, -0.7073802, 25.518751, 273.0375, -12.937501, 4.5926075, -74.1810619
2024-07-24 22:04:19.114, -1.0133604, 9.535996, -0.8009974, 7.635591E-5, -1.5271181E-4, -7.635591E-5, -0.83908886, 9.745047, -0.7073802, 24.88125, 272.8875, -13.875001, 4.5926075, -74.1810619
2024-07-24 22:04:20.912, -1.0516455, 9.533604, -0.79860455, 7.635591E-5, -1.5271181E-4, -7.635591E-5, -0.83908886, 9.745047, -0.7073802, 25.500002, 273.0, -13.743751, 4.5926075, -74.1810619
2024-07-24 22:04:22.739, -1.018146, 9.52164, -0.8129615, 7.635591E-5, -1.5271181E-4, -7.635591E-5, -0.83908886, 9.745047, -0.7073802, 25.218752, 272.41876, -13.6125, 4.5926075, -74.1810619
2024-07-24 22:04:23.743, -1.0420742, 9.526425, -0.80817586, 7.635591E-5, -1.5271181E-4, -7.635591E-5, -0.83908886, 9.745047, -0.7073802, 25.556252, 273.31876, -13.51875, 4.5926075, -74.1810619
2024-07-24 22:04:24.748, -1.0492527, 9.524033, -0.8033902, 7.635591E-5, -1.5271181E-4, -7.635591E-5, -0.83908886, 9.745047, -0.7073802, 24.91875, 272.38126, -13.63125, 4.5926075, -74.1810619
2024-07-24 22:04:28.010, -1.032503, 9.535996, -0.80578303, 7.635591E-5, -1.5271181E-4, -7.635591E-5, -0.83908886, 9.745047, -0.7073802, 25.3875, 272.94376, -13.743751, 4.5926075, -74.1810619
2024-07-24 22:04:29.012, -1.0157533, 9.531211, -0.8033902, 7.635591E-5, -1.5271181E-4, -7.635591E-5, -0.83908886, 9.745047, -0.7073802, 25.031252, 273.13126, -13.181251, 4.5926075, -74.1810619
2024-07-24 22:04:30.015, -1.0492527, 9.526425, -0.79142606, 7.635591E-5, -1.5271181E-4, -7.635591E-5, -0.83908886, 9.745047, -0.7073802, 25.031252, 272.58752, -12.88125, 4.5926075, -74.1810619
2024-07-24 22:04:32.226, -1.0205388, 9.531211, -0.8033902, 7.635591E-5, -1.5271181E-4, -7.635591E-5, -0.83908886, 9.745047, -0.7073802, 25.44375, 272.86877, -12.975, 4.5926075, -74.1810619
2024-07-24 22:04:33.231, -1.0396814, 9.533604, -0.8009974, 7.635591E-5, -1.5271181E-4, -7.635591E-5, -0.83908886, 9.745047, -0.7073802, 25.1625, 273.15002, -13.556251, 4.5926075, -74.1810619
2024-07-24 22:04:34.235, -1.0516455, 9.528818, -0.7962117, 7.635591E-5, -1.5271181E-4, -7.635591E-5, -0.83908886, 9.745047, -0.7073802, 25.237501, 273.4125, -13.031251, 4.5926075, -74.1810619
2024-07-24 22:04:36.011, -1.0564312, 9.533604, -0.8129615, 7.635591E-5, -1.5271181E-4, -7.635591E-5, -0.83908886, 9.745047, -0.7073802, 25.181252, 272.77502, -13.35, 4.5926075, -74.1810619
2024-07-24 22:04:38.449, -1.0372887, 9.552746, -0.79860455, 7.635591E-5, -1.5271181E-4, -7.635591E-5, -0.83908886, 9.745047, -0.7073802, 25.500002, 272.325, -13.593751, 4.5926075, -74.1810619
2024-07-24 22:04:39.454, -1.0205388, 9.52164, -0.8177471, 7.635591E-5, -1.5271181E-4, -7.635591E-5, -0.83908886, 9.745047, -0.7073802, 25.050001, 272.86877, -13.556251, 4.5926075, -74.1810619
2024-07-24 22:04:40.963, -1.032503, 9.531211, -0.80578303, 7.635591E-5, -1.5271181E-4, -7.635591E-5, -0.83908886, 9.745047, -0.7073802, 25.29375, 273.20627, -13.35, 4.5926075, -74.1810619
2024-07-24 22:04:43.388, -1.0277174, 9.538389, -0.79860455, 7.635591E-5, -1.5271181E-4, -7.635591E-5, -0.83908886, 9.745047, -0.7073802, 25.29375, 272.68127, -12.975, 4.5926075, -74.1810619
2024-07-24 22:04:44.392, -1.0301101, 9.531211, -0.80578303, 7.635591E-5, -1.5271181E-4, -7.635591E-5, -0.83908886, 9.745047, -0.7073802, 25.7625, 272.8875, -13.5375, 4.5926075, -74.1810619
2024-07-24 22:04:46.030, -1.0420742, 9.526425, -0.8153543, 7.635591E-5, -1.5271181E-4, -7.635591E-5, -0.83908886, 9.745047, -0.7073802, 25.0125, 272.75626, -13.725, 4.5926075, -74.1810619
2024-07-24 22:04:48.387, -1.0348958, 9.535996, -0.8009974, 7.635591E-5, -1.5271181E-4, -7.635591E-5, -0.83908886, 9.745047, -0.7073802, 24.956251, 272.56876, -13.06875, 4.5926075, -74.1810619
2024-07-24 22:04:49.394, -1.0301101, 9.531211, -0.7938189, 7.635591E-5, -1.5271181E-4, -7.635591E-5, -0.83908886, 9.745047, -0.7073802, 25.275002, 272.60626, -13.087501, 4.5926075, -74.1810619
2024-07-24 22:04:50.946, -1.0396814, 9.531211, -0.8177471, 7.635591E-5, -1.5271181E-4, -7.635591E-5, -0.83908886, 9.745047, -0.7073802, 24.88125, 273.05627, -12.675, 4.5926075, -74.1810619
2024-07-24 22:04:53.427, -1.0420742, 9.543175, -0.8009974, 7.635591E-5, -1.5271181E-4, -7.635591E-5, -0.83908886, 9.745047, -0.7073802, 25.25625, 272.98126, -13.35, 4.5926075, -74.1810619
2024-07-24 22:04:54.433, -1.0205388, 9.514461, -0.8033902, 7.635591E-5, -1.5271181E-4, -7.635591E-5, -0.83908886, 9.745047, -0.7073802, 24.956251, 272.8125, -13.012501, 4.5926075, -74.1810619
2024-07-24 22:04:57.009, -1.0468599, 9.516854, -0.8177471, 7.635591E-5, -1.5271181E-4, -7.635591E-5, -0.83908886, 9.745047, -0.7073802, 25.725, 273.15002, -12.7875, 4.5926075, -74.1810619
2024-07-24 22:04:58.689, -1.0277174, 9.538389, -0.8129615, 7.635591E-5, -1.5271181E-4, -7.635591E-5, -0.83908886, 9.745047, -0.7073802, 25.237501, 273.31876, -13.687501, 4.5926075, -74.1810619
2024-07-24 22:04:59.692, -1.0277174, 9.543175, -0.79142606, 7.635591E-5, -1.5271181E-4, -7.635591E-5, -0.83908886, 9.745047, -0.7073802, 25.237501, 273.09375, -13.856251, 4.5926075, -74.1810619
2024-07-24 22:05:02.010, -1.0372887, 9.52164, -0.80578303, 7.635591E-5, -1.5271181E-4, -7.635591E-5, -0.83908886, 9.745047, -0.7073802, 25.312502, 272.7, -13.14375, 4.5926075, -74.1810619
2024-07-24 22:05:03.788, -1.0444671, 9.5455675, -0.8105687, 7.635591E-5, -1.5271181E-4, -7.635591E-5, -0.83908886, 9.745047, -0.7073802, 24.91875, 273.075, -13.031251, 4.5926075, -74.1810619
2024-07-24 22:05:04.791, -1.0396814, 9.531211, -0.80578303, 7.635591E-5, -1.5271181E-4, -7.635591E-5, -0.83908886, 9.745047, -0.7073802, 24.7875, 272.8125, -14.043751, 4.5926075, -74.1810619
2024-07-24 22:05:07.077, -1.0229317, 9.535996, -0.80817586, 7.635591E-5, -1.5271181E-4, -7.635591E-5, -0.83908886, 9.745047, -0.7073802, 24.956251, 272.58752, -13.650001, 4.5926075, -74.1810619
2024-07-24 22:05:08.809, -1.0444671, 9.535996, -0.8105687, 7.635591E-5, -1.5271181E-4, -7.635591E-5, -0.83908886, 9.745047, -0.7073802, 25.237501, 272.30627, -12.975, 4.5926075, -74.1810619
2024-07-24 22:05:09.815, -1.0301101, 9.528818, -0.8105687, 7.635591E-5, -1.5271181E-4, -7.635591E-5, -0.83908886, 9.745047, -0.7073802, 25.462502, 272.77502, -13.762501, 4.5926075, -74.1810619
2024-07-24 22:05:13.009, -1.0444671, 9.528818, -0.7962117, 7.635591E-5, -1.5271181E-4, -7.635591E-5, -0.83908886, 9.745047, -0.7073802, 25.143751, 272.83127, -13.70625, 4.5926075, -74.1810619
2024-07-24 22:05:14.014, -1.0420742, 9.526425, -0.8033902, 7.635591E-5, -1.5271181E-4, -7.635591E-5, -0.83908886, 9.745047, -0.7073802, 25.29375, 272.96252, -13.575001, 4.5926075, -74.1810619
2024-07-24 22:05:15.018, -1.0540384, 9.535996, -0.8009974, 7.635591E-5, -1.5271181E-4, -7.635591E-5, -0.83908886, 9.745047, -0.7073802, 25.575, 272.68127, -13.856251, 4.5926075, -74.1810619
2024-07-24 22:05:18.024, -1.0372887, 9.526425, -0.79860455, 7.635591E-5, -1.5271181E-4, -7.635591E-5, -0.83908886, 9.745047, -0.7073802, 25.44375, 273.16876, -13.312501, 4.5926075, -74.1810619
2024-07-24 22:05:19.027, -1.0492527, 9.531211, -0.82013994, 7.635591E-5, -1.5271181E-4, -7.635591E-5, -0.83908886, 9.745047, -0.7073802, 25.406252, 272.60626, -13.500001, 4.5926075, -74.1810619
2024-07-24 22:05:20.031, -1.0444671, 9.540782, -0.82013994, 7.635591E-5, -1.5271181E-4, -7.635591E-5, -0.83908886, 9.745047, -0.7073802, 24.54375, 273.16876, -14.043751, 4.5926075, -74.1810619
2024-07-24 22:05:23.022, -1.0396814, 9.524033, -0.8033902, 7.635591E-5, -1.5271181E-4, -7.635591E-5, -0.83908886, 9.745047, -0.7073802, 24.6375, 272.34375, -13.406251, 4.5926075, -74.1810619
2024-07-24 22:05:24.025, -1.0372887, 9.535996, -0.7938189, 7.635591E-5, -1.5271181E-4, -7.635591E-5, -0.83908886, 9.745047, -0.7073802, 25.575, 272.85, -13.25625, 4.5926075, -74.1810619
2024-07-24 22:05:25.029, -1.018146, 9.514461, -0.8129615, 7.635591E-5, -1.5271181E-4, -7.635591E-5, -0.83908886, 9.745047, -0.7073802, 25.1625, 272.55002, -13.5375, 4.5926075, -74.1810619
2024-07-24 22:05:28.090, -1.0372887, 9.52164, -0.8033902, 7.635591E-5, -1.5271181E-4, -7.635591E-5, -0.83908886, 9.745047, -0.7073802, 25.031252, 273.24377, -13.687501, 4.5926075, -74.1810619
2024-07-24 22:05:29.094, -1.0301101, 9.52164, -0.80578303, 7.635591E-5, -1.5271181E-4, -7.635591E-5, -0.83908886, 9.745047, -0.7073802, 25.1625, 272.64377, -13.8, 4.5926075, -74.1810619
2024-07-24 22:05:30.097, -1.0564312, 9.538389, -0.7938189, 7.635591E-5, -1.5271181E-4, -7.635591E-5, -0.83908886, 9.745047, -0.7073802, 25.181252, 272.86877, -13.89375, 4.5926075, -74.1810619
2024-07-24 22:05:33.041, -1.0277174, 9.538389, -0.8009974, 7.635591E-5, -1.5271181E-4, -7.635591E-5, -0.83908886, 9.745047, -0.7073802, 25.29375, 273.375, -13.462501, 4.5926075, -74.1810619
2024-07-24 22:05:34.044, -1.0277174, 9.531211, -0.8033902, 7.635591E-5, -1.5271181E-4, -7.635591E-5, -0.83908886, 9.745047, -0.7073802, 25.66875, 273.6, -13.406251, 4.5926075, -74.1810619
2024-07-24 22:05:35.049, -1.0516455, 9.528818, -0.8033902, 7.635591E-5, -1.5271181E-4, -7.635591E-5, -0.83908886, 9.745047, -0.7073802, 25.462502, 272.92502, -14.156251, 4.5926075, -74.1810619
2024-07-24 22:05:38.052, -1.0277174, 9.528818, -0.8105687, 7.635591E-5, -1.5271181E-4, -7.635591E-5, -0.83908886, 9.745047, -0.7073802, 25.29375, 273.15002, -13.837501, 4.5926075, -74.1810619
2024-07-24 22:05:39.055, -1.0301101, 9.52164, -0.8009974, 7.635591E-5, -1.5271181E-4, -7.635591E-5, -0.83908886, 9.745047, -0.7073802, 24.7875, 272.41876, -13.293751, 4.5926075, -74.1810619
2024-07-24 22:05:40.059, -1.0348958, 9.535996, -0.8129615, 7.635591E-5, -1.5271181E-4, -7.635591E-5, -0.83908886, 9.745047, -0.7073802, 25.650002, 272.79376, -13.6125, 4.5926075, -74.1810619
2024-07-24 22:05:43.025, -1.0540384, 9.516854, -0.8153543, 7.635591E-5, -1.5271181E-4, -7.635591E-5, -0.83908886, 9.745047, -0.7073802, 24.862501, 273.35626, -12.750001, 4.5926075, -74.1810619
2024-07-24 22:05:44.029, -1.0396814, 9.524033, -0.8033902, 7.635591E-5, -1.5271181E-4, -7.635591E-5, -0.83908886, 9.745047, -0.7073802, 25.181252, 272.83127, -13.06875, 4.5926075, -74.1810619
2024-07-24 22:05:45.034, -1.0229317, 9.516854, -0.8105687, 7.635591E-5, -1.5271181E-4, -7.635591E-5, -0.83908886, 9.745047, -0.7073802, 24.487501, 273.16876, -13.500001, 4.5926075, -74.1810619
2024-07-24 22:05:48.013, -1.0229317, 9.535996, -0.8105687, 7.635591E-5, -1.5271181E-4, -7.635591E-5, -0.83908886, 9.745047, -0.7073802, 24.750002, 272.21252, -13.012501, 4.5926075, -74.1810619
2024-07-24 22:05:49.015, -1.018146, 9.528818, -0.7962117, 7.635591E-5, -1.5271181E-4, -7.635591E-5, -0.83908886, 9.745047, -0.7073802, 25.35, 272.6625, -13.51875, 4.5926075, -74.1810619
2024-07-24 22:05:50.018, -1.0444671, 9.533604, -0.8129615, 7.635591E-5, -1.5271181E-4, -7.635591E-5, -0.83908886, 9.745047, -0.7073802, 24.7875, 272.83127, -13.743751, 4.5926075, -74.1810619
2024-07-24 22:05:53.012, -1.0396814, 9.524033, -0.8129615, 7.635591E-5, -1.5271181E-4, -7.635591E-5, -0.83908886, 9.745047, -0.7073802, 25.312502, 273.24377, -13.275001, 4.5926075, -74.1810619
2024-07-24 22:05:54.015, -1.0277174, 9.52164, -0.8177471, 7.635591E-5, -1.5271181E-4, -7.635591E-5, -0.83908886, 9.745047, -0.7073802, 25.143751, 272.68127, -13.275001, 4.5926075, -74.1810619
2024-07-24 22:05:55.018, -1.0396814, 9.519247, -0.80578303, 7.635591E-5, -1.5271181E-4, -7.635591E-5, -0.83908886, 9.745047, -0.7073802, 25.218752, 273.11252, -13.275001, 4.5926075, -74.1810619
2024-07-24 22:05:58.011, -1.0396814, 9.516854, -0.8033902, 7.635591E-5, -1.5271181E-4, -7.635591E-5, -0.83908886, 9.745047, -0.7073802, 24.937502, 272.94376, -13.14375, 4.5926075, -74.1810619
2024-07-24 22:05:59.015, -1.0444671, 9.538389, -0.8033902, 7.635591E-5, -1.5271181E-4, -7.635591E-5, -0.83908886, 9.745047, -0.7073802, 25.06875, 272.64377, -13.556251, 4.5926075, -74.1810619
2024-07-24 22:06:00.018, -1.0157533, 9.524033, -0.8009974, 7.635591E-5, -1.5271181E-4, -7.635591E-5, -0.83908886, 9.745047, -0.7073802, 25.593752, 272.64377, -13.44375, 4.5926075, -74.1810619
2024-07-24 22:06:03.004, -1.0468599, 9.538389, -0.8033902, 7.635591E-5, -1.5271181E-4, -7.635591E-5, -0.83908886, 9.745047, -0.7073802, 25.050001, 273.01877, -13.575001, 4.5926075, -74.1810619
2024-07-24 22:06:04.010, -1.0205388, 9.514461, -0.80578303, 7.635591E-5, -1.5271181E-4, -7.635591E-5, -0.83908886, 9.745047, -0.7073802, 25.06875, 272.79376, -12.937501, 4.5926075, -74.1810619
2024-07-24 22:06:05.014, -1.0468599, 9.531211, -0.8129615, 7.635591E-5, -1.5271181E-4, -7.635591E-5, -0.83908886, 9.745047, -0.7073802, 24.956251, 272.75626, -13.70625, 4.5926075, -74.1810619
2024-07-24 22:06:08.004, -1.0348958, 9.54796, -0.8129615, 7.635591E-5, -1.5271181E-4, -7.635591E-5, -0.83908886, 9.745047, -0.7073802, 25.125002, 272.79376, -13.35, 4.5926075, -74.1810619
2024-07-24 22:06:09.013, -1.0277174, 9.524033, -0.8033902, 7.635591E-5, -1.5271181E-4, -7.635591E-5, -0.83908886, 9.745047, -0.7073802, 25.237501, 273.1875, -12.8625, 4.5926075, -74.1810619
2024-07-24 22:06:10.017, -1.0468599, 9.528818, -0.8009974, 7.635591E-5, -1.5271181E-4, -7.635591E-5, -0.83908886, 9.745047, -0.7073802, 25.181252, 272.71875, -13.51875, 4.5926075, -74.1810619
2024-07-24 22:06:13.011, -1.0468599, 9.528818, -0.8177471, 7.635591E-5, -1.5271181E-4, -7.635591E-5, -0.83908886, 9.745047, -0.7073802, 24.843752, 272.98126, -13.33125, 4.5926075, -74.1810619
2024-07-24 22:06:14.021, -1.0301101, 9.533604, -0.8033902, 7.635591E-5, -1.5271181E-4, -7.635591E-5, -0.83908886, 9.745047, -0.7073802, 25.10625, 272.40002, -13.63125, 4.5926075, -74.1810619
2024-07-24 22:06:15.028, -1.0348958, 9.524033, -0.8033902, 7.635591E-5, -1.5271181E-4, -7.635591E-5, -0.83908886, 9.745047, -0.7073802, 25.050001, 272.60626, -13.89375, 4.5926075, -74.1810619
2024-07-24 22:06:18.014, -1.0492527, 9.5455675, -0.8105687, 7.635591E-5, -1.5271181E-4, -7.635591E-5, -0.83908886, 9.745047, -0.7073802, 25.331251, 273.20627, -13.275001, 4.5926075, -74.1810619
2024-07-24 22:06:19.018, -1.0253245, 9.550353, -0.80578303, 7.635591E-5, -1.5271181E-4, -7.635591E-5, -0.83908886, 9.745047, -0.7073802, 25.237501, 273.65625, -13.293751, 4.5926075, -74.1810619
2024-07-24 22:06:20.022, -1.0372887, 9.514461, -0.8129615, 7.635591E-5, -1.5271181E-4, -7.635591E-5, -0.83908886, 9.745047, -0.7073802, 25.3875, 272.56876, -12.712501, 4.5926075, -74.1810619
2024-07-24 22:06:22.025, -1.0301101, 9.526425, -0.8033902, 7.635591E-5, -1.5271181E-4, -7.635591E-5, -0.83908886, 9.745047, -0.7073802, 25.425001, 272.38126, -13.05, 4.5926075, -74.1810619
2024-07-24 22:06:23.779, -1.0468599, 9.519247, -0.8009974, 7.635591E-5, -1.5271181E-4, -7.635591E-5, -0.83908886, 9.745047, -0.7073802, 24.862501, 273.20627, -13.106251, 4.5926075, -74.1810619
2024-07-24 22:06:24.784, -1.0444671, 9.526425, -0.7962117, 7.635591E-5, -1.5271181E-4, -7.635591E-5, -0.83908886, 9.745047, -0.7073802, 25.125002, 272.77502, -13.312501, 4.5926075, -74.1810619
2024-07-24 22:06:27.027, -1.0396814, 9.52164, -0.80578303, 7.635591E-5, -1.5271181E-4, -7.635591E-5, -0.83908886, 9.745047, -0.7073802, 25.2, 272.5125, -13.087501, 4.5926075, -74.1810619
2024-07-24 22:06:28.780, -1.0396814, 9.526425, -0.8153543, 7.635591E-5, -1.5271181E-4, -7.635591E-5, -0.83908886, 9.745047, -0.7073802, 25.143751, 272.86877, -13.462501, 4.5926075, -74.1810619
2024-07-24 22:06:29.786, -1.0301101, 9.52164, -0.80578303, 7.635591E-5, -1.5271181E-4, -7.635591E-5, -0.83908886, 9.745047, -0.7073802, 25.425001, 273.075, -13.312501, 4.5926075, -74.1810619
2024-07-24 22:06:32.016, -1.032503, 9.533604, -0.8009974, 7.635591E-5, -1.5271181E-4, -7.635591E-5, -0.83908886, 9.745047, -0.7073802, 25.275002, 273.0375, -13.106251, 4.5926075, -74.1810619
2024-07-24 22:06:33.743, -1.0348958, 9.535996, -0.8153543, 7.635591E-5, -1.5271181E-4, -7.635591E-5, -0.83908886, 9.745047, -0.7073802, 25.612501, 272.92502, -13.762501, 4.5926075, -74.1810619
2024-07-24 22:06:34.749, -1.0444671, 9.52164, -0.8105687, 7.635591E-5, -1.5271181E-4, -7.635591E-5, -0.83908886, 9.745047, -0.7073802, 24.618752, 272.325, -13.200001, 4.5926075, -74.1810619
2024-07-24 22:06:36.104, -1.0420742, 9.516854, -0.8129615, 7.635591E-5, -1.5271181E-4, -7.635591E-5, -0.83908886, 9.745047, -0.7073802, 25.1625, 272.38126, -13.125001, 4.5926075, -74.1810619
2024-07-24 22:06:38.496, -1.0348958, 9.524033, -0.8153543, 7.635591E-5, -1.5271181E-4, -7.635591E-5, -0.83908886, 9.745047, -0.7073802, 25.331251, 272.73752, -13.81875, 4.5926075, -74.1810619
2024-07-24 22:06:39.501, -1.0396814, 9.526425, -0.8153543, 7.635591E-5, -1.5271181E-4, -7.635591E-5, -0.83908886, 9.745047, -0.7073802, 25.275002, 272.325, -13.556251, 4.5926075, -74.1810619
2024-07-24 22:06:40.926, -1.0229317, 9.512068, -0.80817586, 7.635591E-5, -1.5271181E-4, -7.635591E-5, -0.83908886, 9.745047, -0.7073802, 25.218752, 272.625, -13.181251, 4.5926075, -74.1810619
2024-07-24 22:06:43.404, -1.0492527, 9.52164, -0.8033902, 7.635591E-5, -1.5271181E-4, -7.635591E-5, -0.83908886, 9.745047, -0.7073802, 24.675001, 272.75626, -13.33125, 4.5926075, -74.1810619
2024-07-24 22:06:44.408, -1.0396814, 9.543175, -0.79142606, 7.635591E-5, -1.5271181E-4, -7.635591E-5, -0.83908886, 9.745047, -0.7073802, 25.425001, 273.01877, -13.106251, 4.5926075, -74.1810619
2024-07-24 22:06:45.412, -1.0301101, 9.528818, -0.7938189, 7.635591E-5, -1.5271181E-4, -7.635591E-5, -0.83908886, 9.745047, -0.7073802, 25.3875, 272.45627, -13.293751, 4.5926075, -74.1810619
2024-07-24 22:06:48.312, -1.0277174, 9.512068, -0.8009974, 7.635591E-5, -1.5271181E-4, -7.635591E-5, -0.83908886, 9.745047, -0.7073802, 25.10625, 272.36252, -13.2375, 4.5926075, -74.1810619
2024-07-24 22:06:49.316, -1.0301101, 9.533604, -0.79860455, 7.635591E-5, -1.5271181E-4, -7.635591E-5, -0.83908886, 9.745047, -0.7073802, 25.556252, 272.98126, -13.575001, 4.5926075, -74.1810619
2024-07-24 22:06:50.320, -1.0372887, 9.540782, -0.80578303, 7.635591E-5, -1.5271181E-4, -7.635591E-5, -0.83908886, 9.745047, -0.7073802, 25.10625, 272.75626, -13.25625, 4.5926075, -74.1810619
2024-07-24 22:06:53.089, -1.0396814, 9.540782, -0.7938189, 7.635591E-5, -1.5271181E-4, -7.635591E-5, -0.83908886, 9.745047, -0.7073802, 25.25625, 272.15625, -13.181251, 4.5926075, -74.1810619
2024-07-24 22:06:54.093, -1.0444671, 9.516854, -0.8153543, 7.635591E-5, -1.5271181E-4, -7.635591E-5, -0.83908886, 9.745047, -0.7073802, 25.5375, 272.19376, -12.7875, 4.5926075, -74.1810619
2024-07-24 22:06:55.099, -1.0157533, 9.516854, -0.7962117, 7.635591E-5, -1.5271181E-4, -7.635591E-5, -0.83908886, 9.745047, -0.7073802, 24.88125, 272.7, -13.81875, 4.5926075, -74.1810619
2024-07-24 22:06:57.086, -1.0420742, 9.526425, -0.8129615, 7.635591E-5, -1.5271181E-4, -7.635591E-5, -0.83908886, 9.745047, -0.7073802, 25.44375, 272.55002, -13.44375, 4.5926075, -74.1810619
2024-07-24 22:06:58.777, -1.0301101, 9.526425, -0.79860455, 7.635591E-5, -1.5271181E-4, -7.635591E-5, -0.83908886, 9.745047, -0.7073802, 25.612501, 272.34375, -12.900001, 4.5926075, -74.1810619
2024-07-24 22:06:59.784, -1.0612168, 9.540782, -0.8129615, 7.635591E-5, -1.5271181E-4, -7.635591E-5, -0.83908886, 9.745047, -0.7073802, 24.975, 273.1875, -13.650001, 4.5926075, -74.1810619
2024-07-24 22:07:01.064, -1.0253245, 9.535996, -0.7890333, 7.635591E-5, -1.5271181E-4, -7.635591E-5, -0.83908886, 9.745047, -0.7073802, 26.025002, 272.6625, -13.575001, 4.5926075, -74.1810619
2024-07-24 22:07:02.835, -1.0444671, 9.531211, -0.80578303, 7.635591E-5, -1.5271181E-4, -7.635591E-5, -0.83908886, 9.745047, -0.7073802, 25.087502, 272.90625, -13.05, 4.5926075, -74.1810619
2024-07-24 22:07:03.847, -1.032503, 9.514461, -0.7890333, 7.635591E-5, -1.5271181E-4, -7.635591E-5, -0.83908886, 9.745047, -0.7073802, 25.66875, 273.20627, -13.14375, 4.5926075, -74.1810619
2024-07-24 22:07:04.857, -1.0444671, 9.538389, -0.7962117, 7.635591E-5, -1.5271181E-4, -7.635591E-5, -0.83908886, 9.745047, -0.7073802, 25.087502, 272.60626, -13.218751, 4.5926075, -74.1810619
2024-07-24 22:07:05.861, -1.0588241, 9.528818, -0.80817586, 7.635591E-5, -1.5271181E-4, -7.635591E-5, -0.83908886, 9.745047, -0.7073802, 25.275002, 272.45627, -13.462501, 4.5926075, -74.1810619
2024-07-24 22:07:06.867, -1.0420742, 9.535996, -0.80817586, 7.635591E-5, -1.5271181E-4, -7.635591E-5, -0.83908886, 9.745047, -0.7073802, 25.087502, 272.53125, -13.33125, 4.5926075, -74.1810619
2024-07-24 22:07:07.874, -1.0277174, 9.538389, -0.7962117, 7.635591E-5, -1.5271181E-4, -7.635591E-5, -0.83908886, 9.745047, -0.7073802, 25.237501, 272.56876, -13.012501, 4.5926075, -74.1810619
2024-07-24 22:07:08.879, -1.0420742, 9.543175, -0.8177471, 7.635591E-5, -1.5271181E-4, -7.635591E-5, -0.83908886, 9.745047, -0.7073802, 25.425001, 272.94376, -13.012501, 4.5926075, -74.1810619
2024-07-24 22:07:09.883, -1.0277174, 9.528818, -0.7938189, 7.635591E-5, -1.5271181E-4, -7.635591E-5, -0.83908886, 9.745047, -0.7073802, 25.218752, 272.8875, -13.668751, 4.5926075, -74.1810619
2024-07-24 22:07:11.111, -1.0492527, 9.524033, -0.80817586, 7.635591E-5, -1.5271181E-4, -7.635591E-5, -0.83908886, 9.745047, -0.7073802, 25.10625, 272.625, -13.33125, 4.5926075, -74.1810619
2024-07-24 22:10:24.588, -1.0492527, 9.52164, -0.80578303, 7.635591E-5, -1.5271181E-4, -7.635591E-5, -0.83908886, 9.745047, -0.7073802, 25.125002, 273.075, -13.425, 4.5926075, -74.1810619
2024-07-24 22:10:25.594, -1.0492527, 9.52164, -0.80578303, 7.635591E-5, -1.5271181E-4, -7.635591E-5, -0.83908886, 9.745047, -0.7073802, 25.125002, 273.075, -13.425, 4.5926075, -74.1810619
2024-07-24 22:17:48.579, -1.0492527, 9.52164, -0.80578303, 7.635591E-5, -1.5271181E-4, -7.635591E-5, -0.83908886, 9.745047, -0.7073802, 25.125002, 273.075, -13.425, 4.5926075, -74.1810619
2024-07-24 22:17:49.585, -1.0492527, 9.52164, -0.80578303, 7.635591E-5, -1.5271181E-4, -7.635591E-5, -0.83908886, 9.745047, -0.7073802, 25.125002, 273.075, -13.425, 4.5926075, -74.1810619
2024-07-24 22:18:42.142, -1.0492527, 9.52164, -0.80578303, 7.635591E-5, -1.5271181E-4, -7.635591E-5, -0.83908886, 9.745047, -0.7073802, 25.125002, 273.075, -13.425, 4.5926075, -74.1810619
2024-07-24 22:25:02.978, -1.0492527, 9.52164, -0.80578303, 7.635591E-5, -1.5271181E-4, -7.635591E-5, -0.83908886, 9.745047, -0.7073802, 25.125002, 273.075, -13.425, 4.5926075, -74.1810619
2024-07-24 22:25:38.702, -1.0492527, 9.52164, -0.80578303, 7.635591E-5, -1.5271181E-4, -7.635591E-5, -0.83908886, 9.745047, -0.7073802, 25.125002, 273.075, -13.425, 4.5926075, -74.1810619
2024-07-24 22:29:43.702, -1.0492527, 9.52164, -0.80578303, 7.635591E-5, -1.5271181E-4, -7.635591E-5, -0.83908886, 9.745047, -0.7073802, 25.125002, 273.075, -13.425, 4.5926075, -74.1810619
2024-07-24 22:38:43.788, -1.0492527, 9.52164, -0.80578303, 7.635591E-5, -1.5271181E-4, -7.635591E-5, -0.83908886, 9.745047, -0.7073802, 25.125002, 273.075, -13.425, 4.5926075, -74.1810619
2024-07-24 22:38:44.846, -1.0492527, 9.52164, -0.80578303, 7.635591E-5, -1.5271181E-4, -7.635591E-5, -0.83908886, 9.745047, -0.7073802, 25.125002, 273.075, -13.425, 4.5926075, -74.1810619
2024-07-24 22:48:01.735, -1.0492527, 9.52164, -0.80578303, 7.635591E-5, -1.5271181E-4, -7.635591E-5, -0.83908886, 9.745047, -0.7073802, 25.125002, 273.075, -13.425, 4.5926075, -74.1810619
2024-07-24 22:48:02.746, -1.0492527, 9.52164, -0.80578303, 7.635591E-5, -1.5271181E-4, -7.635591E-5, -0.83908886, 9.745047, -0.7073802, 25.125002, 273.075, -13.425, 4.5926075, -74.1810619
2024-07-24 22:51:36.569, -1.0492527, 9.52164, -0.80578303, 7.635591E-5, -1.5271181E-4, -7.635591E-5, -0.83908886, 9.745047, -0.7073802, 25.125002, 273.075, -13.425, 4.5926075, -74.1810619
2024-07-24 22:51:37.577, -1.0492527, 9.52164, -0.80578303, 7.635591E-5, -1.5271181E-4, -7.635591E-5, -0.83908886, 9.745047, -0.7073802, 25.125002, 273.075, -13.425, 4.5926075, -74.1810619
2024-07-24 22:58:14.604, -1.0492527, 9.52164, -0.80578303, 7.635591E-5, -1.5271181E-4, -7.635591E-5, -0.83908886, 9.745047, -0.7073802, 25.125002, 273.075, -13.425, 4.5926075, -74.1810619
