2024-07-24 02:58:18.792, -0.7573284, 5.3007, 8.3013, -0.14301461, 0.09521582, 0.10483666, -0.7524374, 5.699625, 7.944716, -43.331253, -16.931252, 45.54375, 0.0, 0.0
2024-07-24 02:58:19.795, 1.2897314, 3.3424742, 8.8447695, 0.41774318, -0.106974624, -0.12362021, 0.4562639, 4.2081175, 8.846126, -40.275, -6.6375003, 48.750004, 0.0, 0.0
2024-07-24 02:58:20.800, -0.30717862, 4.9486566, 7.9372916, 0.06757498, 0.024357535, -0.33741677, -0.19246505, 4.9187565, 8.481697, -41.625, -11.15625, 46.275, 0.0, 0.0
2024-07-24 02:58:21.809, -0.587438, 4.544269, 7.243074, -0.18539214, -0.17233528, -0.030160584, -0.98225904, 5.3670664, 8.148628, -38.5875, -12.618751, 43.21875, 0.0, 0.0
2024-07-24 02:58:22.820, -0.39571303, 5.116453, 8.13141, 0.003970507, -0.10636378, 0.034589227, -0.44877696, 5.101495, 8.363237, -41.0625, -12.281251, 45.46875, 0.0, 0.0
2024-07-24 02:58:23.829, -1.0253245, 5.6527443, 7.7937226, -0.17416783, -0.03978143, 0.47195587, -0.27156207, 5.0678906, 8.391253, -42.0, -12.4875, 45.9, 0.0, 0.0
2024-07-24 02:58:24.833, 0.48035914, 4.6064825, 7.9133635, -0.0264955, 0.053678203, 0.006490252, 0.46524298, 4.8781524, 8.494561, -40.631252, -9.806251, 46.93125, 0.0, 0.0
2024-07-24 02:58:25.838, 0.3152544, 4.616054, 8.337193, 0.07566871, 0.057954133, -0.018554486, 0.48026568, 4.617762, 8.638056, 12.58125, 14.512501, -40.331253, 0.0, 0.0
2024-07-24 02:58:26.843, 0.36550367, 4.6615176, 7.827222, -0.015958386, -0.19676918, 0.0052685575, 0.4287088, 4.9197826, 8.4724455, 11.962501, 13.556251, -40.800003, 0.0, 0.0
2024-07-24 02:58:27.848, 0.47078785, 4.632804, 8.655437, -0.33619505, -0.015347538, 0.06207735, 0.5245022, 4.946432, 8.451514, 11.6625, 12.95625, -40.706253, 0.0, 0.0
2024-07-24 02:58:28.852, -0.84347, 5.051847, 9.273384, -0.095063105, 0.028022617, 0.33085015, 0.17874594, 4.6406565, 8.637288, 12.39375, 14.19375, -41.756252, 0.0, 0.0
2024-07-24 02:58:29.857, 0.983151, 0.47916272, 10.453644, -0.6128325, 0.19722731, 0.69980186, 0.6392975, 1.3640922, 9.690249, 31.66875, 25.893751, -35.9625, 0.0, 0.0
2024-07-24 02:58:30.860, 0.76301134, 0.10797612, 10.319346, 0.1435491, 0.13614258, 0.019928891, 0.82740295, 0.7549872, 9.742474, 36.5625, 27.843752, -31.931252, 0.0, 0.0
2024-07-24 02:58:31.863, -0.077467635, 0.017048862, 10.587642, 0.12362021, -0.25968644, -0.70026004, 0.080414265, 0.49698636, 9.793719, 32.943752, 30.35625, -32.2125, 0.0, 0.0
2024-07-24 02:58:32.866, 0.95682997, 0.6658029, 9.397811, 0.17409147, -0.84487814, -0.41743773, 0.11713703, 1.798807, 9.639552, 21.018751, 24.956251, -37.068752, 0.0, 0.0
2024-07-24 02:58:33.870, -2.7825537, 7.9390864, -3.2886357, 0.15668233, 2.7915719, -0.51700586, -1.4477423, 8.225731, -5.1392407, 77.025, -19.518751, -16.743752, 0.0, 0.0
2024-07-24 02:58:34.873, -1.80359, 8.901599, -1.2726825, -0.19600561, -0.3794125, 0.0626882, -1.0308989, 9.661001, -1.331423, 51.843754, -29.75625, 30.806252, 0.0, 0.0
2024-07-24 02:58:35.876, -5.5740805, 9.899706, 3.034099, 0.6183301, 1.8374286, -0.80899084, -2.486575, 9.470612, -0.543009, 50.250004, -41.475002, 32.30625, 0.0, 0.0
2024-07-24 02:58:36.880, -0.75254273, 8.223832, -4.5933223, 0.16660859, -0.11491564, 0.034589227, -0.49049303, 8.896063, -4.0975447, 39.80625, -24.937502, 49.143753, 0.0, 0.0
2024-07-24 02:58:37.884, 1.2610176, 8.226225, -4.677071, -0.30068958, -0.11247225, 0.8909971, 1.3496052, 7.9849753, -5.5307426, 28.500002, -9.9375, 50.081253, 0.0, 0.0
2024-07-24 02:58:38.893, 0.49471608, 9.121739, -1.9357935, -0.102545984, 0.39766157, 0.0290916, 0.8180586, 9.543862, -2.1013968, -10.556251, -34.4625, 68.700005, 0.0, 0.0
2024-07-24 02:58:39.907, 0.2434697, 10.819147, -0.41575295, -0.29572642, 0.3536042, -0.0051158457, 0.8409213, 9.632276, -1.6378337, -9.075001, -37.40625, 69.693756, 0.0, 0.0
2024-07-24 02:58:40.918, 0.016151553, 9.423235, -1.1482558, -0.0794865, 0.21616358, -0.06742226, 0.44161102, 9.7197, -1.2258915, -12.525001, -40.068752, 69.84375, 0.0, 0.0
2024-07-24 02:58:41.931, -1.1066805, 9.772886, -0.983151, -0.032145835, 0.035963632, -0.38811707, -0.67345685, 9.739113, -0.9308773, -8.043751, -42.73125, 67.200005, 0.0, 0.0
2024-07-24 02:58:42.941, -0.64008003, 9.540782, -0.8153543, -0.006566608, -0.007406523, 0.011987877, -0.3675137, 9.772987, -0.7239053, -10.25625, -43.29375, 67.8, 0.0, 0.0
2024-07-24 02:58:43.947, -0.5344968, 9.550353, -0.80578303, 0.00335966, 0.02741177, -0.022219568, -0.33180147, 9.772131, -0.7521653, -7.5937505, -42.131252, 67.631256, 0.0, 0.0
2024-07-24 02:58:44.952, -0.75972116, 9.502497, -0.9735797, -0.014049487, 0.11720632, 0.012598725, -0.51530313, 9.746871, -0.95045114, -6.5062504, -40.74375, 68.49375, 0.0, 0.0
2024-07-24 02:58:45.960, -1.0157533, 9.485747, -0.779462, 0.033902023, -0.4050681, -0.051540237, -0.6832099, 9.733345, -0.98265034, -3.24375, -40.2, 67.875, 0.0, 0.0
2024-07-24 02:58:46.967, -0.9559326, 9.497711, -0.62153566, -0.0022143214, -0.03000787, 0.003436016, -0.5689693, 9.735163, -1.0359906, -2.49375, -40.74375, 67.5, 0.0, 0.0
2024-07-24 02:58:47.977, -0.6735796, 9.325129, -1.698904, 0.15294088, -0.9798754, -0.021608721, -0.28009272, 9.75134, -1.0016471, -7.5937505, -40.7625, 68.137505, 0.0, 0.0
2024-07-24 02:58:48.983, -0.5922236, 9.684352, -0.6334998, -0.004123219, -0.07887565, 0.10361496, -0.35467383, 9.768334, -0.79008526, -13.275001, -42.506252, 65.625, 0.0, 0.0
2024-07-24 02:58:49.992, -0.6305088, 9.516854, -0.875474, 0.0027488125, -0.012904149, 0.011987877, -0.4295503, 9.756316, -0.8945215, -7.1625004, -40.96875, 66.9375, 0.0, 0.0
2024-07-24 02:58:51.004, -1.1404791, 9.500104, -1.0214362, 0.0052685575, -0.05260922, 0.016874656, -0.9255866, 9.722024, -0.89214987, -5.9812503, -42.0, 67.05, 0.0, 0.0
2024-07-24 02:58:52.016, -1.1165509, 9.5048895, -0.8392825, 0.006490252, -0.04161397, 0.015042114, -1.0284566, 9.711898, -0.88978875, -6.8437505, -42.393753, 66.99375, 0.0, 0.0
2024-07-24 02:58:53.024, -1.0660025, 9.5048895, -0.87308115, 0.02893889, -0.09536853, 0.008933641, -1.0630985, 9.706233, -0.91062754, -6.0, -42.28125, 66.731255, 0.0, 0.0
2024-07-24 02:58:54.030, -0.77407813, 9.526425, -0.8225328, 0.05260922, -0.21081866, 0.037032615, -0.9808835, 9.713025, -0.93026316, -7.4812503, -41.737503, 67.425, 0.0, 0.0
2024-07-24 02:58:55.036, -0.48185465, 9.528818, -0.82971126, -0.0028251687, 0.021303298, 0.014431266, -0.47169003, 9.758413, -0.84928226, -10.3125, -41.5125, 68.231255, 0.0, 0.0
2024-07-24 02:58:56.040, -1.0157533, 9.437592, -0.34396824, 0.09307785, -0.18455222, 0.026648212, -0.59965724, 9.765132, -0.6730604, -11.56875, -43.0875, 67.106255, 0.0, 0.0
2024-07-24 02:58:57.047, -0.7405786, 9.528818, -0.631107, 0.019547112, -0.085594974, -0.03504736, -0.54467964, 9.770311, -0.64399004, -12.150001, -43.21875, 67.762505, 0.0, 0.0
2024-07-24 02:58:58.057, -0.57547385, 9.533604, -0.65982085, -0.009086353, 0.024357535, 0.013820419, -0.5593109, 9.768, -0.666146, -10.856251, -42.975002, 67.6125, 0.0, 0.0
2024-07-24 02:58:59.069, -0.6017949, 9.543175, -0.62153566, 0.005879405, -0.023899399, 0.010766183, -0.6685259, 9.7591, -0.6952865, -8.56875, -42.91875, 67.78125, 0.0, 0.0
2024-07-24 02:59:00.088, -0.8386843, 9.543175, -0.6430711, 0.012751437, -0.03978143, 0.008933641, -0.7582189, 9.756944, -0.6305137, -6.24375, -43.40625, 66.881256, 0.0, 0.0
2024-07-24 02:59:01.101, -0.80518484, 9.543175, -0.6430711, 0.0021379655, -0.006795676, 0.011987877, -0.75759363, 9.75495, -0.66135705, -6.15, -43.125, 66.693756, 0.0, 0.0
2024-07-24 02:59:02.112, -0.81236327, 9.538389, -0.6478567, 9.162709E-4, -0.0019088977, 0.011987877, -0.75384456, 9.754669, -0.66972315, -6.2250004, -42.46875, 67.70625, 0.0, 0.0
2024-07-24 02:59:03.121, -0.7645068, 9.54796, -0.7722835, -0.004123219, 0.06161922, 0.015042114, -0.75973135, 9.75359, -0.67874485, -6.6937504, -42.7125, 68.2125, 0.0, 0.0
2024-07-24 02:59:04.129, -0.82911307, 9.528818, -0.6430711, -3.8177954E-4, -0.0019088977, 0.012598725, -0.7586361, 9.753356, -0.6833176, -6.4875, -42.300003, 68.11875, 0.0, 0.0
2024-07-24 02:59:05.136, -0.8147561, 9.54796, -0.6765706, -0.001603474, 0.0096972, 0.013209572, -0.76332927, 9.752485, -0.69046324, -6.5437503, -42.375, 67.8, 0.0, 0.0
2024-07-24 02:59:06.142, -0.82911307, 9.552746, -0.6550352, 2.2906772E-4, -7.635591E-5, 0.01137703, -0.7613653, 9.752933, -0.6863136, -6.2812505, -42.225002, 67.89375, 0.0, 0.0
2024-07-24 02:59:07.148, -0.8171489, 9.533604, -0.6622137, -0.0, -7.635591E-4, -1.5271181E-4, -0.7793497, 9.751599, -0.68506795, -6.24375, -41.756252, 68.4, 0.0, 0.0
2024-07-24 02:59:08.158, -0.8003992, 9.540782, -0.65264237, -6.8720314E-4, -0.0045049987, 2.2906772E-4, -0.818521, 9.748339, -0.6857877, -6.3, -41.68125, 68.2125, 0.0, 0.0
2024-07-24 02:59:09.170, -0.7956135, 9.535996, -0.6646065, -1.5271181E-4, 0.0011453386, 3.0542363E-4, -0.82572144, 9.747749, -0.6855246, -5.68125, -42.525, 67.818756, 0.0, 0.0
2024-07-24 02:59:10.181, -0.80997044, 9.540782, -0.6693921, 5.344914E-4, 5.344914E-4, 2.2906772E-4, -0.82705253, 9.747556, -0.68669796, -6.3187504, -42.2625, 66.975006, 0.0, 0.0
2024-07-24 02:59:11.194, -0.7812566, 9.540782, -0.62871414, -0.0019852535, 0.0041995747, 0.0010689828, -0.8292522, 9.747395, -0.68631583, -6.1687503, -41.98125, 67.78125, 0.0, 0.0
2024-07-24 02:59:12.207, -0.80997044, 9.538389, -0.65264237, -7.635591E-4, 0.0019088977, 3.0542363E-4, -0.8264156, 9.747667, -0.68586814, -6.5062504, -42.2625, 68.231255, 0.0, 0.0
2024-07-24 02:59:13.218, -0.80997044, 9.526425, -0.6861419, 6.1084726E-4, 0.0036650836, 2.2906772E-4, -0.82639176, 9.747649, -0.6861491, -6.20625, -41.775, 68.175, 0.0, 0.0
2024-07-24 02:59:14.223, -0.8243274, 9.531211, -0.65982085, -6.8720314E-4, -7.635591E-5, -4.5813544E-4, -0.82509685, 9.747733, -0.6865127, -6.5437503, -42.225002, 68.26875, 0.0, 0.0
2024-07-24 02:59:15.228, -0.81236327, 9.533604, -0.6358926, -0.0012216945, -0.0019852535, 0.0010689828, -0.8333234, 9.746953, -0.6876548, -6.6937504, -42.61875, 68.11875, 0.0, 0.0
2024-07-24 02:59:16.233, -0.8003992, 9.533604, -0.6789634, -0.0012216945, 0.008475506, 9.926268E-4, -0.83078384, 9.747273, -0.68618435, -6.1875005, -42.46875, 67.856255, 0.0, 0.0
2024-07-24 02:59:17.241, -0.8171489, 9.531211, -0.67417777, -7.635591E-5, 0.0023670332, 2.2906772E-4, -0.8293388, 9.747393, -0.686252, -6.1875005, -42.956253, 67.89375, 0.0, 0.0
2024-07-24 02:59:18.251, -0.83389866, 9.526425, -0.657428, 0.0010689828, -0.012216945, -9.162709E-4, -0.82955486, 9.747262, -0.6878275, -6.4125004, -41.925003, 67.78125, 0.0, 0.0
2024-07-24 02:59:19.260, -0.7956135, 9.524033, -0.68135625, 5.344914E-4, -0.0012980504, 3.8177954E-4, -0.8299936, 9.747239, -0.6876189, -6.6000004, -41.8875, 68.15625, 0.0, 0.0
2024-07-24 02:59:20.273, -0.7956135, 9.535996, -0.698106, 0.0012216945, -0.008093726, -0.0010689828, -0.8279394, 9.747409, -0.6876957, -6.5062504, -42.3375, 67.70625, 0.0, 0.0
2024-07-24 02:59:21.287, -0.8386843, 9.524033, -0.67178494, 0.0011453386, -0.008704574, -2.2906772E-4, -0.82883126, 9.747252, -0.6888327, -6.2812505, -41.831253, 68.25, 0.0, 0.0
2024-07-24 02:59:22.299, -0.82672024, 9.524033, -0.6430711, -6.8720314E-4, -0.0012216945, 2.2906772E-4, -0.8289211, 9.747285, -0.6882727, -6.0937505, -41.90625, 68.2125, 0.0, 0.0
2024-07-24 02:59:23.312, -0.81954175, 9.535996, -0.69092757, -1.5271181E-4, -0.002519745, 2.2906772E-4, -0.8303834, 9.747205, -0.6876297, -5.8875003, -42.131252, 68.418755, 0.0, 0.0
2024-07-24 02:59:24.320, -0.7956135, 9.538389, -0.66699934, -6.8720314E-4, 5.344914E-4, -3.0542363E-4, -0.82891244, 9.74735, -0.68735784, -6.6375003, -42.393753, 67.818756, 0.0, 0.0
2024-07-24 02:59:25.325, -0.80997044, 9.538389, -0.67178494, 6.1084726E-4, -0.0038177953, 2.2906772E-4, -0.8290822, 9.747382, -0.6866892, -6.3750005, -42.28125, 67.40625, 0.0, 0.0
2024-07-24 02:59:26.329, -0.8243274, 9.550353, -0.657428, -1.5271181E-4, -1.5271181E-4, 4.5813544E-4, -0.8326238, 9.747028, -0.6874207, -6.24375, -41.5875, 67.93125, 0.0, 0.0
2024-07-24 02:59:27.334, -0.8171489, 9.552746, -0.6358926, 5.344914E-4, -0.015958386, -9.162709E-4, -0.8276101, 9.7473345, -0.68913746, -6.675, -42.61875, 68.043755, 0.0, 0.0
2024-07-24 02:59:28.338, -0.81236327, 9.528818, -0.69332033, 5.344914E-4, -0.0012980504, -3.0542363E-4, -0.83301365, 9.746823, -0.68986773, -6.0, -42.2625, 68.287506, 0.0, 0.0
2024-07-24 02:59:29.342, -0.82672024, 9.543175, -0.68135625, 5.344914E-4, -0.0013744063, -1.5271181E-4, -0.8297378, 9.746942, -0.6921327, -6.3562503, -42.0, 68.15625, 0.0, 0.0
2024-07-24 02:59:30.347, -0.81236327, 9.519247, -0.6789634, 0.0011453386, -0.0038177953, -1.5271181E-4, -0.8284888, 9.747055, -0.6920289, -6.4687505, -42.05625, 68.2125, 0.0, 0.0
2024-07-24 02:59:31.351, -0.81236327, 9.538389, -0.6837491, -6.8720314E-4, 0.005955761, 3.8177954E-4, -0.8260021, 9.747191, -0.69308805, -6.0937505, -42.300003, 68.0625, 0.0, 0.0
2024-07-24 02:59:32.357, -0.81236327, 9.514461, -0.67417777, 4.5813544E-4, -0.004352287, -2.2906772E-4, -0.8282773, 9.74695, -0.6937643, -6.1687503, -42.225002, 68.0625, 0.0, 0.0
2024-07-24 02:59:33.365, -0.802792, 9.533604, -0.67417777, -7.635591E-5, -6.1084726E-4, -2.2906772E-4, -0.82954115, 9.7468405, -0.6937845, -6.6375003, -42.24375, 67.93125, 0.0, 0.0
2024-07-24 02:59:34.373, -0.80757767, 9.52164, -0.6693921, -1.5271181E-4, 7.635591E-5, 4.5813544E-4, -0.828215, 9.747037, -0.69262534, -6.3562503, -41.7, 67.856255, 0.0, 0.0
2024-07-24 02:59:35.384, -0.80997044, 9.535996, -0.67417777, 4.5813544E-4, -6.8720314E-4, 3.0542363E-4, -0.8277395, 9.747169, -0.6913343, -6.8250003, -41.79375, 67.575005, 0.0, 0.0
2024-07-24 02:59:36.395, -0.80518484, 9.528818, -0.67178494, -2.2906772E-4, -0.0030542363, -2.2906772E-4, -0.8281804, 9.747251, -0.68964416, -6.3750005, -41.756252, 68.71875, 0.0, 0.0
2024-07-24 02:59:37.405, -0.80518484, 9.526425, -0.65982085, -7.635591E-5, 0.0012980504, -2.2906772E-4, -0.8288685, 9.74735, -0.68742245, -5.9437504, -42.43125, 68.006256, 0.0, 0.0
2024-07-24 02:59:38.416, -0.80757767, 9.531211, -0.6765706, -1.5271181E-4, 6.1084726E-4, 2.2906772E-4, -0.8276451, 9.7474165, -0.6879284, -6.1312504, -41.925003, 68.193756, 0.0, 0.0
2024-07-24 02:59:39.425, -0.80757767, 9.533604, -0.6622137, -7.635591E-5, 0.0018325418, 3.0542363E-4, -0.828206, 9.747454, -0.6867401, -6.3375, -42.018753, 67.875, 0.0, 0.0
2024-07-24 02:59:40.440, -0.8147561, 9.531211, -0.67417777, 5.344914E-4, -5.344914E-4, -3.0542363E-4, -0.8270611, 9.747649, -0.6853382, -6.4875, -41.775, 67.74375, 0.0, 0.0
2024-07-24 02:59:41.453, -0.80518484, 9.526425, -0.67178494, -7.635591E-5, 5.344914E-4, 3.8177954E-4, -0.8276729, 9.747546, -0.68605536, -6.3375, -42.375, 67.8375, 0.0, 0.0
2024-07-24 02:59:42.468, -0.79800636, 9.538389, -0.67417777, -1.5271181E-4, 6.8720314E-4, 2.2906772E-4, -0.8284805, 9.747517, -0.6855236, -6.5437503, -41.643753, 68.100006, 0.0, 0.0
2024-07-24 02:59:43.480, -0.79800636, 9.533604, -0.66699934, -2.2906772E-4, -0.0, 1.5271181E-4, -0.82797724, 9.747463, -0.68688524, -5.8500004, -41.643753, 68.2125, 0.0, 0.0
2024-07-24 02:59:44.489, -0.8147561, 9.535996, -0.67178494, -7.635591E-5, 6.1084726E-4, 1.5271181E-4, -0.8279898, 9.747565, -0.68540996, -6.2625003, -41.756252, 68.2125, 0.0, 0.0
2024-07-24 02:59:45.502, -0.802792, 9.52164, -0.6693921, -7.635591E-5, -0.0019088977, -3.8177954E-4, -0.8276329, 9.74754, -0.6862032, -6.76875, -42.206253, 67.55625, 0.0, 0.0
2024-07-24 02:59:46.520, -0.8171489, 9.540782, -0.6789634, -6.8720314E-4, 0.0035123718, 7.635591E-5, -0.8270111, 9.747505, -0.68744653, -6.7500005, -42.581253, 68.043755, 0.0, 0.0
2024-07-24 02:59:47.530, -0.81954175, 9.538389, -0.6693921, -1.5271181E-4, 0.0029015245, -3.0542363E-4, -0.8284826, 9.747406, -0.6870774, -6.0375004, -42.075, 68.49375, 0.0, 0.0
2024-07-24 02:59:48.540, -0.81954175, 9.538389, -0.6693921, 4.5813544E-4, -0.0012216945, 3.0542363E-4, -0.827213, 9.747528, -0.6868842, -6.3187504, -42.05625, 67.425, 0.0, 0.0
2024-07-24 02:59:49.551, -0.8243274, 9.533604, -0.67178494, -7.635591E-5, -0.0019088977, -5.344914E-4, -0.8277785, 9.747419, -0.68773544, -6.2812505, -42.35625, 67.668755, 0.0, 0.0
2024-07-24 02:59:50.562, -0.79800636, 9.52164, -0.66699934, -6.8720314E-4, 0.0035887277, 2.2906772E-4, -0.82717514, 9.747486, -0.6875143, -6.2812505, -42.80625, 66.975006, 0.0, 0.0
2024-07-24 02:59:51.575, -0.7812566, 9.535996, -0.68853474, -0.0013744063, 0.008551862, 3.0542363E-4, -0.82894206, 9.747388, -0.68678266, -6.525, -42.018753, 67.70625, 0.0, 0.0
2024-07-24 02:59:52.586, -0.8147561, 9.531211, -0.6789634, 0.0, -5.344914E-4, -4.5813544E-4, -0.82640177, 9.747467, -0.6887253, -6.43125, -42.24375, 67.725006, 0.0, 0.0
2024-07-24 02:59:53.597, -0.8171489, 9.519247, -0.6622137, -0.0, -0.004963134, 9.162709E-4, -0.82998663, 9.747276, -0.6871101, -6.39375, -41.737503, 67.74375, 0.0, 0.0
2024-07-24 02:59:54.608, -0.8003992, 9.531211, -0.6646065, 0.0011453386, -0.0098499125, -4.5813544E-4, -0.82834166, 9.747429, -0.68691343, -6.15, -41.662502, 67.818756, 0.0, 0.0
2024-07-24 02:59:55.620, -0.80997044, 9.533604, -0.69571316, -7.635591E-5, 0.011453386, 7.635591E-5, -0.8275974, 9.747523, -0.68648267, -6.3187504, -42.24375, 67.012505, 0.0, 0.0
2024-07-24 02:59:56.631, -0.81236327, 9.528818, -0.657428, 5.344914E-4, -0.014736691, -3.8177954E-4, -0.82705617, 9.747349, -0.68959403, -6.9, -42.61875, 67.575005, 0.0, 0.0
2024-07-24 02:59:57.642, -0.80757767, 9.526425, -0.6693921, -1.5271181E-4, -0.0018325418, 8.39915E-4, -0.8287479, 9.74732, -0.68798447, -6.4500003, -42.1875, 67.668755, 0.0, 0.0
2024-07-24 02:59:58.658, -0.80757767, 9.533604, -0.6646065, -1.5271181E-4, -0.0086282175, 7.635591E-5, -0.82761073, 9.7473755, -0.68855387, -7.0125003, -42.1875, 67.33125, 0.0, 0.0
2024-07-24 02:59:59.669, -0.80757767, 9.543175, -0.67178494, 5.344914E-4, -0.0037414394, 1.5271181E-4, -0.8290486, 9.747258, -0.68848616, -6.4687505, -42.318752, 67.762505, 0.0, 0.0
