2024-07-12 04:00:00.549, 0.0038883367, -0.16510476, 9.883853, -3.8177954E-4, -6.8720314E-4, 7.635591E-4, -0.02979769, -9.754835, -1.0063244, -20.175001, -1.06875, -12.712501, 4.5923673, -74.1818323
2024-07-12 04:00:01.553, 0.0062811594, -0.18185452, 9.893424, -3.8177954E-4, -6.8720314E-4, 7.635591E-4, -0.02979769, -9.754835, -1.0063244, -20.643751, -2.49375, -12.58125, 4.5923673, -74.1818323
2024-07-12 04:00:02.557, 0.0014955142, -0.18664017, 9.883853, -3.8177954E-4, -6.8720314E-4, 7.635591E-4, -0.02979769, -9.754835, -1.0063244, -20.1375, -3.075, -12.093751, 4.5923672, -74.1818323
2024-07-12 04:00:03.560, -0.010468599, -0.18424734, 9.871889, -3.8177954E-4, -6.8720314E-4, 7.635591E-4, -0.02979769, -9.754835, -1.0063244, -20.868752, -2.5500002, -11.94375, 4.5923671, -74.1818323
2024-07-12 04:00:04.566, 0.008673982, -0.19142582, 9.876675, -3.8177954E-4, -6.8720314E-4, 7.635591E-4, -0.02979769, -9.754835, -1.0063244, -20.681252, -2.6625001, -12.450001, 4.592367, -74.1818322
2024-07-12 04:00:05.570, 0.011365907, -0.16749759, 9.876675, -3.8177954E-4, -6.8720314E-4, 7.635591E-4, -0.02979769, -9.754835, -1.0063244, -20.04375, -1.2375001, -12.1125, 4.5923668, -74.1818322
2024-07-12 04:00:06.573, 0.008673982, -0.1698904, 9.883853, -3.8177954E-4, -6.8720314E-4, 7.635591E-4, -0.02979769, -9.754835, -1.0063244, -21.0, -2.4750001, -12.262501, 4.5923667, -74.1818321
2024-07-12 04:00:07.577, 0.016151553, -0.16749759, 9.869496, -3.8177954E-4, -6.8720314E-4, 7.635591E-4, -0.02979769, -9.754835, -1.0063244, -20.737501, -2.79375, -12.525001, 4.5923666, -74.1818321
2024-07-12 04:00:08.581, 0.0014955142, -0.1698904, 9.88146, -3.8177954E-4, -6.8720314E-4, 7.635591E-4, -0.02979769, -9.754835, -1.0063244, -20.325, -3.0, -11.94375, 4.5923665, -74.1818321
2024-07-12 04:00:09.586, 0.0038883367, -0.15553348, 9.883853, -3.8177954E-4, -6.8720314E-4, 7.635591E-4, -0.02979769, -9.754835, -1.0063244, -20.71875, -2.5687501, -12.093751, 4.5923664, -74.1818321
2024-07-12 04:00:10.592, -0.022432713, -0.19621146, 9.886246, -3.8177954E-4, -6.8720314E-4, 7.635591E-4, -0.02979769, -9.754835, -1.0063244, -20.025002, -1.21875, -12.168751, 4.5923664, -74.181832
2024-07-12 04:00:11.596, 0.0062811594, -0.17228323, 9.876675, -3.8177954E-4, -6.8720314E-4, 7.635591E-4, -0.02979769, -9.754835, -1.0063244, -20.025002, -2.41875, -12.618751, 4.5923662, -74.181832
2024-07-12 04:00:12.600, 0.0062811594, -0.17228323, 9.883853, -3.8177954E-4, -6.8720314E-4, 7.635591E-4, -0.02979769, -9.754835, -1.0063244, -20.625, -2.5500002, -12.13125, 4.5923661, -74.1818319
2024-07-12 04:00:13.606, 0.0062811594, -0.17228323, 9.879067, -3.8177954E-4, -6.8720314E-4, 7.635591E-4, -0.02979769, -9.754835, -1.0063244, -21.375, -2.79375, -12.187501, 4.5923661, -74.1818319
2024-07-12 04:00:14.611, 0.008673982, -0.15792629, 9.874282, -3.8177954E-4, -6.8720314E-4, 7.635591E-4, -0.02979769, -9.754835, -1.0063244, -20.56875, -3.3187501, -12.075001, 4.592366, -74.1818319
2024-07-12 04:00:15.617, 0.0062811594, -0.1698904, 9.874282, -3.8177954E-4, -6.8720314E-4, 7.635591E-4, -0.02979769, -9.754835, -1.0063244, -19.7625, -1.1625, -12.975, 4.592366, -74.1818318
2024-07-12 04:00:16.621, 0.0062811594, -0.17706887, 9.88146, -3.8177954E-4, -6.8720314E-4, 7.635591E-4, -0.02979769, -9.754835, -1.0063244, -21.0375, -2.8500001, -12.4125, 4.5923659, -74.1818318
2024-07-12 04:00:17.625, 0.0038883367, -0.2009971, 9.869496, -3.8177954E-4, -6.8720314E-4, 7.635591E-4, -0.02979769, -9.754835, -1.0063244, -20.175001, -2.79375, -12.262501, 4.5923659, -74.1818318
2024-07-12 04:00:18.630, 0.01375873, -0.18664017, 9.876675, -3.8177954E-4, -6.8720314E-4, 7.635591E-4, -0.02979769, -9.754835, -1.0063244, -20.681252, -2.9437501, -12.6, 4.5923658, -74.1818318
2024-07-12 04:00:19.635, 0.01375873, -0.17467605, 9.876675, -3.8177954E-4, -6.8720314E-4, 7.635591E-4, -0.02979769, -9.754835, -1.0063244, -20.737501, -2.71875, -12.01875, 4.5923657, -74.1818317
2024-07-12 04:00:20.640, 0.0062811594, -0.16031912, 9.871889, -3.8177954E-4, -6.8720314E-4, 7.635591E-4, -0.02979769, -9.754835, -1.0063244, -19.85625, -1.6500001, -12.712501, 4.5923656, -74.1818317
2024-07-12 04:00:21.645, 0.01375873, -0.1698904, 9.864711, -3.8177954E-4, -6.8720314E-4, 7.635591E-4, -0.02979769, -9.754835, -1.0063244, -20.41875, -2.5687501, -12.187501, 4.5923655, -74.1818317
2024-07-12 04:00:22.650, 0.008673982, -0.1794617, 9.886246, -3.8177954E-4, -6.8720314E-4, 7.635591E-4, -0.02979769, -9.754835, -1.0063244, -20.34375, -2.9250002, -12.712501, 4.5923654, -74.1818317
2024-07-12 04:00:23.654, 0.008673982, -0.17706887, 9.871889, -3.8177954E-4, -6.8720314E-4, 7.635591E-4, -0.02979769, -9.754835, -1.0063244, -21.35625, -2.6625001, -12.39375, 4.5923653, -74.1818316
2024-07-12 04:00:24.659, -8.9730846E-4, -0.1698904, 9.886246, -3.8177954E-4, -6.8720314E-4, 7.635591E-4, -0.02979769, -9.754835, -1.0063244, -20.625, -2.5125, -12.468751, 4.5923653, -74.1818316
2024-07-12 04:00:25.663, 0.016151553, -0.17467605, 9.879067, -3.8177954E-4, -6.8720314E-4, 7.635591E-4, -0.02979769, -9.754835, -1.0063244, -20.681252, -1.7812501, -11.868751, 4.5923652, -74.1818316
2024-07-12 04:00:26.668, 0.0038883367, -0.18903299, 9.893424, -3.8177954E-4, -6.8720314E-4, 7.635591E-4, -0.02979769, -9.754835, -1.0063244, -21.0, -2.60625, -12.525001, 4.5923651, -74.1818315
2024-07-12 04:00:27.672, 0.011365907, -0.16271193, 9.886246, -3.8177954E-4, -6.8720314E-4, 7.635591E-4, -0.02979769, -9.754835, -1.0063244, -20.775002, -2.41875, -12.39375, 4.5923651, -74.1818315
2024-07-12 04:00:28.676, -0.0032901312, -0.18903299, 9.869496, -3.8177954E-4, -6.8720314E-4, 7.635591E-4, -0.02979769, -9.754835, -1.0063244, -19.800001, -2.5875, -12.637501, 4.592365, -74.1818315
2024-07-12 04:00:29.680, -0.0032901312, -0.17706887, 9.871889, -3.8177954E-4, -6.8720314E-4, 7.635591E-4, -0.02979769, -9.754835, -1.0063244, -20.493752, -2.79375, -12.843751, 4.592365, -74.1818315
2024-07-12 04:00:30.685, 0.0038883367, -0.17706887, 9.886246, -3.8177954E-4, -6.8720314E-4, 7.635591E-4, -0.02979769, -9.754835, -1.0063244, -20.19375, -1.40625, -12.4125, 4.5923649, -74.1818315
2024-07-12 04:00:31.689, -0.027218357, -0.15792629, 9.876675, -3.8177954E-4, -6.8720314E-4, 7.635591E-4, -0.02979769, -9.754835, -1.0063244, -20.925001, -2.5687501, -12.13125, 4.5923648, -74.1818314
2024-07-12 04:00:32.693, -0.0056829536, -0.17706887, 9.886246, -3.8177954E-4, -6.8720314E-4, 7.635591E-4, -0.02979769, -9.754835, -1.0063244, -21.09375, -3.0375001, -12.4125, 4.5923647, -74.1818314
2024-07-12 04:00:33.697, -0.0032901312, -0.17467605, 9.88146, -3.8177954E-4, -6.8720314E-4, 7.635591E-4, -0.02979769, -9.754835, -1.0063244, -20.325, -2.7, -12.39375, 4.5923646, -74.1818314
2024-07-12 04:00:34.701, 0.008673982, -0.18424734, 9.871889, -3.8177954E-4, -6.8720314E-4, 7.635591E-4, -0.02979769, -9.754835, -1.0063244, -21.225, -3.3000002, -11.8125, 4.5923645, -74.1818313
2024-07-12 04:00:35.705, 0.0014955142, -0.18903299, 9.883853, -3.8177954E-4, -6.8720314E-4, 7.635591E-4, -0.02979769, -9.754835, -1.0063244, -20.268751, -1.3312501, -12.262501, 4.5923644, -74.1818313
2024-07-12 04:00:36.710, -0.0032901312, -0.18424734, 9.874282, -3.8177954E-4, -6.8720314E-4, 7.635591E-4, -0.02979769, -9.754835, -1.0063244, -20.85, -2.79375, -12.337501, 4.5923644, -74.1818313
2024-07-12 04:00:37.716, 0.025722843, -0.17706887, 9.883853, -3.8177954E-4, -6.8720314E-4, 7.635591E-4, -0.02979769, -9.754835, -1.0063244, -20.625, -3.0937502, -12.150001, 4.5923643, -74.1818313
2024-07-12 04:00:38.720, 0.011365907, -0.15792629, 9.883853, -3.8177954E-4, -6.8720314E-4, 7.635591E-4, -0.02979769, -9.754835, -1.0063244, -20.643751, -2.79375, -12.0, 4.5923642, -74.1818312
2024-07-12 04:00:39.726, 0.0014955142, -0.17467605, 9.886246, -3.8177954E-4, -6.8720314E-4, 7.635591E-4, -0.02979769, -9.754835, -1.0063244, -20.325, -3.075, -12.281251, 4.5923641, -74.1818312
2024-07-12 04:00:40.731, -0.0032901312, -0.14117654, 9.879067, -3.8177954E-4, -6.8720314E-4, 7.635591E-4, -0.02979769, -9.754835, -1.0063244, -20.34375, -1.40625, -12.225, 4.5923641, -74.1818312
2024-07-12 04:00:41.736, 0.020937199, -0.18424734, 9.891031, -3.8177954E-4, -6.8720314E-4, 7.635591E-4, -0.02979769, -9.754835, -1.0063244, -20.75625, -2.775, -12.262501, 4.592364, -74.1818312
2024-07-12 04:00:42.740, 0.025722843, -0.17467605, 9.876675, -3.8177954E-4, -6.8720314E-4, 7.635591E-4, -0.02979769, -9.754835, -1.0063244, -20.53125, -3.0, -12.618751, 4.592364, -74.1818311
2024-07-12 04:00:43.746, 0.0014955142, -0.16749759, 9.883853, -3.8177954E-4, -6.8720314E-4, 7.635591E-4, -0.02979769, -9.754835, -1.0063244, -21.150002, -2.5875, -11.793751, 4.5923639, -74.1818311
2024-07-12 04:00:44.752, 0.01375873, -0.18903299, 9.871889, -3.8177954E-4, -6.8720314E-4, 7.635591E-4, -0.02979769, -9.754835, -1.0063244, -21.018751, -3.4875002, -12.525001, 4.5923639, -74.1818311
2024-07-12 04:00:45.756, 0.0014955142, -0.17706887, 9.883853, -3.8177954E-4, -6.8720314E-4, 7.635591E-4, -0.02979769, -9.754835, -1.0063244, -20.1, -1.81875, -12.562501, 4.5923638, -74.1818311
2024-07-12 04:00:46.760, 0.016151553, -0.16510476, 9.883853, -3.8177954E-4, -6.8720314E-4, 7.635591E-4, -0.02979769, -9.754835, -1.0063244, -20.400002, -2.9437501, -12.1125, 4.5923637, -74.1818311
2024-07-12 04:00:47.764, 0.020937199, -0.1698904, 9.871889, -3.8177954E-4, -6.8720314E-4, 7.635591E-4, -0.02979769, -9.754835, -1.0063244, -21.206251, -2.2125, -12.58125, 4.5923637, -74.181831
2024-07-12 04:00:48.769, 0.0062811594, -0.17228323, 9.876675, -3.8177954E-4, -6.8720314E-4, 7.635591E-4, -0.02979769, -9.754835, -1.0063244, -20.625, -3.1875002, -12.150001, 4.5923636, -74.181831
2024-07-12 04:00:49.773, 0.028115666, -0.1794617, 9.883853, -3.8177954E-4, -6.8720314E-4, 7.635591E-4, -0.02979769, -9.754835, -1.0063244, -20.362501, -2.71875, -12.95625, 4.5923635, -74.181831
2024-07-12 04:00:50.777, 0.008673982, -0.18903299, 9.893424, -3.8177954E-4, -6.8720314E-4, 7.635591E-4, -0.02979769, -9.754835, -1.0063244, -20.643751, -2.1375, -12.375001, 4.5923634, -74.181831
2024-07-12 04:00:51.781, 0.035294134, -0.17228323, 9.869496, -3.8177954E-4, -6.8720314E-4, 7.635591E-4, -0.02979769, -9.754835, -1.0063244, -20.79375, -3.4125001, -12.1125, 4.5923634, -74.181831
2024-07-12 04:00:52.784, 0.008673982, -0.16510476, 9.876675, -3.8177954E-4, -6.8720314E-4, 7.635591E-4, -0.02979769, -9.754835, -1.0063244, -20.643751, -2.98125, -12.618751, 4.5923633, -74.1818309
2024-07-12 04:00:53.788, -0.0032901312, -0.17228323, 9.88146, -3.8177954E-4, -6.8720314E-4, 7.635591E-4, -0.02979769, -9.754835, -1.0063244, -20.2875, -2.6437502, -12.375001, 4.5923632, -74.1818309
2024-07-12 04:00:54.793, 0.0062811594, -0.1698904, 9.876675, -3.8177954E-4, -6.8720314E-4, 7.635591E-4, -0.02979769, -9.754835, -1.0063244, -20.6625, -2.9437501, -11.700001, 4.5923632, -74.1818309
2024-07-12 04:00:55.797, 0.0038883367, -0.16271193, 9.886246, -3.8177954E-4, -6.8720314E-4, 7.635591E-4, -0.02979769, -9.754835, -1.0063244, -19.706251, -1.3125, -12.543751, 4.5923631, -74.1818309
2024-07-12 04:00:56.802, 0.0014955142, -0.16031912, 9.886246, -3.8177954E-4, -6.8720314E-4, 7.635591E-4, -0.02979769, -9.754835, -1.0063244, -20.5125, -2.9625, -12.281251, 4.592363, -74.1818309
2024-07-12 04:00:57.805, 0.016151553, -0.16510476, 9.88146, -3.8177954E-4, -6.8720314E-4, 7.635591E-4, -0.02979769, -9.754835, -1.0063244, -20.5125, -2.4750001, -12.656251, 4.5923629, -74.1818308
2024-07-12 04:00:58.809, 0.0038883367, -0.18185452, 9.874282, -3.8177954E-4, -6.8720314E-4, 7.635591E-4, -0.02979769, -9.754835, -1.0063244, -20.681252, -2.6625001, -12.20625, 4.5923628, -74.1818308
2024-07-12 04:00:59.813, 0.016151553, -0.15792629, 9.879067, -3.8177954E-4, -6.8720314E-4, 7.635591E-4, -0.02979769, -9.754835, -1.0063244, -20.550001, -2.9625, -12.31875, 4.5923627, -74.1818308
2024-07-12 04:01:00.817, 0.0062811594, -0.16510476, 9.8886385, -3.8177954E-4, -6.8720314E-4, 7.635591E-4, -0.02979769, -9.754835, -1.0063244, -20.53125, -2.15625, -11.85, 4.5923626, -74.1818308
2024-07-12 04:01:01.822, 0.0014955142, -0.16271193, 9.869496, -3.8177954E-4, -6.8720314E-4, 7.635591E-4, -0.02979769, -9.754835, -1.0063244, -21.50625, -3.16875, -16.743752, 4.5923625, -74.1818307
2024-07-12 04:01:02.827, 0.0038883367, -0.16749759, 9.89821, -3.8177954E-4, -6.8720314E-4, 7.635591E-4, -0.02979769, -9.754835, -1.0063244, -21.056252, -2.49375, -16.368752, 4.5923624, -74.1818307
2024-07-12 04:01:03.830, 0.016151553, -0.16271193, 9.876675, -3.8177954E-4, -6.8720314E-4, 7.635591E-4, -0.02979769, -9.754835, -1.0063244, -21.393751, -2.68125, -16.35, 4.5923624, -74.1818307
2024-07-12 04:01:04.836, -0.0032901312, -0.15792629, 9.879067, -3.8177954E-4, -6.8720314E-4, 7.635591E-4, -0.02979769, -9.754835, -1.0063244, -21.375, -2.98125, -16.5, 4.5923623, -74.1818307
2024-07-12 04:01:05.839, 0.016151553, -0.18664017, 9.879067, -3.8177954E-4, -6.8720314E-4, 7.635591E-4, -0.02979769, -9.754835, -1.0063244, -21.6, -2.5500002, -16.725, 4.5923622, -74.1818306
2024-07-12 04:01:06.841, -0.0032901312, -0.17467605, 9.883853, -3.8177954E-4, -6.8720314E-4, 7.635591E-4, -0.02979769, -9.754835, -1.0063244, -20.962502, -3.0187502, -16.85625, 4.5923622, -74.1818306
2024-07-12 04:01:07.843, 0.020937199, -0.1698904, 9.8886385, -3.8177954E-4, -6.8720314E-4, 7.635591E-4, -0.02979769, -9.754835, -1.0063244, -21.13125, -3.075, -16.837502, 4.592362, -74.1818306
2024-07-12 04:01:08.844, 0.023330022, -0.148355, 9.855139, -3.8177954E-4, -6.8720314E-4, 7.635591E-4, -0.02979769, -9.754835, -1.0063244, -21.0375, -2.11875, -16.800001, 4.592362, -74.1818306
2024-07-12 04:01:09.847, 0.028115666, -0.18424734, 9.886246, -3.8177954E-4, -6.8720314E-4, 7.635591E-4, -0.02979769, -9.754835, -1.0063244, -21.45, -2.775, -16.96875, 4.5923619, -74.1818306
2024-07-12 04:01:10.849, 0.028115666, -0.16031912, 9.891031, -3.8177954E-4, -6.8720314E-4, 7.635591E-4, -0.02979769, -9.754835, -1.0063244, -20.38125, -1.7437501, -14.512501, 4.5923618, -74.1818306
2024-07-12 04:01:11.852, 0.016151553, -0.1794617, 9.883853, -3.8177954E-4, -6.8720314E-4, 7.635591E-4, -0.02979769, -9.754835, -1.0063244, -20.306252, -2.4375, -12.450001, 4.5923618, -74.1818306
2024-07-12 04:01:12.855, 0.023330022, -0.17228323, 9.893424, -3.8177954E-4, -6.8720314E-4, 7.635591E-4, -0.02979769, -9.754835, -1.0063244, -20.4375, -2.4750001, -12.243751, 4.5923618, -74.1818306
2024-07-12 04:01:13.859, 0.0062811594, -0.18424734, 9.8886385, -3.8177954E-4, -6.8720314E-4, 7.635591E-4, -0.02979769, -9.754835, -1.0063244, -21.300001, -2.1000001, -12.31875, 4.5923617, -74.1818305
2024-07-12 04:01:14.862, 0.018544376, -0.18903299, 9.871889, -3.8177954E-4, -6.8720314E-4, 7.635591E-4, -0.02979769, -9.754835, -1.0063244, -20.8125, -1.7625, -12.187501, 4.5923617, -74.1818305
2024-07-12 04:01:15.864, -0.0032901312, -0.17467605, 9.879067, -3.8177954E-4, -6.8720314E-4, 7.635591E-4, -0.02979769, -9.754835, -1.0063244, -20.94375, -1.3875, -12.13125, 4.5923616, -74.1818305
2024-07-12 04:01:16.868, -8.9730846E-4, -0.1698904, 9.874282, -3.8177954E-4, -6.8720314E-4, 7.635591E-4, -0.02979769, -9.754835, -1.0063244, -20.6625, -1.7062501, -12.50625, 4.5923616, -74.1818305
2024-07-12 04:01:17.873, 0.020937199, -0.16031912, 9.883853, -3.8177954E-4, -6.8720314E-4, 7.635591E-4, -0.02979769, -9.754835, -1.0063244, -20.79375, -1.6875001, -12.843751, 4.5923616, -74.1818305
2024-07-12 04:01:18.877, 0.0038883367, -0.17228323, 9.88146, -3.8177954E-4, -6.8720314E-4, 7.635591E-4, -0.02979769, -9.754835, -1.0063244, -20.53125, -1.4250001, -12.69375, 4.5923616, -74.1818305
2024-07-12 04:01:19.880, -0.0032901312, -0.18664017, 9.879067, -3.8177954E-4, -6.8720314E-4, 7.635591E-4, -0.02979769, -9.754835, -1.0063244, -20.550001, -1.95, -11.90625, 4.5923616, -74.1818305
2024-07-12 04:01:20.884, -4.118646, 1.9106688, 10.281061, -3.8177954E-4, -6.8720314E-4, 7.635591E-4, -0.02979769, -9.754835, -1.0063244, -20.6625, -2.49375, -11.962501, 4.5923615, -74.1818304
2024-07-12 04:01:21.888, 6.980462, 2.6096723, 3.3406794, -3.8177954E-4, -6.8720314E-4, 7.635591E-4, -0.02979769, -9.754835, -1.0063244, -33.35625, -2.9625, -9.825001, 4.5923615, -74.1818304
2024-07-12 04:01:22.890, 3.5401812, 10.572388, -0.020638095, -3.8177954E-4, -6.8720314E-4, 7.635591E-4, -0.02979769, -9.754835, -1.0063244, -35.71875, -9.337501, 5.5125003, 4.5923615, -74.1818304
2024-07-12 04:01:23.891, 7.9740815, -2.8630123, 5.5480585, -3.8177954E-4, -6.8720314E-4, 7.635591E-4, -0.02979769, -9.754835, -1.0063244, -30.112501, 15.450001, -15.375001, 4.5923615, -74.1818304
2024-07-12 04:01:24.893, 5.3596234, -3.1265218, 7.1880393, -3.8177954E-4, -6.8720314E-4, 7.635591E-4, -0.02979769, -9.754835, -1.0063244, -22.556252, 25.575, -27.45, 4.5923615, -74.1818303
2024-07-12 04:01:25.895, 3.8775692, -3.3921251, 10.661819, -3.8177954E-4, -6.8720314E-4, 7.635591E-4, -0.02979769, -9.754835, -1.0063244, -11.83125, 35.025, -50.718754, 4.5923615, -74.1818303
2024-07-12 04:01:26.899, 0.86111706, 0.08883354, 9.89821, -3.8177954E-4, -6.8720314E-4, 7.635591E-4, -0.02979769, -9.754835, -1.0063244, -11.043751, 54.656254, -97.93125, 4.5923615, -74.1818303
2024-07-12 04:01:27.901, -1.8299111, -0.634098, 9.457631, -3.8177954E-4, -6.8720314E-4, 7.635591E-4, -0.02979769, -9.754835, -1.0063244, -12.562501, 37.74375, -107.606255, 4.5923615, -74.1818303
2024-07-12 04:01:28.902, 2.295315, 1.7001005, 13.264314, -3.8177954E-4, -6.8720314E-4, 7.635591E-4, -0.02979769, -9.754835, -1.0063244, -29.04375, 41.68125, -109.725006, 4.5923615, -74.1818303
2024-07-12 04:01:29.905, 0.13579269, -0.07627122, 9.871889, -3.8177954E-4, -6.8720314E-4, 7.635591E-4, -0.02979769, -9.754835, -1.0063244, -43.143753, 38.79375, -115.350006, 4.5923598, -74.1818278
2024-07-12 04:01:30.907, 0.13579269, -0.09571291, 9.879067, -3.8177954E-4, -6.8720314E-4, 7.635591E-4, -0.02979769, -9.754835, -1.0063244, -42.65625, 39.075, -115.65, 4.5923586, -74.1818275
2024-07-12 04:01:31.908, 0.1381855, -0.08105687, 9.874282, -3.8177954E-4, -6.8720314E-4, 7.635591E-4, -0.02979769, -9.754835, -1.0063244, -41.98125, 38.25, -116.325005, 4.592358, -74.1818286
2024-07-12 04:01:32.910, 0.14536397, -0.09332009, 9.867104, -3.8177954E-4, -6.8720314E-4, 7.635591E-4, -0.02979769, -9.754835, -1.0063244, -42.525, 38.5875, -115.2375, 4.5923564, -74.1818299
2024-07-12 04:01:33.910, 0.12622139, -0.086141616, 9.862318, -3.8177954E-4, -6.8720314E-4, 7.635591E-4, -0.02979769, -9.754835, -1.0063244, -42.375, 38.86875, -115.668755, 4.592354, -74.1818308
2024-07-12 04:01:34.911, 0.15014961, -0.07866404, 9.867104, -3.8177954E-4, -6.8720314E-4, 7.635591E-4, -0.02979769, -9.754835, -1.0063244, -42.525, 38.49375, -115.55625, 4.5923523, -74.1818334
2024-07-12 04:01:35.912, 0.14297116, -0.08105687, 9.883853, -3.8177954E-4, -6.8720314E-4, 7.635591E-4, -0.02979769, -9.754835, -1.0063244, -42.43125, 38.381252, -115.50001, 4.5923494, -74.1818347
2024-07-12 04:01:36.914, 0.14536397, -0.07148558, 9.91496, -3.8177954E-4, -6.8720314E-4, 7.635591E-4, -0.02979769, -9.754835, -1.0063244, -42.506252, 38.60625, -115.55625, 4.5923487, -74.1818364
2024-07-12 04:01:37.914, 0.119042926, -0.07148558, 9.895817, 5.344914E-4, -3.8177954E-4, -0.0, 0.1316278, -0.081357, 9.805429, -42.600002, 38.71875, -115.89375, 4.5923473, -74.1818372
2024-07-12 04:01:38.914, 0.119042926, -0.0738784, 9.862318, -0.0, 1.5271181E-4, 3.8177954E-4, 0.13295987, -0.08125484, 9.805412, -42.768753, 37.59375, -115.256256, 4.5923458, -74.181839
