2024-07-12 00:00:51.630, -0.17318054, -9.806087, -1.0764711, -3.8177954E-4, -6.8720314E-4, 7.635591E-4, -0.02979769, -9.754835, -1.0063244, 15.1125, 21.862501, -10.1625, 4.5927907, -74.1813424
2024-07-12 00:05:19.703, -0.17318054, -9.806087, -1.0764711, -3.8177954E-4, -6.8720314E-4, 7.635591E-4, -0.02979769, -9.754835, -1.0063244, 15.1125, 21.862501, -10.1625, 4.5927907, -74.1813424
2024-07-12 00:05:20.710, -0.17318054, -9.806087, -1.0764711, -3.8177954E-4, -6.8720314E-4, 7.635591E-4, -0.02979769, -9.754835, -1.0063244, 15.1125, 21.862501, -10.1625, 4.5927907, -74.1813424
2024-07-12 00:10:54.941, -0.17318054, -9.806087, -1.0764711, -3.8177954E-4, -6.8720314E-4, 7.635591E-4, -0.02979769, -9.754835, -1.0063244, 15.1125, 21.862501, -10.1625, 4.5927907, -74.1813424
2024-07-12 00:16:25.767, -0.17318054, -9.806087, -1.0764711, -3.8177954E-4, -6.8720314E-4, 7.635591E-4, -0.02979769, -9.754835, -1.0063244, 15.1125, 21.862501, -10.1625, 4.5927907, -74.1813424
2024-07-12 00:16:26.823, -0.17318054, -9.806087, -1.0764711, -3.8177954E-4, -6.8720314E-4, 7.635591E-4, -0.02979769, -9.754835, -1.0063244, 15.1125, 21.862501, -10.1625, 4.5927907, -74.1813424
2024-07-12 00:26:44.561, -0.17318054, -9.806087, -1.0764711, -3.8177954E-4, -6.8720314E-4, 7.635591E-4, -0.02979769, -9.754835, -1.0063244, 15.1125, 21.862501, -10.1625, 4.5927907, -74.1813424
2024-07-12 00:26:45.575, -0.17318054, -9.806087, -1.0764711, -3.8177954E-4, -6.8720314E-4, 7.635591E-4, -0.02979769, -9.754835, -1.0063244, 15.1125, 21.862501, -10.1625, 4.5927907, -74.1813424
2024-07-12 00:30:54.236, -0.17318054, -9.806087, -1.0764711, -3.8177954E-4, -6.8720314E-4, 7.635591E-4, -0.02979769, -9.754835, -1.0063244, 15.1125, 21.862501, -10.1625, 4.5927907, -74.1813424
2024-07-12 00:33:05.273, -0.17318054, -9.806087, -1.0764711, -3.8177954E-4, -6.8720314E-4, 7.635591E-4, -0.02979769, -9.754835, -1.0063244, 15.1125, 21.862501, -10.1625, 4.5927907, -74.1813424
2024-07-12 00:35:11.871, -0.17318054, -9.806087, -1.0764711, -3.8177954E-4, -6.8720314E-4, 7.635591E-4, -0.02979769, -9.754835, -1.0063244, 15.1125, 21.862501, -10.1625, 4.5927907, -74.1813424
2024-07-12 00:35:12.875, -0.17318054, -9.806087, -1.0764711, -3.8177954E-4, -6.8720314E-4, 7.635591E-4, -0.02979769, -9.754835, -1.0063244, 15.1125, 21.862501, -10.1625, 4.5927907, -74.1813424
2024-07-12 00:40:55.089, -0.17318054, -9.806087, -1.0764711, -3.8177954E-4, -6.8720314E-4, 7.635591E-4, -0.02979769, -9.754835, -1.0063244, 15.1125, 21.862501, -10.1625, 4.5927907, -74.1813424
2024-07-12 00:43:12.600, -0.17318054, -9.806087, -1.0764711, -3.8177954E-4, -6.8720314E-4, 7.635591E-4, -0.02979769, -9.754835, -1.0063244, 15.1125, 21.862501, -10.1625, 4.5927907, -74.1813424
2024-07-12 00:43:51.812, -0.1576272, -9.808479, -1.1027921, -3.8177954E-4, -6.8720314E-4, 7.635591E-4, -0.02979769, -9.754835, -1.0063244, 15.1125, 21.862501, -10.1625, 4.5927907, -74.1813424
2024-07-12 00:43:52.816, -0.16360925, -9.810872, -1.0800604, -3.8177954E-4, -6.8720314E-4, 7.635591E-4, -0.02979769, -9.754835, -1.0063244, 15.1125, 21.862501, -10.1625, 4.5927907, -74.1813424
2024-07-12 00:43:53.821, -0.17318054, -9.808479, -1.0896316, -3.8177954E-4, -6.8720314E-4, 7.635591E-4, -0.02979769, -9.754835, -1.0063244, 15.1125, 21.862501, -10.1625, 4.5927907, -74.1813424
2024-07-12 00:43:54.823, -0.16600206, -9.801301, -1.084846, -3.8177954E-4, -6.8720314E-4, 7.635591E-4, -0.02979769, -9.754835, -1.0063244, 15.1125, 21.862501, -10.1625, 4.5927907, -74.1813424
2024-07-12 00:43:55.825, -0.15403795, -9.798908, -1.0824531, -3.8177954E-4, -6.8720314E-4, 7.635591E-4, -0.02979769, -9.754835, -1.0063244, 15.1125, 21.862501, -10.1625, 4.5927907, -74.1813424
2024-07-12 00:43:56.827, -0.16600206, -9.807282, -1.0740783, -3.8177954E-4, -6.8720314E-4, 7.635591E-4, -0.02979769, -9.754835, -1.0063244, 15.1125, 21.862501, -10.1625, 4.5930627, -74.1817093
2024-07-12 00:43:57.831, -0.15882361, -9.814461, -1.0860424, -3.8177954E-4, -6.8720314E-4, 7.635591E-4, -0.02979769, -9.754835, -1.0063244, 15.1125, 21.862501, -10.1625, 4.5930116, -74.1815552
2024-07-12 00:43:58.833, -0.16360925, -9.814461, -1.0764711, -3.8177954E-4, -6.8720314E-4, 7.635591E-4, -0.02979769, -9.754835, -1.0063244, 15.1125, 21.862501, -10.1625, 4.5929751, -74.1813712
2024-07-12 00:43:59.836, -0.16121642, -9.808479, -1.0836495, -3.8177954E-4, -6.8720314E-4, 7.635591E-4, -0.02979769, -9.754835, -1.0063244, 15.1125, 21.862501, -10.1625, 4.5929321, -74.1813271
2024-07-12 00:44:00.840, -0.15882361, -9.803694, -1.0836495, -3.8177954E-4, -6.8720314E-4, 7.635591E-4, -0.02979769, -9.754835, -1.0063244, 14.868751, 21.900002, -9.1875, 4.5929091, -74.1812428
2024-07-12 00:44:01.844, -0.16600206, -9.822836, -1.0884352, -3.8177954E-4, -6.8720314E-4, 7.635591E-4, -0.02979769, -9.754835, -1.0063244, 15.525001, 21.675001, -8.4375, 4.5929091, -74.1812428
2024-07-12 00:44:02.848, -0.1683949, -9.803694, -1.0812567, -3.8177954E-4, -6.8720314E-4, 7.635591E-4, -0.02979769, -9.754835, -1.0063244, 15.13125, 22.275002, -8.3625, 4.5928407, -74.1812876
2024-07-12 00:44:03.851, -0.1683949, -9.803694, -1.0812567, -3.8177954E-4, -6.8720314E-4, 7.635591E-4, -0.02979769, -9.754835, -1.0063244, 15.281251, 22.331251, -8.700001, 4.5928407, -74.1812876
2024-07-12 00:44:04.854, -0.15164514, -9.794122, -1.0788639, -3.8177954E-4, -6.8720314E-4, 7.635591E-4, -0.02979769, -9.754835, -1.0063244, 15.39375, 21.975, -8.64375, 4.5928123, -74.1813186
2024-07-12 00:44:05.858, -0.15882361, -9.806087, -1.0716854, -3.8177954E-4, -6.8720314E-4, 7.635591E-4, -0.02979769, -9.754835, -1.0063244, 14.85, 22.3875, -8.887501, 4.5928106, -74.1813177
2024-07-12 00:44:06.862, -0.15403795, -9.820443, -1.0812567, -3.8177954E-4, -6.8720314E-4, 7.635591E-4, -0.02979769, -9.754835, -1.0063244, 15.675, 22.2, -9.01875, 4.5928092, -74.181319
2024-07-12 00:44:07.867, -0.17796618, -9.796515, -1.0764711, -3.8177954E-4, -6.8720314E-4, 7.635591E-4, -0.02979769, -9.754835, -1.0063244, 15.075001, 22.25625, -8.64375, 4.5928067, -74.1813206
2024-07-12 00:44:08.870, -0.15643078, -9.810872, -1.0812567, -3.8177954E-4, -6.8720314E-4, 7.635591E-4, -0.02979769, -9.754835, -1.0063244, 15.356251, 22.087502, -9.3, 4.5928078, -74.1813205
2024-07-12 00:44:09.873, -0.16360925, -9.813265, -1.0716854, -3.8177954E-4, -6.8720314E-4, 7.635591E-4, -0.02979769, -9.754835, -1.0063244, 15.187501, 22.181252, -8.56875, 4.5928079, -74.1813209
2024-07-12 00:44:10.877, -0.1683949, -9.806087, -1.0908281, -3.8177954E-4, -6.8720314E-4, 7.635591E-4, -0.02979769, -9.754835, -1.0063244, 15.000001, 21.993752, -9.0, 4.5928084, -74.1813211
2024-07-12 00:44:11.881, -0.15164514, -9.806087, -1.0836495, -3.8177954E-4, -6.8720314E-4, 7.635591E-4, -0.02979769, -9.754835, -1.0063244, 15.0375, 22.1625, -8.53125, 4.5928088, -74.1813186
2024-07-12 00:44:12.885, -0.15164514, -9.801301, -1.0836495, -3.8177954E-4, -6.8720314E-4, 7.635591E-4, -0.02979769, -9.754835, -1.0063244, 15.31875, 21.712502, -8.8125, 4.5928096, -74.1813205
2024-07-12 00:44:13.890, -0.15882361, -9.808479, -1.0836495, -3.8177954E-4, -6.8720314E-4, 7.635591E-4, -0.02979769, -9.754835, -1.0063244, 14.94375, 22.237501, -8.512501, 4.5928083, -74.1813221
2024-07-12 00:44:14.895, -0.16360925, -9.815658, -1.0812567, -3.8177954E-4, -6.8720314E-4, 7.635591E-4, -0.02979769, -9.754835, -1.0063244, 15.187501, 22.125, -8.793751, 4.592808, -74.181322
2024-07-12 00:44:15.898, -0.16360925, -9.803694, -1.0980065, -3.8177954E-4, -6.8720314E-4, 7.635591E-4, -0.02979769, -9.754835, -1.0063244, 15.3, 22.612501, -8.7375, 4.5928079, -74.1813217
2024-07-12 00:44:16.903, -0.17318054, -9.810872, -1.0788639, -3.8177954E-4, -6.8720314E-4, 7.635591E-4, -0.02979769, -9.754835, -1.0063244, 15.075001, 22.40625, -8.325001, 4.5928078, -74.1813214
2024-07-12 00:44:17.909, -0.15882361, -9.810872, -1.0740783, -3.8177954E-4, -6.8720314E-4, 7.635591E-4, -0.02979769, -9.754835, -1.0063244, 15.20625, 21.806252, -8.137501, 4.5928078, -74.1813214
2024-07-12 00:44:18.913, -0.15643078, -9.808479, -1.0740783, -3.8177954E-4, -6.8720314E-4, 7.635591E-4, -0.02979769, -9.754835, -1.0063244, 15.918751, 22.331251, -8.868751, 4.5928078, -74.1813213
2024-07-12 00:44:19.917, -0.1683949, -9.806087, -1.0740783, -3.8177954E-4, -6.8720314E-4, 7.635591E-4, -0.02979769, -9.754835, -1.0063244, 15.150001, 22.462502, -8.587501, 4.5928078, -74.1813213
2024-07-12 00:44:20.921, -0.15164514, -9.820443, -1.0716854, -3.8177954E-4, -6.8720314E-4, 7.635591E-4, -0.02979769, -9.754835, -1.0063244, 15.356251, 22.03125, -8.587501, 4.5928078, -74.1813213
2024-07-12 00:44:22.807, -0.17318054, -9.806087, -1.0740783, -3.8177954E-4, -6.8720314E-4, 7.635591E-4, -0.02979769, -9.754835, -1.0063244, 15.3, 22.40625, -8.025001, 4.5928079, -74.1813213
2024-07-12 00:44:23.810, -0.16360925, -9.803694, -1.0764711, -3.8177954E-4, -6.8720314E-4, 7.635591E-4, -0.02979769, -9.754835, -1.0063244, 15.356251, 22.143751, -8.94375, 4.5928079, -74.1813212
2024-07-12 00:44:24.814, -0.17078772, -9.813265, -1.0764711, -3.8177954E-4, -6.8720314E-4, 7.635591E-4, -0.02979769, -9.754835, -1.0063244, 15.0375, 21.768751, -8.137501, 4.5928079, -74.1813212
2024-07-12 00:44:25.816, -0.16600206, -9.801301, -1.0788639, -3.8177954E-4, -6.8720314E-4, 7.635591E-4, -0.02979769, -9.754835, -1.0063244, 15.056251, 21.243752, -9.20625, 4.5928079, -74.1813212
2024-07-12 00:44:28.222, -0.15882361, -9.815658, -1.0812567, -3.8177954E-4, -6.8720314E-4, 7.635591E-4, -0.02979769, -9.754835, -1.0063244, 15.375001, 21.73125, -8.83125, 4.5928079, -74.1813212
2024-07-12 00:44:29.226, -0.16121642, -9.801301, -1.0812567, -3.8177954E-4, -6.8720314E-4, 7.635591E-4, -0.02979769, -9.754835, -1.0063244, 15.993751, 22.575, -8.64375, 4.5928079, -74.1813212
2024-07-12 00:44:30.230, -0.15164514, -9.815658, -1.0740783, -3.8177954E-4, -6.8720314E-4, 7.635591E-4, -0.02979769, -9.754835, -1.0063244, 14.681251, 21.768751, -8.775001, 4.5928079, -74.1813212
2024-07-12 00:44:32.831, -0.180359, -9.806087, -1.0764711, -3.8177954E-4, -6.8720314E-4, 7.635591E-4, -0.02979769, -9.754835, -1.0063244, 15.562501, 22.0125, -9.056251, 4.5928083, -74.1813211
2024-07-12 00:44:33.834, -0.16600206, -9.815658, -1.0788639, -3.8177954E-4, -6.8720314E-4, 7.635591E-4, -0.02979769, -9.754835, -1.0063244, 15.562501, 22.143751, -8.83125, 4.5928076, -74.1813212
2024-07-12 00:44:34.838, -0.17796618, -9.81805, -1.0788639, -3.8177954E-4, -6.8720314E-4, 7.635591E-4, -0.02979769, -9.754835, -1.0063244, 15.50625, 22.1625, -8.7375, 4.5928076, -74.1813212
2024-07-12 00:44:35.841, -0.15403795, -9.808479, -1.0716854, -3.8177954E-4, -6.8720314E-4, 7.635591E-4, -0.02979769, -9.754835, -1.0063244, 15.225, 22.1625, -8.7375, 4.5928077, -74.1813212
2024-07-12 00:44:38.243, -0.15643078, -9.803694, -1.0716854, -3.8177954E-4, -6.8720314E-4, 7.635591E-4, -0.02979769, -9.754835, -1.0063244, 15.093751, 21.7875, -8.6625, 4.5928076, -74.1813213
2024-07-12 00:44:39.246, -0.14925231, -9.810872, -1.0740783, -3.8177954E-4, -6.8720314E-4, 7.635591E-4, -0.02979769, -9.754835, -1.0063244, 15.50625, 22.29375, -8.38125, 4.5928077, -74.1813213
2024-07-12 00:44:40.250, -0.15403795, -9.825229, -1.0812567, -3.8177954E-4, -6.8720314E-4, 7.635591E-4, -0.02979769, -9.754835, -1.0063244, 14.925, 22.125, -8.925, 4.5928074, -74.1813214
2024-07-12 00:44:42.819, -0.16360925, -9.813265, -1.0812567, -3.8177954E-4, -6.8720314E-4, 7.635591E-4, -0.02979769, -9.754835, -1.0063244, 15.1125, 21.900002, -9.0375, 4.5928073, -74.1813214
2024-07-12 00:44:43.828, -0.15643078, -9.803694, -1.0812567, -3.8177954E-4, -6.8720314E-4, 7.635591E-4, -0.02979769, -9.754835, -1.0063244, 15.075001, 21.88125, -8.981251, 4.5928073, -74.1813214
2024-07-12 00:44:44.835, -0.16360925, -9.801301, -1.0764711, -3.8177954E-4, -6.8720314E-4, 7.635591E-4, -0.02979769, -9.754835, -1.0063244, 15.056251, 22.181252, -8.981251, 4.5928073, -74.1813214
2024-07-12 00:44:45.839, -0.17796618, -9.806087, -1.0764711, -3.8177954E-4, -6.8720314E-4, 7.635591E-4, -0.02979769, -9.754835, -1.0063244, 15.4875, 22.21875, -8.45625, 4.5928073, -74.1813214
2024-07-12 00:44:48.193, -0.16121642, -9.808479, -1.0788639, -3.8177954E-4, -6.8720314E-4, 7.635591E-4, -0.02979769, -9.754835, -1.0063244, 15.262501, 22.3875, -8.45625, 4.5928073, -74.1813214
2024-07-12 00:44:49.195, -0.15164514, -9.813265, -1.0812567, -3.8177954E-4, -6.8720314E-4, 7.635591E-4, -0.02979769, -9.754835, -1.0063244, 15.337501, 21.91875, -8.606251, 4.5928073, -74.1813214
2024-07-12 00:44:50.200, -0.1683949, -9.813265, -1.0788639, -3.8177954E-4, -6.8720314E-4, 7.635591E-4, -0.02979769, -9.754835, -1.0063244, 15.543751, 21.91875, -9.356251, 4.5928073, -74.1813214
2024-07-12 00:44:52.006, -0.16600206, -9.796515, -1.0788639, -3.8177954E-4, -6.8720314E-4, 7.635591E-4, -0.02979769, -9.754835, -1.0063244, 15.337501, 21.84375, -8.587501, 4.5928073, -74.1813214
2024-07-12 00:44:53.545, -0.16121642, -9.810872, -1.0836495, -3.8177954E-4, -6.8720314E-4, 7.635591E-4, -0.02979769, -9.754835, -1.0063244, 14.793751, 21.6375, -8.38125, 4.5928073, -74.1813214
2024-07-12 00:44:54.550, -0.17318054, -9.810872, -1.0740783, -3.8177954E-4, -6.8720314E-4, 7.635591E-4, -0.02979769, -9.754835, -1.0063244, 15.187501, 21.75, -8.7375, 4.5928073, -74.1813214
2024-07-12 00:44:55.556, -0.14925231, -9.803694, -1.0716854, -3.8177954E-4, -6.8720314E-4, 7.635591E-4, -0.02979769, -9.754835, -1.0063244, 15.01875, 22.06875, -8.962501, 4.5928073, -74.1813215
2024-07-12 00:44:58.072, -0.15882361, -9.808479, -1.0740783, -3.8177954E-4, -6.8720314E-4, 7.635591E-4, -0.02979769, -9.754835, -1.0063244, 15.431251, 22.425001, -8.7375, 4.5928073, -74.1813214
2024-07-12 00:44:59.075, -0.15164514, -9.815658, -1.0836495, -3.8177954E-4, -6.8720314E-4, 7.635591E-4, -0.02979769, -9.754835, -1.0063244, 15.3, 22.6875, -8.6625, 4.5928074, -74.1813214
2024-07-12 00:45:00.080, -0.15403795, -9.820443, -1.0788639, -3.8177954E-4, -6.8720314E-4, 7.635591E-4, -0.02979769, -9.754835, -1.0063244, 14.75625, 22.237501, -8.7375, 4.5928074, -74.1813214
2024-07-12 00:45:01.844, -0.16360925, -9.806087, -1.0764711, -3.8177954E-4, -6.8720314E-4, 7.635591E-4, -0.02979769, -9.754835, -1.0063244, 15.01875, 22.800001, -8.512501, 4.5928074, -74.1813215
2024-07-12 00:45:03.497, -0.14446667, -9.806087, -1.0812567, -3.8177954E-4, -6.8720314E-4, 7.635591E-4, -0.02979769, -9.754835, -1.0063244, 15.431251, 21.862501, -9.31875, 4.5928074, -74.1813214
2024-07-12 00:45:04.502, -0.15882361, -9.815658, -1.0740783, -3.8177954E-4, -6.8720314E-4, 7.635591E-4, -0.02979769, -9.754835, -1.0063244, 15.093751, 22.10625, -8.962501, 4.5928074, -74.1813214
2024-07-12 00:45:05.506, -0.17078772, -9.801301, -1.0860424, -3.8177954E-4, -6.8720314E-4, 7.635591E-4, -0.02979769, -9.754835, -1.0063244, 14.887501, 22.44375, -9.225, 4.5928074, -74.1813214
2024-07-12 00:45:07.826, -0.15643078, -9.813265, -1.0788639, -3.8177954E-4, -6.8720314E-4, 7.635591E-4, -0.02979769, -9.754835, -1.0063244, 15.075001, 22.21875, -8.53125, 4.5928074, -74.1813214
2024-07-12 00:45:08.831, -0.17318054, -9.803694, -1.0740783, -3.8177954E-4, -6.8720314E-4, 7.635591E-4, -0.02979769, -9.754835, -1.0063244, 15.375001, 22.10625, -8.90625, 4.5928074, -74.1813214
2024-07-12 00:45:09.834, -0.15403795, -9.801301, -1.0836495, -3.8177954E-4, -6.8720314E-4, 7.635591E-4, -0.02979769, -9.754835, -1.0063244, 15.168751, 22.425001, -8.8125, 4.5928075, -74.1813213
2024-07-12 00:45:10.837, -0.16121642, -9.810872, -1.0836495, -3.8177954E-4, -6.8720314E-4, 7.635591E-4, -0.02979769, -9.754835, -1.0063244, 14.925, 22.35, -9.28125, 4.5928075, -74.1813213
2024-07-12 00:45:13.291, -0.15643078, -9.801301, -1.0812567, -3.8177954E-4, -6.8720314E-4, 7.635591E-4, -0.02979769, -9.754835, -1.0063244, 15.375001, 21.806252, -8.512501, 4.5928075, -74.1813213
2024-07-12 00:45:14.294, -0.15164514, -9.791729, -1.0860424, -3.8177954E-4, -6.8720314E-4, 7.635591E-4, -0.02979769, -9.754835, -1.0063244, 15.337501, 22.237501, -8.85, 4.5928075, -74.1813213
2024-07-12 00:45:15.299, -0.1468595, -9.822836, -1.0788639, -3.8177954E-4, -6.8720314E-4, 7.635591E-4, -0.02979769, -9.754835, -1.0063244, 15.262501, 22.181252, -8.90625, 4.5928075, -74.1813213
2024-07-12 00:45:16.991, -0.17796618, -9.803694, -1.0812567, -3.8177954E-4, -6.8720314E-4, 7.635591E-4, -0.02979769, -9.754835, -1.0063244, 15.093751, 21.768751, -8.53125, 4.5928076, -74.1813213
2024-07-12 00:45:18.400, -0.17318054, -9.798908, -1.0764711, -3.8177954E-4, -6.8720314E-4, 7.635591E-4, -0.02979769, -9.754835, -1.0063244, 15.243751, 22.331251, -8.400001, 4.5928076, -74.1813213
2024-07-12 00:45:19.406, -0.15643078, -9.806087, -1.0884352, -3.8177954E-4, -6.8720314E-4, 7.635591E-4, -0.02979769, -9.754835, -1.0063244, 14.887501, 22.21875, -8.6625, 4.5928076, -74.1813213
2024-07-12 00:45:20.410, -0.15882361, -9.796515, -1.0740783, -3.8177954E-4, -6.8720314E-4, 7.635591E-4, -0.02979769, -9.754835, -1.0063244, 15.468751, 22.125, -9.13125, 4.5928076, -74.1813213
2024-07-12 00:45:22.818, -0.17078772, -9.801301, -1.0668998, -3.8177954E-4, -6.8720314E-4, 7.635591E-4, -0.02979769, -9.754835, -1.0063244, 15.075001, 21.88125, -8.962501, 4.5928076, -74.1813212
2024-07-12 00:45:23.824, -0.14925231, -9.815658, -1.0716854, -3.8177954E-4, -6.8720314E-4, 7.635591E-4, -0.02979769, -9.754835, -1.0063244, 15.056251, 22.25625, -8.981251, 4.5928076, -74.1813212
2024-07-12 00:45:24.826, -0.15882361, -9.808479, -1.0860424, -3.8177954E-4, -6.8720314E-4, 7.635591E-4, -0.02979769, -9.754835, -1.0063244, 15.281251, 21.825, -9.0, 4.5928076, -74.1813213
2024-07-12 00:45:25.833, -0.15643078, -9.801301, -1.0836495, -3.8177954E-4, -6.8720314E-4, 7.635591E-4, -0.02979769, -9.754835, -1.0063244, 15.337501, 22.44375, -9.375, 4.5928076, -74.1813213
2024-07-12 00:45:28.224, -0.14207384, -9.803694, -1.0764711, -3.8177954E-4, -6.8720314E-4, 7.635591E-4, -0.02979769, -9.754835, -1.0063244, 15.187501, 22.612501, -8.85, 4.5928076, -74.1813212
2024-07-12 00:45:29.227, -0.17078772, -9.815658, -1.0812567, -3.8177954E-4, -6.8720314E-4, 7.635591E-4, -0.02979769, -9.754835, -1.0063244, 14.962501, 21.45, -8.53125, 4.5928076, -74.1813212
2024-07-12 00:45:30.232, -0.16600206, -9.820443, -1.0740783, -3.8177954E-4, -6.8720314E-4, 7.635591E-4, -0.02979769, -9.754835, -1.0063244, 15.58125, 22.237501, -9.1875, 4.5928076, -74.1813212
2024-07-12 00:45:31.892, -0.16600206, -9.815658, -1.0836495, -3.8177954E-4, -6.8720314E-4, 7.635591E-4, -0.02979769, -9.754835, -1.0063244, 15.337501, 21.5625, -8.793751, 4.5928076, -74.1813212
2024-07-12 00:45:33.493, -0.17557336, -9.808479, -1.0836495, -3.8177954E-4, -6.8720314E-4, 7.635591E-4, -0.02979769, -9.754835, -1.0063244, 15.525001, 21.88125, -8.587501, 4.5928076, -74.1813212
2024-07-12 00:45:34.498, -0.16121642, -9.796515, -1.0908281, -3.8177954E-4, -6.8720314E-4, 7.635591E-4, -0.02979769, -9.754835, -1.0063244, 15.20625, 22.125, -9.1125, 4.5928076, -74.1813212
2024-07-12 00:45:35.502, -0.14925231, -9.808479, -1.0836495, -3.8177954E-4, -6.8720314E-4, 7.635591E-4, -0.02979769, -9.754835, -1.0063244, 15.20625, 22.10625, -8.868751, 4.5928076, -74.1813212
2024-07-12 00:45:37.822, -0.15882361, -9.81805, -1.0764711, -3.8177954E-4, -6.8720314E-4, 7.635591E-4, -0.02979769, -9.754835, -1.0063244, 15.000001, 22.087502, -8.53125, 4.5928076, -74.1813212
2024-07-12 00:45:38.825, -0.15643078, -9.801301, -1.0836495, -3.8177954E-4, -6.8720314E-4, 7.635591E-4, -0.02979769, -9.754835, -1.0063244, 15.543751, 22.143751, -8.325001, 4.5928076, -74.1813212
2024-07-12 00:45:39.835, -0.15882361, -9.796515, -1.0788639, -3.8177954E-4, -6.8720314E-4, 7.635591E-4, -0.02979769, -9.754835, -1.0063244, 14.718751, 22.5375, -8.83125, 4.5928076, -74.1813212
2024-07-12 00:45:40.838, -0.16121642, -9.798908, -1.0836495, -3.8177954E-4, -6.8720314E-4, 7.635591E-4, -0.02979769, -9.754835, -1.0063244, 14.868751, 22.29375, -9.150001, 4.5928076, -74.1813212
2024-07-12 00:45:43.034, -0.15882361, -9.803694, -1.0884352, -3.8177954E-4, -6.8720314E-4, 7.635591E-4, -0.02979769, -9.754835, -1.0063244, 15.900001, 22.143751, -8.55, 4.5928076, -74.1813212
2024-07-12 00:45:44.037, -0.16121642, -9.798908, -1.0764711, -3.8177954E-4, -6.8720314E-4, 7.635591E-4, -0.02979769, -9.754835, -1.0063244, 15.656251, 22.63125, -8.493751, 4.5928076, -74.1813211
2024-07-12 00:45:45.042, -0.15164514, -9.808479, -1.0692927, -3.8177954E-4, -6.8720314E-4, 7.635591E-4, -0.02979769, -9.754835, -1.0063244, 15.187501, 22.087502, -8.55, 4.5928076, -74.1813211
2024-07-12 00:45:46.813, -0.15403795, -9.796515, -1.0860424, -3.8177954E-4, -6.8720314E-4, 7.635591E-4, -0.02979769, -9.754835, -1.0063244, 15.39375, 22.125, -8.75625, 4.5928076, -74.1813211
2024-07-12 00:45:48.453, -0.16360925, -9.794122, -1.0812567, -3.8177954E-4, -6.8720314E-4, 7.635591E-4, -0.02979769, -9.754835, -1.0063244, 14.75625, 22.518751, -8.55, 4.5928077, -74.1813211
2024-07-12 00:45:49.459, -0.16600206, -9.808479, -1.0860424, -3.8177954E-4, -6.8720314E-4, 7.635591E-4, -0.02979769, -9.754835, -1.0063244, 15.450001, 22.1625, -8.90625, 4.5928077, -74.1813211
2024-07-12 00:45:50.463, -0.15164514, -9.803694, -1.0764711, -3.8177954E-4, -6.8720314E-4, 7.635591E-4, -0.02979769, -9.754835, -1.0063244, 14.587501, 21.28125, -9.50625, 4.5928077, -74.1813211
2024-07-12 00:45:52.814, -0.15403795, -9.813265, -1.0740783, -3.8177954E-4, -6.8720314E-4, 7.635591E-4, -0.02979769, -9.754835, -1.0063244, 15.356251, 22.331251, -8.25, 4.5928077, -74.181321
2024-07-12 00:45:53.817, -0.1468595, -9.796515, -1.0764711, -3.8177954E-4, -6.8720314E-4, 7.635591E-4, -0.02979769, -9.754835, -1.0063244, 15.243751, 22.556252, -8.962501, 4.5928077, -74.181321
2024-07-12 00:45:54.820, -0.14207384, -9.815658, -1.0812567, -3.8177954E-4, -6.8720314E-4, 7.635591E-4, -0.02979769, -9.754835, -1.0063244, 15.056251, 21.88125, -9.243751, 4.5928078, -74.181321
2024-07-12 00:45:55.823, -0.17557336, -9.810872, -1.0716854, -3.8177954E-4, -6.8720314E-4, 7.635591E-4, -0.02979769, -9.754835, -1.0063244, 14.962501, 22.44375, -9.1875, 4.5928078, -74.181321
2024-07-12 00:45:57.819, -0.15643078, -9.808479, -1.0812567, -3.8177954E-4, -6.8720314E-4, 7.635591E-4, -0.02979769, -9.754835, -1.0063244, 15.50625, 21.956251, -8.325001, 4.5928078, -74.181321
2024-07-12 00:45:58.821, -0.15403795, -9.808479, -1.0836495, -3.8177954E-4, -6.8720314E-4, 7.635591E-4, -0.02979769, -9.754835, -1.0063244, 15.1125, 21.9375, -8.793751, 4.5928078, -74.181321
2024-07-12 00:45:59.824, -0.16121642, -9.798908, -1.0764711, -3.8177954E-4, -6.8720314E-4, 7.635591E-4, -0.02979769, -9.754835, -1.0063244, 14.868751, 21.65625, -8.90625, 4.5928078, -74.181321
2024-07-12 00:46:00.830, -0.15403795, -9.810872, -1.0836495, -3.8177954E-4, -6.8720314E-4, 7.635591E-4, -0.02979769, -9.754835, -1.0063244, 15.675, 22.9125, -9.056251, 4.5928078, -74.181321
2024-07-12 00:46:03.819, -0.15882361, -9.815658, -1.0716854, -3.8177954E-4, -6.8720314E-4, 7.635591E-4, -0.02979769, -9.754835, -1.0063244, 15.281251, 22.44375, -8.962501, 4.5928078, -74.1813209
2024-07-12 00:46:04.822, -0.17796618, -9.815658, -1.0764711, -3.8177954E-4, -6.8720314E-4, 7.635591E-4, -0.02979769, -9.754835, -1.0063244, 15.468751, 22.25625, -8.887501, 4.5928078, -74.1813209
2024-07-12 00:46:05.825, -0.15882361, -9.806087, -1.0764711, -3.8177954E-4, -6.8720314E-4, 7.635591E-4, -0.02979769, -9.754835, -1.0063244, 15.13125, 22.143751, -9.056251, 4.5928078, -74.1813209
2024-07-12 00:46:08.036, -0.15403795, -9.81805, -1.0764711, -3.8177954E-4, -6.8720314E-4, 7.635591E-4, -0.02979769, -9.754835, -1.0063244, 15.375001, 22.331251, -8.75625, 4.5928078, -74.1813209
2024-07-12 00:46:09.040, -0.16360925, -9.810872, -1.0812567, -3.8177954E-4, -6.8720314E-4, 7.635591E-4, -0.02979769, -9.754835, -1.0063244, 15.431251, 22.275002, -9.39375, 4.5928078, -74.1813209
2024-07-12 00:46:10.044, -0.14925231, -9.801301, -1.0740783, -3.8177954E-4, -6.8720314E-4, 7.635591E-4, -0.02979769, -9.754835, -1.0063244, 15.431251, 22.650002, -9.168751, 4.5928078, -74.1813209
2024-07-12 00:46:11.047, -0.15164514, -9.808479, -1.0908281, -3.8177954E-4, -6.8720314E-4, 7.635591E-4, -0.02979769, -9.754835, -1.0063244, 14.887501, 21.28125, -8.925, 4.5928079, -74.1813209
2024-07-12 00:46:13.854, -0.15882361, -9.796515, -1.0740783, -3.8177954E-4, -6.8720314E-4, 7.635591E-4, -0.02979769, -9.754835, -1.0063244, 14.981251, 21.525002, -9.3, 4.5928079, -74.1813209
2024-07-12 00:46:14.858, -0.16121642, -9.813265, -1.0812567, -3.8177954E-4, -6.8720314E-4, 7.635591E-4, -0.02979769, -9.754835, -1.0063244, 15.187501, 22.40625, -8.775001, 4.5928079, -74.1813209
2024-07-12 00:46:15.861, -0.13968103, -9.806087, -1.0788639, -3.8177954E-4, -6.8720314E-4, 7.635591E-4, -0.02979769, -9.754835, -1.0063244, 15.093751, 21.806252, -8.868751, 4.5928079, -74.1813209
2024-07-12 00:46:18.816, -0.14925231, -9.803694, -1.0812567, -3.8177954E-4, -6.8720314E-4, 7.635591E-4, -0.02979769, -9.754835, -1.0063244, 15.093751, 22.425001, -8.418751, 4.5928079, -74.1813209
2024-07-12 00:46:19.818, -0.16360925, -9.81805, -1.0764711, -3.8177954E-4, -6.8720314E-4, 7.635591E-4, -0.02979769, -9.754835, -1.0063244, 15.50625, 21.5625, -9.01875, 4.5928079, -74.1813209
2024-07-12 00:46:20.821, -0.17318054, -9.794122, -1.0812567, -3.8177954E-4, -6.8720314E-4, 7.635591E-4, -0.02979769, -9.754835, -1.0063244, 14.94375, 22.10625, -9.0, 4.5928079, -74.1813209
2024-07-12 00:46:22.826, -0.16600206, -9.81805, -1.0788639, -3.8177954E-4, -6.8720314E-4, 7.635591E-4, -0.02979769, -9.754835, -1.0063244, 14.868751, 21.150002, -8.75625, 4.5928079, -74.1813208
2024-07-12 00:46:24.430, -0.1683949, -9.803694, -1.0788639, -3.8177954E-4, -6.8720314E-4, 7.635591E-4, -0.02979769, -9.754835, -1.0063244, 15.0375, 21.993752, -8.700001, 4.5928079, -74.1813209
2024-07-12 00:46:25.434, -0.16121642, -9.801301, -1.0836495, -3.8177954E-4, -6.8720314E-4, 7.635591E-4, -0.02979769, -9.754835, -1.0063244, 15.243751, 21.7875, -9.243751, 4.592808, -74.1813209
2024-07-12 00:46:26.986, -0.16360925, -9.808479, -1.0764711, -3.8177954E-4, -6.8720314E-4, 7.635591E-4, -0.02979769, -9.754835, -1.0063244, 15.543751, 22.03125, -8.83125, 4.592808, -74.1813208
2024-07-12 00:46:29.229, -0.17796618, -9.820443, -1.0812567, -3.8177954E-4, -6.8720314E-4, 7.635591E-4, -0.02979769, -9.754835, -1.0063244, 15.337501, 21.675001, -8.94375, 4.592808, -74.1813208
2024-07-12 00:46:30.232, -0.16121642, -9.801301, -1.0812567, -3.8177954E-4, -6.8720314E-4, 7.635591E-4, -0.02979769, -9.754835, -1.0063244, 15.69375, 22.29375, -8.64375, 4.592808, -74.1813208
2024-07-12 00:46:31.810, -0.15643078, -9.810872, -1.0692927, -3.8177954E-4, -6.8720314E-4, 7.635591E-4, -0.02979769, -9.754835, -1.0063244, 15.168751, 21.900002, -8.793751, 4.592808, -74.1813208
2024-07-12 00:46:34.133, -0.16121642, -9.801301, -1.0812567, -3.8177954E-4, -6.8720314E-4, 7.635591E-4, -0.02979769, -9.754835, -1.0063244, 15.187501, 22.368752, -8.8125, 4.5928081, -74.1813208
2024-07-12 00:46:35.136, -0.17557336, -9.808479, -1.0860424, -3.8177954E-4, -6.8720314E-4, 7.635591E-4, -0.02979769, -9.754835, -1.0063244, 14.906251, 22.06875, -8.75625, 4.592808, -74.1813208
2024-07-12 00:46:36.814, -0.16121642, -9.798908, -1.0812567, -3.8177954E-4, -6.8720314E-4, 7.635591E-4, -0.02979769, -9.754835, -1.0063244, 15.0375, 22.25625, -9.13125, 4.592808, -74.1813208
2024-07-12 00:46:39.050, -0.16600206, -9.815658, -1.0716854, -3.8177954E-4, -6.8720314E-4, 7.635591E-4, -0.02979769, -9.754835, -1.0063244, 15.262501, 22.275002, -8.90625, 4.5928081, -74.1813208
2024-07-12 00:46:40.053, -0.14446667, -9.798908, -1.0812567, -3.8177954E-4, -6.8720314E-4, 7.635591E-4, -0.02979769, -9.754835, -1.0063244, 15.58125, 22.087502, -8.53125, 4.5928081, -74.1813208
2024-07-12 00:46:41.059, -0.17078772, -9.803694, -1.0716854, -3.8177954E-4, -6.8720314E-4, 7.635591E-4, -0.02979769, -9.754835, -1.0063244, 15.262501, 22.3125, -9.356251, 4.5928081, -74.1813208
2024-07-12 00:46:43.092, -0.15643078, -9.796515, -1.0764711, -3.8177954E-4, -6.8720314E-4, 7.635591E-4, -0.02979769, -9.754835, -1.0063244, 15.20625, 22.125, -8.85, 4.5928081, -74.1813207
2024-07-12 00:46:44.099, -0.15882361, -9.803694, -1.0860424, -3.8177954E-4, -6.8720314E-4, 7.635591E-4, -0.02979769, -9.754835, -1.0063244, 15.6, 22.331251, -8.681251, 4.5928081, -74.1813207
2024-07-12 00:46:45.103, -0.15403795, -9.813265, -1.0716854, -3.8177954E-4, -6.8720314E-4, 7.635591E-4, -0.02979769, -9.754835, -1.0063244, 15.31875, 22.125, -8.90625, 4.5928081, -74.1813207
2024-07-12 00:46:46.107, -0.16121642, -9.803694, -1.0740783, -3.8177954E-4, -6.8720314E-4, 7.635591E-4, -0.02979769, -9.754835, -1.0063244, 15.4125, 21.84375, -9.13125, 4.5928081, -74.1813207
2024-07-12 00:46:48.814, -0.15164514, -9.803694, -1.0764711, -3.8177954E-4, -6.8720314E-4, 7.635591E-4, -0.02979769, -9.754835, -1.0063244, 15.225, 21.65625, -8.475, 4.5928081, -74.1813207
2024-07-12 00:46:49.817, -0.16360925, -9.815658, -1.0788639, -3.8177954E-4, -6.8720314E-4, 7.635591E-4, -0.02979769, -9.754835, -1.0063244, 14.56875, 22.40625, -9.150001, 4.5928081, -74.1813207
2024-07-12 00:46:50.821, -0.15643078, -9.808479, -1.0788639, -3.8177954E-4, -6.8720314E-4, 7.635591E-4, -0.02979769, -9.754835, -1.0063244, 14.793751, 21.862501, -9.0375, 4.5928081, -74.1813207
2024-07-12 00:46:52.935, -0.15164514, -9.815658, -1.0836495, -3.8177954E-4, -6.8720314E-4, 7.635591E-4, -0.02979769, -9.754835, -1.0063244, 14.906251, 22.0125, -8.887501, 4.5928082, -74.1813207
2024-07-12 00:46:54.567, -0.15643078, -9.810872, -1.0932208, -3.8177954E-4, -6.8720314E-4, 7.635591E-4, -0.02979769, -9.754835, -1.0063244, 14.94375, 22.087502, -8.606251, 4.5928082, -74.1813207
2024-07-12 00:46:55.572, -0.15403795, -9.796515, -1.0764711, -3.8177954E-4, -6.8720314E-4, 7.635591E-4, -0.02979769, -9.754835, -1.0063244, 15.168751, 22.10625, -8.7375, 4.5928082, -74.1813207
2024-07-12 00:46:57.027, -0.16121642, -9.810872, -1.0884352, -3.8177954E-4, -6.8720314E-4, 7.635591E-4, -0.02979769, -9.754835, -1.0063244, 15.543751, 22.575, -8.887501, 4.5928082, -74.1813207
2024-07-12 00:46:59.149, -0.1683949, -9.810872, -1.0812567, -3.8177954E-4, -6.8720314E-4, 7.635591E-4, -0.02979769, -9.754835, -1.0063244, 15.375001, 22.25625, -8.868751, 4.5928082, -74.1813207
2024-07-12 00:47:00.155, -0.1683949, -9.810872, -1.0860424, -3.8177954E-4, -6.8720314E-4, 7.635591E-4, -0.02979769, -9.754835, -1.0063244, 15.4125, 22.3875, -8.493751, 4.5928082, -74.1813207
2024-07-12 00:47:01.159, -0.18514465, -9.822836, -1.0836495, -3.8177954E-4, -6.8720314E-4, 7.635591E-4, -0.02979769, -9.754835, -1.0063244, 15.13125, 21.9375, -9.075001, 4.5928082, -74.1813207
2024-07-12 00:47:03.809, -0.14207384, -9.796515, -1.0812567, -3.8177954E-4, -6.8720314E-4, 7.635591E-4, -0.02979769, -9.754835, -1.0063244, 15.31875, 21.768751, -9.150001, 4.5928082, -74.1813207
2024-07-12 00:47:04.811, -0.16360925, -9.815658, -1.0812567, -3.8177954E-4, -6.8720314E-4, 7.635591E-4, -0.02979769, -9.754835, -1.0063244, 14.981251, 22.331251, -8.64375, 4.5928082, -74.1813207
2024-07-12 00:47:05.815, -0.15164514, -9.801301, -1.0788639, -3.8177954E-4, -6.8720314E-4, 7.635591E-4, -0.02979769, -9.754835, -1.0063244, 14.775001, 22.143751, -9.337501, 4.5928082, -74.1813207
2024-07-12 00:47:08.009, -0.17318054, -9.798908, -1.0764711, -3.8177954E-4, -6.8720314E-4, 7.635591E-4, -0.02979769, -9.754835, -1.0063244, 15.0375, 21.675001, -8.962501, 4.5928082, -74.1813207
2024-07-12 00:47:09.577, -0.15403795, -9.801301, -1.0788639, -3.8177954E-4, -6.8720314E-4, 7.635591E-4, -0.02979769, -9.754835, -1.0063244, 15.50625, 22.2, -8.94375, 4.5928082, -74.1813207
2024-07-12 00:47:10.582, -0.16121642, -9.810872, -1.0836495, -3.8177954E-4, -6.8720314E-4, 7.635591E-4, -0.02979769, -9.754835, -1.0063244, 15.731251, 22.21875, -9.525001, 4.5928082, -74.1813207
2024-07-12 00:47:12.010, -0.16121642, -9.784551, -1.0764711, -3.8177954E-4, -6.8720314E-4, 7.635591E-4, -0.02979769, -9.754835, -1.0063244, 15.056251, 21.6375, -8.75625, 4.5928082, -74.1813207
2024-07-12 00:47:14.209, -0.15164514, -9.806087, -1.0740783, -3.8177954E-4, -6.8720314E-4, 7.635591E-4, -0.02979769, -9.754835, -1.0063244, 15.31875, 22.35, -8.64375, 4.5928082, -74.1813207
2024-07-12 00:47:15.216, -0.15882361, -9.798908, -1.0764711, -3.8177954E-4, -6.8720314E-4, 7.635591E-4, -0.02979769, -9.754835, -1.0063244, 15.656251, 22.425001, -7.8375, 4.5928082, -74.1813207
2024-07-12 00:47:16.219, -0.16360925, -9.822836, -1.0788639, -3.8177954E-4, -6.8720314E-4, 7.635591E-4, -0.02979769, -9.754835, -1.0063244, 15.1125, 22.368752, -9.543751, 4.5928082, -74.1813207
2024-07-12 00:47:18.827, -0.16600206, -9.813265, -1.0956137, -3.8177954E-4, -6.8720314E-4, 7.635591E-4, -0.02979769, -9.754835, -1.0063244, 15.281251, 22.181252, -8.418751, 4.5928082, -74.1813206
2024-07-12 00:47:19.830, -0.1468595, -9.813265, -1.0740783, -3.8177954E-4, -6.8720314E-4, 7.635591E-4, -0.02979769, -9.754835, -1.0063244, 15.543751, 22.5, -8.475, 4.5928081, -74.1813206
2024-07-12 00:47:20.834, -0.1683949, -9.806087, -1.0812567, -3.8177954E-4, -6.8720314E-4, 7.635591E-4, -0.02979769, -9.754835, -1.0063244, 15.450001, 22.21875, -9.46875, 4.5928081, -74.1813206
2024-07-12 00:47:22.827, -0.14925231, -9.810872, -1.0788639, -3.8177954E-4, -6.8720314E-4, 7.635591E-4, -0.02979769, -9.754835, -1.0063244, 14.981251, 21.825, -9.01875, 4.5928082, -74.1813206
2024-07-12 00:47:24.403, -0.15643078, -9.81805, -1.0788639, -3.8177954E-4, -6.8720314E-4, 7.635591E-4, -0.02979769, -9.754835, -1.0063244, 15.31875, 21.91875, -8.90625, 4.5928081, -74.1813206
2024-07-12 00:47:25.407, -0.17078772, -9.808479, -1.0884352, -3.8177954E-4, -6.8720314E-4, 7.635591E-4, -0.02979769, -9.754835, -1.0063244, 15.431251, 22.5, -8.6625, 4.5928082, -74.1813206
2024-07-12 00:47:26.811, -0.15164514, -9.803694, -1.0692927, -3.8177954E-4, -6.8720314E-4, 7.635591E-4, -0.02979769, -9.754835, -1.0063244, 14.925, 21.993752, -8.700001, 4.5928082, -74.1813206
2024-07-12 00:47:29.003, -0.15882361, -9.813265, -1.0692927, -3.8177954E-4, -6.8720314E-4, 7.635591E-4, -0.02979769, -9.754835, -1.0063244, 15.843751, 22.368752, -8.55, 4.5928082, -74.1813206
2024-07-12 00:47:30.007, -0.14925231, -9.789336, -1.0788639, -3.8177954E-4, -6.8720314E-4, 7.635591E-4, -0.02979769, -9.754835, -1.0063244, 15.356251, 21.9375, -8.493751, 4.5928081, -74.1813206
2024-07-12 00:47:31.012, -0.15164514, -9.796515, -1.0860424, -3.8177954E-4, -6.8720314E-4, 7.635591E-4, -0.02979769, -9.754835, -1.0063244, 14.981251, 22.10625, -9.50625, 4.5928081, -74.1813206
2024-07-12 00:47:32.994, -0.1468595, -9.810872, -1.0788639, -3.8177954E-4, -6.8720314E-4, 7.635591E-4, -0.02979769, -9.754835, -1.0063244, 15.093751, 21.487501, -9.01875, 4.5928081, -74.1813206
2024-07-12 00:47:34.638, -0.1683949, -9.796515, -1.0788639, -3.8177954E-4, -6.8720314E-4, 7.635591E-4, -0.02979769, -9.754835, -1.0063244, 15.4125, 22.237501, -9.09375, 4.5928081, -74.1813205
2024-07-12 00:47:35.642, -0.1683949, -9.808479, -1.0836495, -3.8177954E-4, -6.8720314E-4, 7.635591E-4, -0.02979769, -9.754835, -1.0063244, 15.281251, 22.2, -9.28125, 4.5928081, -74.1813205
2024-07-12 00:47:37.019, -0.15403795, -9.796515, -1.0788639, -3.8177954E-4, -6.8720314E-4, 7.635591E-4, -0.02979769, -9.754835, -1.0063244, 15.20625, 22.35, -9.46875, 4.5928081, -74.1813205
2024-07-12 00:47:39.175, -0.16360925, -9.796515, -1.0812567, -3.8177954E-4, -6.8720314E-4, 7.635591E-4, -0.02979769, -9.754835, -1.0063244, 15.262501, 22.143751, -8.85, 4.5928081, -74.1813205
2024-07-12 00:47:40.179, -0.15403795, -9.806087, -1.0764711, -3.8177954E-4, -6.8720314E-4, 7.635591E-4, -0.02979769, -9.754835, -1.0063244, 15.50625, 22.087502, -9.3, 4.5928081, -74.1813205
2024-07-12 00:47:41.183, -0.13489537, -9.803694, -1.0812567, -3.8177954E-4, -6.8720314E-4, 7.635591E-4, -0.02979769, -9.754835, -1.0063244, 15.281251, 21.88125, -9.20625, 4.5928081, -74.1813205
2024-07-12 00:47:43.825, -0.15403795, -9.794122, -1.0764711, -3.8177954E-4, -6.8720314E-4, 7.635591E-4, -0.02979769, -9.754835, -1.0063244, 15.1125, 21.993752, -9.075001, 4.5928081, -74.1813205
2024-07-12 00:47:44.827, -0.15403795, -9.794122, -1.0740783, -3.8177954E-4, -6.8720314E-4, 7.635591E-4, -0.02979769, -9.754835, -1.0063244, 15.01875, 21.768751, -9.168751, 4.592808, -74.1813205
2024-07-12 00:47:45.832, -0.180359, -9.808479, -1.0812567, -3.8177954E-4, -6.8720314E-4, 7.635591E-4, -0.02979769, -9.754835, -1.0063244, 14.812501, 22.66875, -9.13125, 4.592808, -74.1813205
2024-07-12 00:47:47.818, -0.14925231, -9.806087, -1.0908281, -3.8177954E-4, -6.8720314E-4, 7.635591E-4, -0.02979769, -9.754835, -1.0063244, 15.918751, 22.556252, -8.887501, 4.592808, -74.1813205
2024-07-12 00:47:49.389, -0.15882361, -9.806087, -1.0836495, -3.8177954E-4, -6.8720314E-4, 7.635591E-4, -0.02979769, -9.754835, -1.0063244, 15.3, 22.03125, -9.20625, 4.592808, -74.1813205
2024-07-12 00:47:50.393, -0.16360925, -9.801301, -1.0788639, -3.8177954E-4, -6.8720314E-4, 7.635591E-4, -0.02979769, -9.754835, -1.0063244, 15.356251, 21.75, -8.475, 4.592808, -74.1813205
2024-07-12 00:47:51.812, -0.15403795, -9.808479, -1.0740783, -3.8177954E-4, -6.8720314E-4, 7.635591E-4, -0.02979769, -9.754835, -1.0063244, 15.525001, 22.10625, -9.09375, 4.592808, -74.1813205
2024-07-12 00:47:54.055, -0.16121642, -9.803694, -1.0764711, -3.8177954E-4, -6.8720314E-4, 7.635591E-4, -0.02979769, -9.754835, -1.0063244, 15.20625, 22.35, -8.83125, 4.592808, -74.1813205
2024-07-12 00:47:55.057, -0.1372882, -9.808479, -1.0716854, -3.8177954E-4, -6.8720314E-4, 7.635591E-4, -0.02979769, -9.754835, -1.0063244, 14.85, 22.0125, -8.587501, 4.592808, -74.1813205
2024-07-12 00:47:56.061, -0.16360925, -9.801301, -1.0668998, -3.8177954E-4, -6.8720314E-4, 7.635591E-4, -0.02979769, -9.754835, -1.0063244, 15.356251, 21.46875, -8.75625, 4.592808, -74.1813205
2024-07-12 00:47:58.008, -0.15403795, -9.796515, -1.0692927, -3.8177954E-4, -6.8720314E-4, 7.635591E-4, -0.02979769, -9.754835, -1.0063244, 15.4875, 22.25625, -8.606251, 4.592808, -74.1813205
2024-07-12 00:47:59.588, -0.14925231, -9.810872, -1.0836495, -3.8177954E-4, -6.8720314E-4, 7.635591E-4, -0.02979769, -9.754835, -1.0063244, 15.618751, 22.96875, -9.337501, 4.592808, -74.1813205
2024-07-12 00:48:00.592, -0.14925231, -9.801301, -1.0764711, -3.8177954E-4, -6.8720314E-4, 7.635591E-4, -0.02979769, -9.754835, -1.0063244, 14.887501, 22.275002, -8.981251, 4.592808, -74.1813205
2024-07-12 00:48:01.918, -0.16360925, -9.810872, -1.0812567, -3.8177954E-4, -6.8720314E-4, 7.635591E-4, -0.02979769, -9.754835, -1.0063244, 15.431251, 21.993752, -8.53125, 4.592808, -74.1813204
2024-07-12 00:48:04.199, -0.15882361, -9.803694, -1.0860424, -3.8177954E-4, -6.8720314E-4, 7.635591E-4, -0.02979769, -9.754835, -1.0063244, 15.50625, 22.10625, -9.01875, 4.592808, -74.1813204
2024-07-12 00:48:05.202, -0.15643078, -9.810872, -1.0716854, -3.8177954E-4, -6.8720314E-4, 7.635591E-4, -0.02979769, -9.754835, -1.0063244, 15.225, 22.29375, -8.962501, 4.5928079, -74.1813204
2024-07-12 00:48:06.207, -0.1683949, -9.806087, -1.0788639, -3.8177954E-4, -6.8720314E-4, 7.635591E-4, -0.02979769, -9.754835, -1.0063244, 14.85, 22.125, -9.31875, 4.5928079, -74.1813204
2024-07-12 00:48:08.814, -0.17796618, -9.806087, -1.0788639, -3.8177954E-4, -6.8720314E-4, 7.635591E-4, -0.02979769, -9.754835, -1.0063244, 15.262501, 22.29375, -8.7375, 4.5928079, -74.1813204
2024-07-12 00:48:09.817, -0.14925231, -9.801301, -1.0884352, -3.8177954E-4, -6.8720314E-4, 7.635591E-4, -0.02979769, -9.754835, -1.0063244, 15.3, 22.66875, -9.01875, 4.5928079, -74.1813204
2024-07-12 00:48:10.820, -0.16600206, -9.803694, -1.0788639, -3.8177954E-4, -6.8720314E-4, 7.635591E-4, -0.02979769, -9.754835, -1.0063244, 14.718751, 22.35, -9.3, 4.5928079, -74.1813204
2024-07-12 00:48:37.924, -0.16121642, -9.803694, -1.0788639, -3.8177954E-4, -6.8720314E-4, 7.635591E-4, -0.02979769, -9.754835, -1.0063244, 15.000001, 21.75, -9.150001, 4.5928079, -74.1813204
2024-07-12 00:50:54.222, -0.16121642, -9.803694, -1.0788639, -3.8177954E-4, -6.8720314E-4, 7.635591E-4, -0.02979769, -9.754835, -1.0063244, 15.000001, 21.75, -9.150001, 4.5928079, -74.1813204
2024-07-12 00:53:12.731, -0.16121642, -9.803694, -1.0788639, -3.8177954E-4, -6.8720314E-4, 7.635591E-4, -0.02979769, -9.754835, -1.0063244, 15.000001, 21.75, -9.150001, 4.5928079, -74.1813204
