2024-07-19 04:00:32.935, -0.5344968, -9.873085, -0.26470602, -3.0542363E-4, 1.5271181E-4, 3.0542363E-4, 0.80899066, 1.9596325, 9.574746, 8.26875, -1.1625, 20.5125, 4.5928435, -74.1823665
2024-07-19 04:06:51.571, -0.5344968, -9.873085, -0.26470602, -3.0542363E-4, 1.5271181E-4, 3.0542363E-4, 0.80899066, 1.9596325, 9.574746, 8.26875, -1.1625, 20.5125, 4.5928435, -74.1823665
2024-07-19 04:06:52.583, -0.5344968, -9.873085, -0.26470602, -3.0542363E-4, 1.5271181E-4, 3.0542363E-4, 0.80899066, 1.9596325, 9.574746, 8.26875, -1.1625, 20.5125, 4.5928435, -74.1823665
2024-07-19 04:12:44.404, -0.5344968, -9.873085, -0.26470602, -3.0542363E-4, 1.5271181E-4, 3.0542363E-4, 0.80899066, 1.9596325, 9.574746, 8.26875, -1.1625, 20.5125, 4.5928435, -74.1823665
2024-07-19 04:13:32.190, -0.538086, -9.886246, -0.28863424, -3.0542363E-4, 1.5271181E-4, 3.0542363E-4, 0.80899066, 1.9596325, 9.574746, 8.26875, -1.1625, 20.5125, 4.5928435, -74.1823665
2024-07-19 04:13:33.193, -0.5416752, -9.865907, -0.2862414, -3.0542363E-4, 1.5271181E-4, 3.0542363E-4, 0.80899066, 1.9596325, 9.574746, 9.84375, 0.39375, 20.081251, 4.5929715, -74.1824245
2024-07-19 04:13:34.197, -0.5344968, -9.873085, -0.27906293, -3.0542363E-4, 1.5271181E-4, 3.0542363E-4, 0.80899066, 1.9596325, 9.574746, 10.14375, -0.0375, 20.025002, 4.5929715, -74.1824245
2024-07-19 04:13:35.199, -0.54646087, -9.892228, -0.2742773, -3.0542363E-4, 1.5271181E-4, 3.0542363E-4, 0.80899066, 1.9596325, 9.574746, 9.95625, 0.22500001, 20.212502, 4.5929247, -74.1823879
2024-07-19 04:13:36.202, -0.53210396, -9.875478, -0.27906293, -3.0542363E-4, 1.5271181E-4, 3.0542363E-4, 0.80899066, 1.9596325, 9.574746, 9.918751, 0.1875, 20.118752, 4.592925, -74.1823878
2024-07-19 04:13:37.205, -0.53688955, -9.875478, -0.2742773, -3.0542363E-4, 1.5271181E-4, 3.0542363E-4, 0.80899066, 1.9596325, 9.574746, 9.806251, -0.09375, 19.837502, 4.5929256, -74.1823886
2024-07-19 04:13:38.207, -0.5488537, -9.877871, -0.27906293, -3.0542363E-4, 1.5271181E-4, 3.0542363E-4, 0.80899066, 1.9596325, 9.574746, 10.14375, 0.39375, 20.1, 4.5929252, -74.1823892
2024-07-19 04:13:39.210, -0.54646087, -9.894621, -0.2862414, -3.0542363E-4, 1.5271181E-4, 3.0542363E-4, 0.80899066, 1.9596325, 9.574746, 10.387501, 0.39375, 20.23125, 4.5929244, -74.1823914
2024-07-19 04:13:40.213, -0.5416752, -9.8682995, -0.2862414, -3.0542363E-4, 1.5271181E-4, 3.0542363E-4, 0.80899066, 1.9596325, 9.574746, 9.993751, 0.24375, 20.456251, 4.5929248, -74.1823916
2024-07-19 04:13:41.217, -0.55393845, -9.892228, -0.2742773, -3.0542363E-4, 1.5271181E-4, 3.0542363E-4, 0.80899066, 1.9596325, 9.574746, 10.03125, 0.93750006, 20.362501, 4.5929259, -74.1823911
2024-07-19 04:13:42.220, -0.5416752, -9.875478, -0.27906293, -3.0542363E-4, 1.5271181E-4, 3.0542363E-4, 0.80899066, 1.9596325, 9.574746, 10.05, 0.65625, 20.23125, 4.5929273, -74.1823928
2024-07-19 04:13:43.225, -0.5512465, -9.887443, -0.27188447, -3.0542363E-4, 1.5271181E-4, 3.0542363E-4, 0.80899066, 1.9596325, 9.574746, 10.06875, 0.63750005, 20.1, 4.5929276, -74.1823931
2024-07-19 04:13:44.229, -0.5392824, -9.901799, -0.28145576, -3.0542363E-4, 1.5271181E-4, 3.0542363E-4, 0.80899066, 1.9596325, 9.574746, 9.65625, 0.46875003, 20.15625, 4.5929292, -74.1823923
2024-07-19 04:13:45.232, -0.53210396, -9.875478, -0.28384858, -3.0542363E-4, 1.5271181E-4, 3.0542363E-4, 0.80899066, 1.9596325, 9.574746, 10.425, 0.43125, 20.268751, 4.5929125, -74.1823865
2024-07-19 04:13:46.235, -0.53210396, -9.877871, -0.2670988, -3.0542363E-4, 1.5271181E-4, 3.0542363E-4, 0.80899066, 1.9596325, 9.574746, 10.51875, 0.0, 20.2875, 4.5929059, -74.1823836
2024-07-19 04:13:47.240, -0.56111693, -9.897014, -0.2862414, -3.0542363E-4, 1.5271181E-4, 3.0542363E-4, 0.80899066, 1.9596325, 9.574746, 10.012501, 0.22500001, 20.41875, 4.5929047, -74.1823822
2024-07-19 04:13:48.245, -0.5416752, -9.875478, -0.27906293, -3.0542363E-4, 1.5271181E-4, 3.0542363E-4, 0.80899066, 1.9596325, 9.574746, 9.712501, 0.39375, 20.41875, 4.5929013, -74.1823812
2024-07-19 04:13:49.249, -0.51535416, -9.882657, -0.26949164, -3.0542363E-4, 1.5271181E-4, 3.0542363E-4, 0.80899066, 1.9596325, 9.574746, 9.9375, 0.45000002, 20.175001, 4.5928998, -74.1823798
2024-07-19 04:13:50.254, -0.5488537, -9.880263, -0.27906293, -3.0542363E-4, 1.5271181E-4, 3.0542363E-4, 0.80899066, 1.9596325, 9.574746, 10.6875, 0.4875, 20.175001, 4.5928983, -74.1823787
2024-07-19 04:13:51.257, -0.55393845, -9.865907, -0.27667013, -3.0542363E-4, 1.5271181E-4, 3.0542363E-4, 0.80899066, 1.9596325, 9.574746, 10.125, 0.675, 19.9125, 4.5928973, -74.1823778
2024-07-19 04:13:52.262, -0.5512465, -9.880263, -0.27188447, -3.0542363E-4, 1.5271181E-4, 3.0542363E-4, 0.80899066, 1.9596325, 9.574746, 10.06875, 0.43125, 19.706251, 4.5928964, -74.1823769
2024-07-19 04:13:53.266, -0.55393845, -9.880263, -0.2742773, -3.0542363E-4, 1.5271181E-4, 3.0542363E-4, 0.80899066, 1.9596325, 9.574746, 10.03125, 0.3375, 19.706251, 4.5928955, -74.1823762
2024-07-19 04:13:54.269, -0.53688955, -9.88505, -0.27906293, -3.0542363E-4, 1.5271181E-4, 3.0542363E-4, 0.80899066, 1.9596325, 9.574746, 9.675, 0.43125, 19.875, 4.5928943, -74.1823764
2024-07-19 04:13:55.274, -0.54406804, -9.88505, -0.27906293, -3.0542363E-4, 1.5271181E-4, 3.0542363E-4, 0.80899066, 1.9596325, 9.574746, 10.181251, 0.52500004, 20.118752, 4.5928937, -74.182376
2024-07-19 04:13:56.277, -0.5416752, -9.889835, -0.27906293, -3.0542363E-4, 1.5271181E-4, 3.0542363E-4, 0.80899066, 1.9596325, 9.574746, 10.275001, 0.45000002, 20.118752, 4.5928932, -74.1823755
2024-07-19 04:13:57.281, -0.53688955, -9.9089775, -0.2862414, -3.0542363E-4, 1.5271181E-4, 3.0542363E-4, 0.80899066, 1.9596325, 9.574746, 9.975, -0.0, 19.518751, 4.592893, -74.1823753
2024-07-19 04:13:58.286, -0.5416752, -9.887443, -0.28384858, -3.0542363E-4, 1.5271181E-4, 3.0542363E-4, 0.80899066, 1.9596325, 9.574746, 10.40625, 0.82500005, 19.987501, 4.5928929, -74.1823751
2024-07-19 04:13:59.290, -0.53210396, -9.880263, -0.27188447, -3.0542363E-4, 1.5271181E-4, 3.0542363E-4, 0.80899066, 1.9596325, 9.574746, 10.125, 0.46875003, 20.306252, 4.5928927, -74.1823749
2024-07-19 04:14:00.294, -0.55393845, -9.887443, -0.28863424, -3.0542363E-4, 1.5271181E-4, 3.0542363E-4, 0.80899066, 1.9596325, 9.574746, 10.5375, 0.15, 20.25, 4.5928926, -74.1823748
2024-07-19 04:14:01.298, -0.5416752, -9.889835, -0.27906293, -3.0542363E-4, 1.5271181E-4, 3.0542363E-4, 0.80899066, 1.9596325, 9.574746, 10.2375, 0.76875, 20.7, 4.5928915, -74.1823748
2024-07-19 04:14:05.556, -0.54406804, -9.863514, -0.27188447, -3.0542363E-4, 1.5271181E-4, 3.0542363E-4, 0.80899066, 1.9596325, 9.574746, 10.012501, -0.09375, 20.268751, 4.5928914, -74.1823748
2024-07-19 04:15:32.457, -0.5344968, -9.882657, -0.28384858, -3.0542363E-4, 1.5271181E-4, 3.0542363E-4, 0.80899066, 1.9596325, 9.574746, 10.368751, 0.54375005, 19.6875, 4.5928914, -74.1823748
2024-07-19 04:21:08.630, -0.5344968, -9.882657, -0.28384858, -3.0542363E-4, 1.5271181E-4, 3.0542363E-4, 0.80899066, 1.9596325, 9.574746, 10.368751, 0.54375005, 19.6875, 4.5928914, -74.1823748
2024-07-19 04:21:09.636, -0.5344968, -9.882657, -0.28384858, -3.0542363E-4, 1.5271181E-4, 3.0542363E-4, 0.80899066, 1.9596325, 9.574746, 10.368751, 0.54375005, 19.6875, 4.5928914, -74.1823748
2024-07-19 04:22:45.019, -0.5344968, -9.882657, -0.28384858, -3.0542363E-4, 1.5271181E-4, 3.0542363E-4, 0.80899066, 1.9596325, 9.574746, 10.368751, 0.54375005, 19.6875, 4.5928914, -74.1823748
2024-07-19 04:29:23.628, -0.5344968, -9.882657, -0.28384858, -3.0542363E-4, 1.5271181E-4, 3.0542363E-4, 0.80899066, 1.9596325, 9.574746, 10.368751, 0.54375005, 19.6875, 4.5928914, -74.1823748
2024-07-19 04:31:46.959, -0.5344968, -9.882657, -0.28384858, -3.0542363E-4, 1.5271181E-4, 3.0542363E-4, 0.80899066, 1.9596325, 9.574746, 10.368751, 0.54375005, 19.6875, 4.5928914, -74.1823748
2024-07-19 04:32:24.068, -0.5344968, -9.882657, -0.28384858, -3.0542363E-4, 1.5271181E-4, 3.0542363E-4, 0.80899066, 1.9596325, 9.574746, 10.368751, 0.54375005, 19.6875, 4.5928914, -74.1823748
2024-07-19 04:33:34.340, -0.5344968, -9.882657, -0.28384858, -3.0542363E-4, 1.5271181E-4, 3.0542363E-4, 0.80899066, 1.9596325, 9.574746, 10.368751, 0.54375005, 19.6875, 4.5928914, -74.1823748
2024-07-19 04:45:24.542, -0.5344968, -9.882657, -0.28384858, -3.0542363E-4, 1.5271181E-4, 3.0542363E-4, 0.80899066, 1.9596325, 9.574746, 10.368751, 0.54375005, 19.6875, 4.5928914, -74.1823748
2024-07-19 04:45:25.548, -0.5344968, -9.882657, -0.28384858, -3.0542363E-4, 1.5271181E-4, 3.0542363E-4, 0.80899066, 1.9596325, 9.574746, 10.368751, 0.54375005, 19.6875, 4.5928914, -74.1823748
2024-07-19 04:52:44.420, -0.5344968, -9.882657, -0.28384858, -3.0542363E-4, 1.5271181E-4, 3.0542363E-4, 0.80899066, 1.9596325, 9.574746, 10.368751, 0.54375005, 19.6875, 4.5928914, -74.1823748
2024-07-19 04:54:14.776, -0.5344968, -9.882657, -0.28384858, -3.0542363E-4, 1.5271181E-4, 3.0542363E-4, 0.80899066, 1.9596325, 9.574746, 10.368751, 0.54375005, 19.6875, 4.5928914, -74.1823748
2024-07-19 04:55:11.062, -0.5344968, -9.882657, -0.28384858, -3.0542363E-4, 1.5271181E-4, 3.0542363E-4, 0.80899066, 1.9596325, 9.574746, 10.368751, 0.54375005, 19.6875, 4.5928914, -74.1823748
2024-07-19 04:59:43.554, -0.5344968, -9.882657, -0.28384858, -3.0542363E-4, 1.5271181E-4, 3.0542363E-4, 0.80899066, 1.9596325, 9.574746, 10.368751, 0.54375005, 19.6875, 4.5928914, -74.1823748
