2024-07-19 06:00:34.082, -0.5344968, -9.882657, -0.28384858, -3.0542363E-4, 1.5271181E-4, 3.0542363E-4, 0.80899066, 1.9596325, 9.574746, 10.368751, 0.54375005, 19.6875, 4.5928914, -74.1823748
2024-07-19 06:00:35.087, -0.5344968, -9.882657, -0.28384858, -3.0542363E-4, 1.5271181E-4, 3.0542363E-4, 0.80899066, 1.9596325, 9.574746, 10.368751, 0.54375005, 19.6875, 4.5928914, -74.1823748
2024-07-19 06:00:36.097, -0.5344968, -9.882657, -0.28384858, -3.0542363E-4, 1.5271181E-4, 3.0542363E-4, 0.80899066, 1.9596325, 9.574746, 10.368751, 0.54375005, 19.6875, 4.5928914, -74.1823748
2024-07-19 06:02:44.353, -0.5344968, -9.882657, -0.28384858, -3.0542363E-4, 1.5271181E-4, 3.0542363E-4, 0.80899066, 1.9596325, 9.574746, 10.368751, 0.54375005, 19.6875, 4.5928914, -74.1823748
2024-07-19 06:06:12.084, -0.5344968, -9.882657, -0.28384858, -3.0542363E-4, 1.5271181E-4, 3.0542363E-4, 0.80899066, 1.9596325, 9.574746, 10.368751, 0.54375005, 19.6875, 4.5928914, -74.1823748
2024-07-19 06:09:43.552, -0.5344968, -9.882657, -0.28384858, -3.0542363E-4, 1.5271181E-4, 3.0542363E-4, 0.80899066, 1.9596325, 9.574746, 10.368751, 0.54375005, 19.6875, 4.5928914, -74.1823748
2024-07-19 06:14:03.717, -0.5392824, -9.877871, -0.30089745, -3.0542363E-4, 1.5271181E-4, 3.0542363E-4, 0.80899066, 1.9596325, 9.574746, 10.368751, 0.54375005, 19.6875, 4.5928914, -74.1823748
2024-07-19 06:14:04.724, -0.538086, -9.871889, -0.2670988, -3.0542363E-4, 1.5271181E-4, 3.0542363E-4, 0.80899066, 1.9596325, 9.574746, 10.368751, 0.54375005, 19.6875, 4.5928914, -74.1823748
2024-07-19 06:14:05.728, -0.55513483, -9.869496, -0.27667013, -3.0542363E-4, 1.5271181E-4, 3.0542363E-4, 0.80899066, 1.9596325, 9.574746, 10.368751, 0.54375005, 19.6875, 4.5928914, -74.1823748
2024-07-19 06:14:06.730, -0.54406804, -9.889835, -0.2742773, -3.0542363E-4, 1.5271181E-4, 3.0542363E-4, 0.80899066, 1.9596325, 9.574746, 10.181251, 0.71250004, 19.95, 4.5929098, -74.1823697
2024-07-19 06:14:07.731, -0.54646087, -9.882657, -0.2623132, -3.0542363E-4, 1.5271181E-4, 3.0542363E-4, 0.80899066, 1.9596325, 9.574746, 10.575001, 0.50625, 20.41875, 4.5929119, -74.1824328
2024-07-19 06:14:08.734, -0.5488537, -9.88505, -0.27906293, -3.0542363E-4, 1.5271181E-4, 3.0542363E-4, 0.80899066, 1.9596325, 9.574746, 10.21875, 0.75, 19.63125, 4.5929154, -74.1824289
2024-07-19 06:14:09.742, -0.5201398, -9.88505, -0.28145576, -3.0542363E-4, 1.5271181E-4, 3.0542363E-4, 0.80899066, 1.9596325, 9.574746, 10.368751, 0.80625004, 20.19375, 4.5929158, -74.1824261
2024-07-19 06:14:10.748, -0.55393845, -9.882657, -0.2742773, -3.0542363E-4, 1.5271181E-4, 3.0542363E-4, 0.80899066, 1.9596325, 9.574746, 10.14375, 0.90000004, 20.4375, 4.5929135, -74.1824294
2024-07-19 06:14:11.751, -0.55393845, -9.901799, -0.2623132, -3.0542363E-4, 1.5271181E-4, 3.0542363E-4, 0.80899066, 1.9596325, 9.574746, 10.6875, 0.90000004, 20.5125, 4.5929151, -74.1824266
2024-07-19 06:14:12.762, -0.5392824, -9.877871, -0.27188447, -3.0542363E-4, 1.5271181E-4, 3.0542363E-4, 0.80899066, 1.9596325, 9.574746, 10.6125, 1.1812501, 20.25, 4.5929186, -74.1824255
2024-07-19 06:14:13.767, -0.55393845, -9.882657, -0.27667013, -3.0542363E-4, 1.5271181E-4, 3.0542363E-4, 0.80899066, 1.9596325, 9.574746, 9.8625, 0.75, 19.893751, 4.5929232, -74.1824223
2024-07-19 06:14:14.772, -0.53210396, -9.897014, -0.27667013, -3.0542363E-4, 1.5271181E-4, 3.0542363E-4, 0.80899066, 1.9596325, 9.574746, 10.462501, 0.375, 20.118752, 4.5929261, -74.1824201
2024-07-19 06:14:15.778, -0.56111693, -9.889835, -0.26949164, -3.0542363E-4, 1.5271181E-4, 3.0542363E-4, 0.80899066, 1.9596325, 9.574746, 10.51875, 0.7875, 20.04375, 4.5929264, -74.182415
2024-07-19 06:14:16.782, -0.5416752, -9.906585, -0.28145576, -3.0542363E-4, 1.5271181E-4, 3.0542363E-4, 0.80899066, 1.9596325, 9.574746, 10.200001, 0.75, 20.25, 4.592927, -74.1824124
2024-07-19 06:14:17.787, -0.54646087, -9.887443, -0.27188447, -3.0542363E-4, 1.5271181E-4, 3.0542363E-4, 0.80899066, 1.9596325, 9.574746, 10.25625, 0.80625004, 20.23125, 4.5929257, -74.1824114
2024-07-19 06:14:18.793, -0.5512465, -9.882657, -0.28145576, -3.0542363E-4, 1.5271181E-4, 3.0542363E-4, 0.80899066, 1.9596325, 9.574746, 10.06875, 0.61875004, 20.4375, 4.5929249, -74.1824105
2024-07-19 06:14:19.802, -0.5273183, -9.892228, -0.27188447, -3.0542363E-4, 1.5271181E-4, 3.0542363E-4, 0.80899066, 1.9596325, 9.574746, 10.556251, 1.25625, 20.212502, 4.5929244, -74.18241
2024-07-19 06:14:20.806, -0.5392824, -9.889835, -0.2742773, -3.0542363E-4, 1.5271181E-4, 3.0542363E-4, 0.80899066, 1.9596325, 9.574746, 10.3125, 1.2, 20.587502, 4.5929241, -74.1824098
2024-07-19 06:14:21.811, -0.54406804, -9.897014, -0.2742773, -3.0542363E-4, 1.5271181E-4, 3.0542363E-4, 0.80899066, 1.9596325, 9.574746, 10.35, 0.6, 20.71875, 4.5929236, -74.1824097
2024-07-19 06:14:22.814, -0.5587241, -9.875478, -0.26949164, -3.0542363E-4, 1.5271181E-4, 3.0542363E-4, 0.80899066, 1.9596325, 9.574746, 10.181251, 0.65625, 20.34375, 4.5929232, -74.18241
2024-07-19 06:14:23.818, -0.54406804, -9.889835, -0.2742773, -3.0542363E-4, 1.5271181E-4, 3.0542363E-4, 0.80899066, 1.9596325, 9.574746, 10.368751, 0.63750005, 19.931252, 4.5929226, -74.1824106
2024-07-19 06:14:24.824, -0.5416752, -9.88505, -0.26949164, -3.0542363E-4, 1.5271181E-4, 3.0542363E-4, 0.80899066, 1.9596325, 9.574746, 9.806251, 1.3875, 20.550001, 4.5929221, -74.1824112
2024-07-19 06:14:25.830, -0.5344968, -9.882657, -0.27667013, -3.0542363E-4, 1.5271181E-4, 3.0542363E-4, 0.80899066, 1.9596325, 9.574746, 10.2375, 1.6125001, 20.118752, 4.5929215, -74.1824119
2024-07-19 06:14:26.837, -0.54646087, -9.882657, -0.2742773, -3.0542363E-4, 1.5271181E-4, 3.0542363E-4, 0.80899066, 1.9596325, 9.574746, 9.95625, 0.5625, 20.19375, 4.5929209, -74.1824128
2024-07-19 06:14:27.842, -0.54646087, -9.892228, -0.27906293, -3.0542363E-4, 1.5271181E-4, 3.0542363E-4, 0.80899066, 1.9596325, 9.574746, 10.275001, 0.75, 20.2875, 4.5929204, -74.1824135
2024-07-19 06:14:28.847, -0.53688955, -9.877871, -0.26949164, -3.0542363E-4, 1.5271181E-4, 3.0542363E-4, 0.80899066, 1.9596325, 9.574746, 10.106251, 1.2, 19.650002, 4.5929199, -74.1824143
2024-07-19 06:14:29.852, -0.54646087, -9.877871, -0.27667013, -3.0542363E-4, 1.5271181E-4, 3.0542363E-4, 0.80899066, 1.9596325, 9.574746, 10.21875, 1.7437501, 20.38125, 4.5929194, -74.1824151
2024-07-19 06:14:30.857, -0.517747, -9.899406, -0.2670988, -3.0542363E-4, 1.5271181E-4, 3.0542363E-4, 0.80899066, 1.9596325, 9.574746, 10.44375, 0.76875, 20.362501, 4.5929189, -74.182416
2024-07-19 06:14:31.864, -0.56350976, -9.877871, -0.27667013, -3.0542363E-4, 1.5271181E-4, 3.0542363E-4, 0.80899066, 1.9596325, 9.574746, 10.33125, 0.88125, 20.4375, 4.59292, -74.1824112
2024-07-19 06:14:32.868, -0.5587241, -9.870692, -0.26949164, -3.0542363E-4, 1.5271181E-4, 3.0542363E-4, 0.80899066, 1.9596325, 9.574746, 10.14375, 0.93750006, 20.175001, 4.5929204, -74.1824092
2024-07-19 06:14:33.872, -0.5297111, -9.897014, -0.27906293, -3.0542363E-4, 1.5271181E-4, 3.0542363E-4, 0.80899066, 1.9596325, 9.574746, 10.125, 0.50625, 20.0625, 4.5929205, -74.1824082
2024-07-19 06:14:34.878, -0.5392824, -9.88505, -0.26949164, -3.0542363E-4, 1.5271181E-4, 3.0542363E-4, 0.80899066, 1.9596325, 9.574746, 10.40625, 0.82500005, 20.41875, 4.5929205, -74.1824082
2024-07-19 06:15:19.157, -0.5512465, -9.892228, -0.2742773, -3.0542363E-4, 1.5271181E-4, 3.0542363E-4, 0.80899066, 1.9596325, 9.574746, 10.368751, 0.80625004, 20.025002, 4.5929205, -74.1824083
2024-07-19 06:18:32.540, -0.55393845, -9.904192, -0.2623132, -3.0542363E-4, 1.5271181E-4, 3.0542363E-4, 0.80899066, 1.9596325, 9.574746, 10.481251, 0.69375, 20.475, 4.5929205, -74.1824083
2024-07-19 06:18:33.545, -0.55393845, -9.904192, -0.2623132, -3.0542363E-4, 1.5271181E-4, 3.0542363E-4, 0.80899066, 1.9596325, 9.574746, 10.481251, 0.69375, 20.475, 4.5929205, -74.1824083
2024-07-19 06:22:43.196, -0.55393845, -9.904192, -0.2623132, -3.0542363E-4, 1.5271181E-4, 3.0542363E-4, 0.80899066, 1.9596325, 9.574746, 10.481251, 0.69375, 20.475, 4.5929205, -74.1824083
2024-07-19 06:22:45.093, -0.55393845, -9.904192, -0.2623132, -3.0542363E-4, 1.5271181E-4, 3.0542363E-4, 0.80899066, 1.9596325, 9.574746, 10.481251, 0.69375, 20.475, 4.5929205, -74.1824083
2024-07-19 06:31:18.671, -0.55393845, -9.904192, -0.2623132, -3.0542363E-4, 1.5271181E-4, 3.0542363E-4, 0.80899066, 1.9596325, 9.574746, 10.481251, 0.69375, 20.475, 4.5929205, -74.1824083
2024-07-19 06:31:19.677, -0.55393845, -9.904192, -0.2623132, -3.0542363E-4, 1.5271181E-4, 3.0542363E-4, 0.80899066, 1.9596325, 9.574746, 10.481251, 0.69375, 20.475, 4.5929205, -74.1824083
2024-07-19 06:34:04.203, -0.55393845, -9.904192, -0.2623132, -3.0542363E-4, 1.5271181E-4, 3.0542363E-4, 0.80899066, 1.9596325, 9.574746, 10.481251, 0.69375, 20.475, 4.5929205, -74.1824083
2024-07-19 06:41:46.862, -0.55393845, -9.904192, -0.2623132, -3.0542363E-4, 1.5271181E-4, 3.0542363E-4, 0.80899066, 1.9596325, 9.574746, 10.481251, 0.69375, 20.475, 4.5929205, -74.1824083
2024-07-19 06:42:44.357, -0.55393845, -9.904192, -0.2623132, -3.0542363E-4, 1.5271181E-4, 3.0542363E-4, 0.80899066, 1.9596325, 9.574746, 10.481251, 0.69375, 20.475, 4.5929205, -74.1824083
2024-07-19 06:51:22.589, -0.55393845, -9.904192, -0.2623132, -3.0542363E-4, 1.5271181E-4, 3.0542363E-4, 0.80899066, 1.9596325, 9.574746, 10.481251, 0.69375, 20.475, 4.5929205, -74.1824083
2024-07-19 06:51:23.596, -0.55393845, -9.904192, -0.2623132, -3.0542363E-4, 1.5271181E-4, 3.0542363E-4, 0.80899066, 1.9596325, 9.574746, 10.481251, 0.69375, 20.475, 4.5929205, -74.1824083
2024-07-19 06:52:44.544, -0.55393845, -9.904192, -0.2623132, -3.0542363E-4, 1.5271181E-4, 3.0542363E-4, 0.80899066, 1.9596325, 9.574746, 10.481251, 0.69375, 20.475, 4.5929205, -74.1824083
2024-07-19 06:59:34.670, -0.55393845, -9.904192, -0.2623132, -3.0542363E-4, 1.5271181E-4, 3.0542363E-4, 0.80899066, 1.9596325, 9.574746, 10.481251, 0.69375, 20.475, 4.5929205, -74.1824083
2024-07-19 06:59:35.673, -0.55393845, -9.904192, -0.2623132, -3.0542363E-4, 1.5271181E-4, 3.0542363E-4, 0.80899066, 1.9596325, 9.574746, 10.481251, 0.69375, 20.475, 4.5929205, -74.1824083
