2024-07-19 15:02:46.156, -0.5344968, -9.846765, -0.6358926, -0.0035123718, 0.002443389, 0.0025961008, 0.80899066, 1.9596325, 9.574746, 10.368751, -108.881256, 42.787502, 4.5927586, -74.182457
2024-07-19 15:02:47.168, -0.5344968, -9.846765, -0.6358926, -0.0035123718, 0.002443389, 0.0025961008, 0.80899066, 1.9596325, 9.574746, 10.368751, -108.881256, 42.787502, 4.5927586, -74.182457
2024-07-19 15:02:48.176, -0.5344968, -9.846765, -0.6358926, -0.0035123718, 0.002443389, 0.0025961008, 0.80899066, 1.9596325, 9.574746, 10.368751, -108.881256, 42.787502, 4.5927586, -74.182457
2024-07-19 15:10:01.360, -0.5344968, -9.846765, -0.6358926, -0.0035123718, 0.002443389, 0.0025961008, 0.80899066, 1.9596325, 9.574746, 10.368751, -108.881256, 42.787502, 4.5927586, -74.182457
2024-07-19 15:10:02.366, -0.5344968, -9.846765, -0.6358926, -0.0035123718, 0.002443389, 0.0025961008, 0.80899066, 1.9596325, 9.574746, 10.368751, -108.881256, 42.787502, 4.5927586, -74.182457
2024-07-19 15:19:07.359, -0.5344968, -9.846765, -0.6358926, -0.0035123718, 0.002443389, 0.0025961008, 0.80899066, 1.9596325, 9.574746, 10.368751, -108.881256, 42.787502, 4.5927586, -74.182457
2024-07-19 15:19:08.366, -0.5344968, -9.846765, -0.6358926, -0.0035123718, 0.002443389, 0.0025961008, 0.80899066, 1.9596325, 9.574746, 10.368751, -108.881256, 42.787502, 4.5927586, -74.182457
2024-07-19 15:22:46.090, -0.5344968, -9.846765, -0.6358926, -0.0035123718, 0.002443389, 0.0025961008, 0.80899066, 1.9596325, 9.574746, 10.368751, -108.881256, 42.787502, 4.5927586, -74.182457
2024-07-19 15:23:00.542, -0.5344968, -9.846765, -0.6358926, -0.0035123718, 0.002443389, 0.0025961008, 0.80899066, 1.9596325, 9.574746, 10.368751, -108.881256, 42.787502, 4.5927586, -74.182457
2024-07-19 15:24:16.656, -0.5344968, -9.846765, -0.6358926, -0.0035123718, 0.002443389, 0.0025961008, 0.80899066, 1.9596325, 9.574746, 10.368751, -108.881256, 42.787502, 4.5927586, -74.182457
2024-07-19 15:29:43.203, -0.5344968, -9.846765, -0.6358926, -0.0035123718, 0.002443389, 0.0025961008, 0.80899066, 1.9596325, 9.574746, 10.368751, -108.881256, 42.787502, 4.5927586, -74.182457
2024-07-19 15:30:28.817, -0.54287165, -9.846765, -0.63230336, -0.0035123718, 0.002443389, 0.0025961008, 0.80899066, 1.9596325, 9.574746, 10.368751, -108.881256, 42.787502, 4.5927586, -74.182457
2024-07-19 15:30:29.821, -0.5392824, -9.830014, -0.62751776, -0.0035123718, 0.002443389, 0.0025961008, 0.80899066, 1.9596325, 9.574746, 10.368751, -108.881256, 42.787502, 4.5927586, -74.182457
2024-07-19 15:30:30.825, -0.54287165, -9.852746, -0.62751776, -0.0035123718, 0.002443389, 0.0025961008, 0.80899066, 1.9596325, 9.574746, 10.368751, -108.881256, 42.787502, 4.5927586, -74.182457
2024-07-19 15:30:31.827, -0.55393845, -9.843175, -0.62871414, -0.0035123718, 0.002443389, 0.0025961008, 0.80899066, 1.9596325, 9.574746, 10.368751, -108.881256, 42.787502, 4.5927586, -74.182457
2024-07-19 15:30:32.831, -0.55393845, -9.843175, -0.62871414, -0.0035123718, 0.002443389, 0.0025961008, 0.80899066, 1.9596325, 9.574746, 10.368751, -108.881256, 42.787502, 4.5927586, -74.182457
2024-07-19 15:30:33.833, -0.54646087, -9.850353, -0.63230336, -0.0035123718, 0.002443389, 0.0025961008, 0.80899066, 1.9596325, 9.574746, 10.368751, -108.881256, 42.787502, 4.5927586, -74.182457
2024-07-19 15:30:34.836, -0.53330034, -9.861121, -0.631107, -0.0035123718, 0.002443389, 0.0025961008, 0.80899066, 1.9596325, 9.574746, 10.368751, -108.881256, 42.787502, 4.5927586, -74.182457
2024-07-19 15:30:35.840, -0.5392824, -9.85155, -0.61675006, -0.0035123718, 0.002443389, 0.0025961008, 0.80899066, 1.9596325, 9.574746, 10.368751, -108.881256, 42.787502, 4.5927586, -74.182457
2024-07-19 15:30:36.844, -0.54406804, -9.861121, -0.6334998, -0.0035123718, 0.002443389, 0.0025961008, 0.80899066, 1.9596325, 9.574746, 10.368751, -108.881256, 42.787502, 4.5927586, -74.182457
2024-07-19 15:30:37.848, -0.53210396, -9.844372, -0.62871414, -0.0035123718, 0.002443389, 0.0025961008, 0.80899066, 1.9596325, 9.574746, 10.5, -108.881256, 41.943752, 4.5927586, -74.182457
2024-07-19 15:30:38.856, -0.5344968, -9.846765, -0.62153566, -0.0035123718, 0.002443389, 0.0025961008, 0.80899066, 1.9596325, 9.574746, 9.900001, -108.56251, 41.831253, 4.5927586, -74.182457
2024-07-19 15:30:39.862, -0.5344968, -9.837193, -0.631107, -0.0035123718, 0.002443389, 0.0025961008, 0.80899066, 1.9596325, 9.574746, 9.806251, -108.881256, 42.6375, 4.5927586, -74.182457
2024-07-19 15:30:40.868, -0.53688955, -9.841979, -0.62153566, -0.0035123718, 0.002443389, 0.0025961008, 0.80899066, 1.9596325, 9.574746, 9.7875, -107.71876, 42.73125, 4.5927586, -74.182457
2024-07-19 15:30:41.874, -0.5563313, -9.844372, -0.62871414, -0.0035123718, 0.002443389, 0.0025961008, 0.80899066, 1.9596325, 9.574746, 10.21875, -108.58125, 43.0875, 4.5927586, -74.182457
2024-07-19 15:30:42.883, -0.5587241, -9.837193, -0.61675006, -0.0035123718, 0.002443389, 0.0025961008, 0.80899066, 1.9596325, 9.574746, 10.3125, -107.86875, 42.206253, 4.5927586, -74.182457
2024-07-19 15:30:43.887, -0.54646087, -9.853943, -0.62153566, -0.0035123718, 0.002443389, 0.0025961008, 0.80899066, 1.9596325, 9.574746, 10.03125, -108.881256, 41.475002, 4.5927586, -74.182457
2024-07-19 15:30:44.890, -0.5344968, -9.844372, -0.6263213, -0.0035123718, 0.002443389, 0.0025961008, 0.80899066, 1.9596325, 9.574746, 10.200001, -108.731255, 42.581253, 4.5927586, -74.182457
2024-07-19 15:30:45.895, -0.5297111, -9.85155, -0.6239285, -0.0035123718, 0.002443389, 0.0025961008, 0.80899066, 1.9596325, 9.574746, 10.06875, -108.01875, 42.05625, 4.5927586, -74.182457
2024-07-19 15:30:46.900, -0.5392824, -9.849157, -0.61914283, -0.0035123718, 0.002443389, 0.0025961008, 0.80899066, 1.9596325, 9.574746, 10.293751, -108.39375, 42.35625, 4.5927586, -74.182457
2024-07-19 15:30:47.905, -0.5297111, -9.846765, -0.6263213, -0.0035123718, 0.002443389, 0.0025961008, 0.80899066, 1.9596325, 9.574746, 10.51875, -108.4875, 42.80625, 4.5927586, -74.182457
2024-07-19 15:30:48.911, -0.53688955, -9.849157, -0.6095716, -0.0035123718, 0.002443389, 0.0025961008, 0.80899066, 1.9596325, 9.574746, 10.14375, -108.675, 42.05625, 4.5927586, -74.182457
2024-07-19 15:30:49.915, -0.5344968, -9.841979, -0.631107, -0.0035123718, 0.002443389, 0.0025961008, 0.80899066, 1.9596325, 9.574746, 10.725, -108.3375, 42.73125, 4.5927586, -74.182457
2024-07-19 15:30:50.920, -0.5416752, -9.837193, -0.62871414, -0.0035123718, 0.002443389, 0.0025961008, 0.80899066, 1.9596325, 9.574746, 10.03125, -108.3, 42.487503, 4.5927586, -74.182457
2024-07-19 15:30:51.926, -0.5297111, -9.849157, -0.6263213, -0.0035123718, 0.002443389, 0.0025961008, 0.80899066, 1.9596325, 9.574746, 10.725, -108.76875, 42.65625, 4.5927586, -74.182457
2024-07-19 15:30:52.931, -0.5297111, -9.844372, -0.6119644, -0.0035123718, 0.002443389, 0.0025961008, 0.80899066, 1.9596325, 9.574746, 10.575001, -108.525, 42.675003, 4.5927586, -74.182457
2024-07-19 15:30:53.935, -0.5249255, -9.844372, -0.631107, -0.0035123718, 0.002443389, 0.0025961008, 0.80899066, 1.9596325, 9.574746, 10.087501, -108.46876, 42.46875, 4.5927586, -74.182457
2024-07-19 15:30:54.940, -0.5392824, -9.837193, -0.62871414, -0.0035123718, 0.002443389, 0.0025961008, 0.80899066, 1.9596325, 9.574746, 10.293751, -108.43125, 42.65625, 4.5927586, -74.182457
2024-07-19 15:30:55.946, -0.5344968, -9.856336, -0.6239285, -0.0035123718, 0.002443389, 0.0025961008, 0.80899066, 1.9596325, 9.574746, 10.087501, -108.3375, 42.862503, 4.5927586, -74.182457
2024-07-19 15:30:56.952, -0.53210396, -9.841979, -0.62153566, -0.0035123718, 0.002443389, 0.0025961008, 0.80899066, 1.9596325, 9.574746, 10.35, -108.95625, 42.131252, 4.5927586, -74.182457
2024-07-19 15:30:57.958, -0.53688955, -9.849157, -0.62153566, -0.0035123718, 0.002443389, 0.0025961008, 0.80899066, 1.9596325, 9.574746, 9.9375, -108.28126, 42.73125, 4.5927586, -74.182457
2024-07-19 15:30:58.963, -0.5392824, -9.846765, -0.631107, -0.0035123718, 0.002443389, 0.0025961008, 0.80899066, 1.9596325, 9.574746, 9.918751, -109.425, 42.24375, 4.5927586, -74.182457
2024-07-19 15:31:00.449, -0.5416752, -9.846765, -0.61914283, -0.0035123718, 0.002443389, 0.0025961008, 0.80899066, 1.9596325, 9.574746, 10.33125, -108.93751, 43.162502, 4.5927586, -74.182457
2024-07-19 15:31:01.502, -0.54406804, -9.839586, -0.61435723, -0.0035123718, 0.002443389, 0.0025961008, 0.80899066, 1.9596325, 9.574746, 10.181251, -109.162506, 42.2625, 4.5927586, -74.182457
2024-07-19 15:31:02.506, -0.55393845, -9.853943, -0.6263213, -0.0035123718, 0.002443389, 0.0025961008, 0.80899066, 1.9596325, 9.574746, 10.05, -108.975006, 41.662502, 4.5927586, -74.182457
2024-07-19 15:31:03.510, -0.5488537, -9.8348, -0.631107, -0.0035123718, 0.002443389, 0.0025961008, 0.80899066, 1.9596325, 9.574746, 10.5, -108.8625, 42.65625, 4.5927586, -74.182457
2024-07-19 15:31:04.515, -0.54646087, -9.844372, -0.61914283, -0.0035123718, 0.002443389, 0.0025961008, 0.80899066, 1.9596325, 9.574746, 10.650001, -108.61875, 42.600002, 4.5927586, -74.182457
2024-07-19 15:31:05.520, -0.55393845, -9.849157, -0.62871414, -0.0035123718, 0.002443389, 0.0025961008, 0.80899066, 1.9596325, 9.574746, 10.70625, -108.675, 42.3375, 4.5927586, -74.182457
2024-07-19 15:31:06.524, -0.53688955, -9.853943, -0.61914283, -0.0035123718, 0.002443389, 0.0025961008, 0.80899066, 1.9596325, 9.574746, 10.06875, -108.731255, 42.16875, 4.5927586, -74.182457
2024-07-19 15:31:07.528, -0.53210396, -9.8348, -0.62153566, -0.0035123718, 0.002443389, 0.0025961008, 0.80899066, 1.9596325, 9.574746, 10.25625, -109.14375, 42.693752, 4.5927586, -74.182457
2024-07-19 15:31:08.534, -0.5512465, -9.849157, -0.61675006, -0.0035123718, 0.002443389, 0.0025961008, 0.80899066, 1.9596325, 9.574746, 10.368751, -108.356255, 42.600002, 4.5927586, -74.182457
2024-07-19 15:31:09.539, -0.56590253, -9.8348, -0.631107, -0.0035123718, 0.002443389, 0.0025961008, 0.80899066, 1.9596325, 9.574746, 10.425, -109.275, 42.581253, 4.5927586, -74.182457
2024-07-19 15:31:10.543, -0.54406804, -9.841979, -0.63828546, -0.0035123718, 0.002443389, 0.0025961008, 0.80899066, 1.9596325, 9.574746, 10.087501, -108.543755, 42.80625, 4.5927586, -74.182457
2024-07-19 15:31:11.547, -0.53210396, -9.853943, -0.61914283, -0.0035123718, 0.002443389, 0.0025961008, 0.80899066, 1.9596325, 9.574746, 10.21875, -108.43125, 42.91875, 4.5927586, -74.182457
2024-07-19 15:31:12.552, -0.5416752, -9.830014, -0.631107, -0.0035123718, 0.002443389, 0.0025961008, 0.80899066, 1.9596325, 9.574746, 10.181251, -108.131256, 42.693752, 4.5927586, -74.182457
2024-07-19 15:31:13.556, -0.5416752, -9.841979, -0.61914283, -0.0035123718, 0.002443389, 0.0025961008, 0.80899066, 1.9596325, 9.574746, 10.5, -108.450005, 41.98125, 4.5927586, -74.182457
2024-07-19 15:31:14.599, -0.5563313, -9.846765, -0.62153566, -0.0035123718, 0.002443389, 0.0025961008, 0.80899066, 1.9596325, 9.574746, 10.387501, -108.975006, 42.675003, 4.5927586, -74.182457
2024-07-19 15:31:15.603, -0.5563313, -9.844372, -0.62871414, -0.0035123718, 0.002443389, 0.0025961008, 0.80899066, 1.9596325, 9.574746, 9.69375, -109.012505, 43.143753, 4.5927586, -74.182457
2024-07-19 15:31:16.606, -0.5416752, -9.861121, -0.6263213, -0.0035123718, 0.002443389, 0.0025961008, 0.80899066, 1.9596325, 9.574746, 10.35, -108.075005, 42.1875, 4.5927586, -74.182457
2024-07-19 15:31:17.611, -0.5587241, -9.863514, -0.61675006, -0.0035123718, 0.002443389, 0.0025961008, 0.80899066, 1.9596325, 9.574746, 10.087501, -108.3375, 41.8875, 4.5927586, -74.182457
2024-07-19 15:31:18.614, -0.517747, -9.849157, -0.62871414, -0.0035123718, 0.002443389, 0.0025961008, 0.80899066, 1.9596325, 9.574746, 10.06875, -108.3, 43.21875, 4.5927586, -74.182457
2024-07-19 15:31:19.619, -0.53688955, -9.844372, -0.62871414, -0.0035123718, 0.002443389, 0.0025961008, 0.80899066, 1.9596325, 9.574746, 10.650001, -108.37501, 42.73125, 4.5927586, -74.182457
2024-07-19 15:31:20.622, -0.54646087, -9.839586, -0.62871414, -0.0035123718, 0.002443389, 0.0025961008, 0.80899066, 1.9596325, 9.574746, 10.3125, -108.356255, 41.9625, 4.5927586, -74.182457
2024-07-19 15:31:21.626, -0.5273183, -9.853943, -0.631107, -0.0035123718, 0.002443389, 0.0025961008, 0.80899066, 1.9596325, 9.574746, 10.1625, -107.887505, 42.881252, 4.5927586, -74.182457
2024-07-19 15:31:22.631, -0.5249255, -9.861121, -0.6263213, -0.0035123718, 0.002443389, 0.0025961008, 0.80899066, 1.9596325, 9.574746, 10.200001, -108.76875, 42.768753, 4.5927586, -74.182457
2024-07-19 15:31:23.635, -0.54406804, -9.846765, -0.631107, -0.0035123718, 0.002443389, 0.0025961008, 0.80899066, 1.9596325, 9.574746, 10.35, -108.975006, 42.2625, 4.5927586, -74.182457
2024-07-19 15:31:24.641, -0.54646087, -9.839586, -0.6119644, -0.0035123718, 0.002443389, 0.0025961008, 0.80899066, 1.9596325, 9.574746, 10.21875, -109.068756, 42.80625, 4.5927586, -74.182457
2024-07-19 15:31:25.998, -0.5344968, -9.853943, -0.61914283, -0.0035123718, 0.002443389, 0.0025961008, 0.80899066, 1.9596325, 9.574746, 10.425, -108.731255, 42.16875, 4.5927586, -74.182457
2024-07-19 15:31:27.060, -0.5416752, -9.853943, -0.631107, -0.0035123718, 0.002443389, 0.0025961008, 0.80899066, 1.9596325, 9.574746, 9.806251, -108.4875, 42.956253, 4.5927586, -74.182457
2024-07-19 15:31:28.066, -0.55393845, -9.837193, -0.62871414, -0.0035123718, 0.002443389, 0.0025961008, 0.80899066, 1.9596325, 9.574746, 10.012501, -108.75001, 42.318752, 4.5927586, -74.182457
2024-07-19 15:31:29.070, -0.53210396, -9.830014, -0.62871414, -0.0035123718, 0.002443389, 0.0025961008, 0.80899066, 1.9596325, 9.574746, 9.76875, -108.918755, 42.61875, 4.5927586, -74.182457
2024-07-19 15:31:30.622, -0.5273183, -9.85155, -0.631107, -0.0035123718, 0.002443389, 0.0025961008, 0.80899066, 1.9596325, 9.574746, 10.725, -108.75001, 42.393753, 4.5927586, -74.182457
2024-07-19 15:31:31.819, -0.54646087, -9.849157, -0.61914283, -0.0035123718, 0.002443389, 0.0025961008, 0.80899066, 1.9596325, 9.574746, 10.125, -108.787506, 43.40625, 4.5927586, -74.182457
2024-07-19 15:31:32.823, -0.54646087, -9.849157, -0.61914283, -0.0035123718, 0.002443389, 0.0025961008, 0.80899066, 1.9596325, 9.574746, 10.125, -108.787506, 43.40625, 4.5927586, -74.182457
2024-07-19 15:31:58.733, -0.54646087, -9.849157, -0.61914283, -0.0035123718, 0.002443389, 0.0025961008, 0.80899066, 1.9596325, 9.574746, 10.125, -108.787506, 43.40625, 4.5927586, -74.182457
2024-07-19 15:33:47.561, -0.54646087, -9.849157, -0.61914283, -0.0035123718, 0.002443389, 0.0025961008, 0.80899066, 1.9596325, 9.574746, 10.125, -108.787506, 43.40625, 4.5927586, -74.182457
2024-07-19 15:39:43.197, -0.54646087, -9.849157, -0.61914283, -0.0035123718, 0.002443389, 0.0025961008, 0.80899066, 1.9596325, 9.574746, 10.125, -108.787506, 43.40625, 4.5927586, -74.182457
2024-07-19 15:42:50.300, -0.54646087, -9.849157, -0.61914283, -0.0035123718, 0.002443389, 0.0025961008, 0.80899066, 1.9596325, 9.574746, 10.125, -108.787506, 43.40625, 4.5927586, -74.182457
2024-07-19 15:42:51.305, -0.54646087, -9.849157, -0.61914283, -0.0035123718, 0.002443389, 0.0025961008, 0.80899066, 1.9596325, 9.574746, 10.125, -108.787506, 43.40625, 4.5927586, -74.182457
2024-07-19 15:50:28.669, -0.54646087, -9.849157, -0.61914283, -0.0035123718, 0.002443389, 0.0025961008, 0.80899066, 1.9596325, 9.574746, 10.125, -108.787506, 43.40625, 4.5927586, -74.182457
2024-07-19 15:52:52.395, -0.54646087, -9.849157, -0.61914283, -0.0035123718, 0.002443389, 0.0025961008, 0.80899066, 1.9596325, 9.574746, 10.125, -108.787506, 43.40625, 4.5927586, -74.182457
2024-07-19 15:52:53.474, -0.54646087, -9.849157, -0.61914283, -0.0035123718, 0.002443389, 0.0025961008, 0.80899066, 1.9596325, 9.574746, 10.125, -108.787506, 43.40625, 4.5927586, -74.182457
2024-07-19 15:53:10.183, -0.54646087, -9.849157, -0.61914283, -0.0035123718, 0.002443389, 0.0025961008, 0.80899066, 1.9596325, 9.574746, 10.125, -108.787506, 43.40625, 4.5927586, -74.182457
