2024-07-20 03:01:57.967, -0.09182457, -0.14356937, 9.883853, -0.0035123718, 0.002443389, 0.0025961008, 0.80899066, 1.9596325, 9.574746, -8.606251, -14.19375, -26.531252, 4.5926377, -74.1816637
2024-07-20 03:04:16.777, -0.09182457, -0.15314065, 9.874282, -0.0035123718, 0.002443389, 0.0025961008, 0.80899066, 1.9596325, 9.574746, -9.450001, -14.231251, -27.13125, 4.5926377, -74.1816637
2024-07-20 03:06:14.961, -0.07986046, -0.15314065, 9.874282, -0.0035123718, 0.002443389, 0.0025961008, 0.80899066, 1.9596325, 9.574746, -8.962501, -14.531251, -26.718752, 4.5926377, -74.1816637
2024-07-20 03:06:15.963, -0.07507481, -0.14596218, 9.876675, -0.0035123718, 0.002443389, 0.0025961008, 0.80899066, 1.9596325, 9.574746, -9.356251, -14.00625, -26.062502, 4.5926377, -74.1816637
2024-07-20 03:08:53.258, -0.08943175, -0.15314065, 9.874282, -0.0035123718, 0.002443389, 0.0025961008, 0.80899066, 1.9596325, 9.574746, -8.83125, -14.250001, -27.018751, 4.5926377, -74.1816637
2024-07-20 03:10:26.087, -0.10139586, -0.14596218, 9.879067, -0.0035123718, 0.002443389, 0.0025961008, 0.80899066, 1.9596325, 9.574746, -8.94375, -14.2875, -26.081251, 4.5926377, -74.1816637
2024-07-20 03:12:50.265, -0.09661021, -0.148355, 9.874282, -0.0035123718, 0.002443389, 0.0025961008, 0.80899066, 1.9596325, 9.574746, -9.168751, -14.00625, -26.362501, 4.5926377, -74.1816637
2024-07-20 03:15:41.909, -0.0846461, -0.14117654, 9.871889, -0.0035123718, 0.002443389, 0.0025961008, 0.80899066, 1.9596325, 9.574746, -8.83125, -13.668751, -26.681252, 4.5926377, -74.1816637
2024-07-20 03:17:18.876, -0.0846461, -0.16031912, 9.88146, -0.0035123718, 0.002443389, 0.0025961008, 0.80899066, 1.9596325, 9.574746, -9.09375, -14.325001, -26.56875, 4.5926377, -74.1816637
2024-07-20 03:17:19.880, -0.077467635, -0.14596218, 9.876675, -0.0035123718, 0.002443389, 0.0025961008, 0.80899066, 1.9596325, 9.574746, -8.512501, -13.781251, -26.1375, 4.5926377, -74.1816637
2024-07-20 03:19:43.787, -0.07986046, -0.13399807, 9.864711, -0.0035123718, 0.002443389, 0.0025961008, 0.80899066, 1.9596325, 9.574746, -9.50625, -13.556251, -25.275002, 4.5926377, -74.1816637
2024-07-20 03:22:37.043, -0.09421739, -0.148355, 9.874282, -0.0035123718, 0.002443389, 0.0025961008, 0.80899066, 1.9596325, 9.574746, -9.20625, -14.175, -25.743752, 4.5926377, -74.1816637
2024-07-20 03:23:34.357, -0.07986046, -0.16271193, 9.8886385, -0.0035123718, 0.002443389, 0.0025961008, 0.80899066, 1.9596325, 9.574746, -9.31875, -14.6625, -25.275002, 4.5926377, -74.1816637
2024-07-20 03:25:03.755, -0.08225328, -0.14117654, 9.879067, -0.0035123718, 0.002443389, 0.0025961008, 0.80899066, 1.9596325, 9.574746, -9.58125, -13.9875, -25.29375, 4.5926377, -74.1816637
2024-07-20 03:25:41.469, -0.08943175, -0.14356937, 9.876675, -0.0035123718, 0.002443389, 0.0025961008, 0.80899066, 1.9596325, 9.574746, -9.225, -13.81875, -25.25625, 4.5926377, -74.1816637
2024-07-20 03:27:08.055, -0.09900304, -0.14117654, 9.871889, -0.0035123718, 0.002443389, 0.0025961008, 0.80899066, 1.9596325, 9.574746, -9.075001, -14.137501, -25.237501, 4.5926377, -74.1816637
2024-07-20 03:29:43.770, -0.09182457, -0.15792629, 9.879067, -0.0035123718, 0.002443389, 0.0025961008, 0.80899066, 1.9596325, 9.574746, -8.71875, -14.700001, -25.406252, 4.5926377, -74.1816637
2024-07-20 03:31:53.102, -0.0846461, -0.148355, 9.876675, -0.0035123718, 0.002443389, 0.0025961008, 0.80899066, 1.9596325, 9.574746, -9.09375, -13.968751, -25.66875, 4.5926377, -74.1816637
2024-07-20 03:33:56.617, -0.08943175, -0.13399807, 9.876675, -0.0035123718, 0.002443389, 0.0025961008, 0.80899066, 1.9596325, 9.574746, -8.981251, -13.762501, -25.368752, 4.5926377, -74.1816637
2024-07-20 03:36:06.783, -0.08225328, -0.13878371, 9.879067, -0.0035123718, 0.002443389, 0.0025961008, 0.80899066, 1.9596325, 9.574746, -9.0, -14.043751, -25.25625, 4.5926377, -74.1816637
2024-07-20 03:36:44.537, -0.07986046, -0.14596218, 9.867104, -0.0035123718, 0.002443389, 0.0025961008, 0.80899066, 1.9596325, 9.574746, -8.887501, -13.968751, -25.518751, 4.5926377, -74.1816637
2024-07-20 03:38:54.070, -0.0846461, -0.13878371, 9.871889, -0.0035123718, 0.002443389, 0.0025961008, 0.80899066, 1.9596325, 9.574746, -8.868751, -14.26875, -24.900002, 4.5926377, -74.1816637
2024-07-20 03:40:26.149, -0.08703893, -0.14356937, 9.862318, -0.0035123718, 0.002443389, 0.0025961008, 0.80899066, 1.9596325, 9.574746, -9.262501, -14.1, -25.85625, 4.5926377, -74.1816637
2024-07-20 03:42:50.272, -0.09661021, -0.14356937, 9.874282, -0.0035123718, 0.002443389, 0.0025961008, 0.80899066, 1.9596325, 9.574746, -7.2187505, -15.975, -24.35625, 4.5926377, -74.1816637
2024-07-20 03:46:24.945, -0.115752794, -0.15074782, 9.876675, -0.0035123718, 0.002443389, 0.0025961008, 0.80899066, 1.9596325, 9.574746, -7.74375, -16.875, -24.150002, 4.5926377, -74.1816637
2024-07-20 03:47:55.885, -0.08943175, -0.14117654, 9.874282, -0.0035123718, 0.002443389, 0.0025961008, 0.80899066, 1.9596325, 9.574746, -7.6875005, -16.575, -24.4125, 4.5926377, -74.1816637
2024-07-20 03:47:56.888, -0.0846461, -0.12921242, 9.879067, -0.0035123718, 0.002443389, 0.0025961008, 0.80899066, 1.9596325, 9.574746, -7.8375, -17.081251, -24.13125, 4.5926377, -74.1816637
2024-07-20 03:49:43.031, -0.08703893, -0.15074782, 9.8886385, -0.0035123718, 0.002443389, 0.0025961008, 0.80899066, 1.9596325, 9.574746, -7.8187504, -16.06875, -24.075, 4.5926377, -74.1816637
2024-07-20 03:52:35.262, -0.08703893, -0.14356937, 9.867104, -0.0035123718, 0.002443389, 0.0025961008, 0.80899066, 1.9596325, 9.574746, -7.7250004, -16.575, -24.225, 4.5926377, -74.1816637
2024-07-20 03:53:03.900, -0.08703893, -0.14596218, 9.879067, -0.0035123718, 0.002443389, 0.0025961008, 0.80899066, 1.9596325, 9.574746, -7.5937505, -15.76875, -24.31875, 4.5926377, -74.1816637
2024-07-20 03:54:21.521, -0.070289165, -0.15553348, 9.874282, -0.0035123718, 0.002443389, 0.0025961008, 0.80899066, 1.9596325, 9.574746, -7.2562504, -16.78125, -23.94375, 4.5926377, -74.1816637
2024-07-20 03:55:58.133, -0.077467635, -0.14117654, 9.876675, -0.0035123718, 0.002443389, 0.0025961008, 0.80899066, 1.9596325, 9.574746, -7.8750005, -16.087502, -24.150002, 4.5926377, -74.1816637
2024-07-20 03:57:49.026, -0.08943175, -0.15792629, 9.871889, -0.0035123718, 0.002443389, 0.0025961008, 0.80899066, 1.9596325, 9.574746, -7.9875, -16.575, -23.60625, 4.5926377, -74.1816637
2024-07-20 03:58:33.046, -0.070289165, -0.15314065, 9.88146, -0.0035123718, 0.002443389, 0.0025961008, 0.80899066, 1.9596325, 9.574746, -7.7812505, -16.40625, -24.112501, 4.5926377, -74.1816637
