2024-07-19 18:00:00.208, 0.29252258, 9.959526, 1.5071791, -0.0092390645, -0.039246935, -0.0019088977, 0.14237246, 9.769239, 0.8438492, 15.7875, -204.65627, -11.85, 4.5752204, -74.1546637
2024-07-19 18:00:01.212, -1.0348958, 9.426824, 1.1051849, -5.344914E-4, -0.10888352, 0.0035887277, -0.1132111, 9.778315, 0.7362971, 15.056251, -204.26251, -12.731251, 4.5751035, -74.1545734
2024-07-19 18:00:02.216, -0.1061815, 10.024133, -0.027218357, -0.0061084726, 0.14797775, -0.024204822, 0.07940909, 9.784832, 0.6489501, 14.025001, -204.43126, -12.675, 4.5750392, -74.1545302
2024-07-19 18:00:03.220, 0.45044887, 9.672089, 1.2080764, 0.02069245, -0.027029991, -0.0022143214, 0.10453935, 9.788948, 0.5796139, 14.75625, -205.25626, -12.7875, 4.5749697, -74.1544852
2024-07-19 18:00:04.225, 0.36550367, 9.122637, -0.5814559, -0.038865156, -0.06826218, -0.016874656, 0.011187222, 9.797314, 0.4276922, 14.775001, -204.80626, -11.775001, 4.5749038, -74.1544387
2024-07-19 18:00:05.229, 0.0077766734, 9.607482, 0.43698925, 0.007864659, 0.06215371, 0.0075592347, -0.096340016, 9.801509, 0.30251965, 15.543751, -204.20625, -11.493751, 4.5748428, -74.1543936
2024-07-19 18:00:06.235, 0.16450655, 9.631411, -0.23688944, -0.0045813546, 0.0010689828, 0.013362284, -0.06546017, 9.805519, 0.13380663, 15.39375, -204.50626, -10.5375, 4.5747836, -74.1543497
2024-07-19 18:00:07.239, -0.3574279, 9.527323, -0.60777694, -0.0029778804, -0.04382829, -0.0028251687, -0.009357464, 9.805111, -0.17347632, 15.562501, -205.08751, -11.475, 4.5747279, -74.1543083
2024-07-19 18:00:08.244, 0.55363935, 9.236594, 1.0872388, 0.0051158457, -0.017867282, -0.011682454, 0.114977725, 9.80315, -0.2354017, 16.050001, -204.8625, -10.725, 4.5746752, -74.1542681
2024-07-19 18:00:09.248, 0.1058824, 9.832706, -0.28713873, -0.019852536, 0.04291202, 0.016111096, 0.22832307, 9.799303, -0.30318403, 15.39375, -204.35626, -10.1625, 4.5746291, -74.1542321
2024-07-19 18:00:10.254, -0.7369894, 9.570394, -1.7234305, 0.022830416, -0.04046863, 0.026800923, 0.101445764, 9.797302, -0.41587698, 15.150001, -204.09377, -10.78125, 4.574588, -74.1541985
2024-07-19 18:00:11.258, -0.4531408, 10.099506, -1.9869401, 0.008475506, -0.008399149, -0.022983128, 0.13858461, 9.734579, -1.1786247, 15.937501, -204.93752, -11.94375, 4.5745548, -74.154172
2024-07-19 18:00:12.261, 0.46121657, 9.536894, -0.75643104, 0.0060321167, 0.005955761, -0.013209572, 0.20707074, 9.743285, -1.0935678, 16.81875, -205.2375, -13.462501, 4.5745322, -74.1541546
2024-07-19 18:00:13.265, 0.0065802624, 9.713963, -0.7396813, 0.00167983, 0.0062611843, 0.012140589, 0.063648015, 9.769341, -0.8522381, 18.7875, -204.20625, -8.587501, 4.5745163, -74.1541417
2024-07-19 18:00:14.270, 0.0735793, 9.972687, -0.8641081, -2.2906772E-4, -0.0035123718, 0.024357535, -0.04183434, 9.764789, -0.90417457, 14.2875, -202.83751, -8.681251, 4.5745064, -74.1541332
2024-07-19 18:00:15.274, 0.07836494, 9.713963, -0.20817557, -0.005803049, 0.004123219, 0.004810422, 0.044140335, 9.799327, -0.37636787, 14.700001, -203.64375, -11.700001, 4.5745018, -74.1541286
2024-07-19 18:00:16.279, -0.034396827, 9.845867, 0.026620151, -5.344914E-4, -0.0035123718, 0.0041995747, 0.028236594, 9.806446, -0.05660387, 15.937501, -203.60626, -12.450001, 4.5744998, -74.1541264
2024-07-19 18:00:17.284, 0.01375873, 9.798011, 0.25393832, -0.0017561859, -1.5271181E-4, 0.0035887277, 0.04375409, 9.804934, 0.1782265, 15.825001, -204.16876, -12.31875, 4.5744977, -74.1541248
2024-07-19 18:00:18.287, 0.025722843, 9.845867, 0.04336991, -0.0017561859, 0.0013744063, 8.39915E-4, 0.05999547, 9.804017, 0.2191424, 15.750001, -204.3, -11.775001, 4.574495, -74.1541229
2024-07-19 18:00:19.290, 0.10707881, 9.774082, 0.5246264, -0.0014507623, 0.0013744063, 0.0026724567, 0.053580213, 9.800094, 0.35452518, 16.050001, -204.3, -11.625, 4.5744916, -74.1541201
2024-07-19 18:00:20.294, 0.12861422, 9.759726, 0.45732823, -0.0023670332, 0.015729317, 0.014278554, 0.03384039, 9.79679, 0.43834358, 17.081251, -204.54376, -11.7375, 4.5744867, -74.154116
2024-07-19 18:00:21.299, -0.08943175, 9.853045, 0.37357944, -8.39915E-4, 0.0056503373, 0.0051158457, -0.032632753, 9.801627, 0.31211704, 16.29375, -204.16876, -11.53125, 4.5744811, -74.1541111
2024-07-19 18:00:22.305, 0.008973085, 9.829117, 0.46929234, 7.635591E-5, 0.008704574, -0.01901262, 0.026451766, 9.801009, 0.33150876, 16.181252, -204.4125, -11.025001, 4.5744745, -74.1541054
2024-07-19 18:00:23.309, 0.5162515, 9.670892, 0.69212395, 0.014431266, 0.0056503373, -0.023593975, 0.13535626, 9.80083, 0.30949688, 16.800001, -204.13126, -11.175, 4.574467, -74.1540989
2024-07-19 18:00:24.313, 0.17647067, 9.87458, 1.015155, 0.014736691, 0.016951011, -0.012598725, 0.07271596, 9.775378, 0.7791569, 17.0625, -205.18126, -10.51875, 4.5744567, -74.1540892
2024-07-19 18:00:25.319, -0.043968115, 10.1904335, -0.3062813, 0.0060321167, 0.003206948, 0.014278554, -0.14333071, 9.795161, 0.4523733, 17.493752, -204.31876, -9.84375, 4.5744426, -74.1540757
2024-07-19 18:00:26.324, -0.115752794, 9.774082, -0.6511469, -0.006413896, 4.5813544E-4, 0.015194826, -0.06075056, 9.800016, -0.3555084, 16.7625, -204.63751, -10.425, 4.5744278, -74.1540618
2024-07-19 18:00:27.329, -0.73340017, 10.133006, -0.18424734, 7.635591E-5, -0.014813046, 0.010918895, -0.22828695, 9.798631, -0.3242103, 16.7625, -204.65627, -9.975, 4.5744167, -74.1540504
2024-07-19 18:00:28.334, -0.369392, 9.826724, 0.16301104, 7.635591E-5, -0.0025961008, -0.01809635, -0.016713899, 9.806623, 0.015792925, 17.1375, -205.21877, -10.275001, 4.5744073, -74.1540417
2024-07-19 18:00:29.340, -0.067896344, 9.69482, 0.37836507, -0.0023670332, -0.016034741, -0.014736691, -0.024225837, 9.806202, 0.09059138, 16.9125, -204.75002, -10.3125, 4.5743979, -74.1540328
2024-07-19 18:00:30.345, -0.3047858, 9.723833, 1.3576277, 0.00167983, -0.035581853, -0.041003123, 0.004371166, 9.778707, 0.7397815, 16.59375, -204.71251, -10.44375, 4.5743869, -74.1540226
2024-07-19 18:00:31.352, -0.2425724, 9.841082, 0.5174479, 0.009162709, -0.032527618, 2.2906772E-4, -0.14424899, 9.758545, 0.95936626, 17.118752, -204.975, -10.35, 4.5743698, -74.1540075
2024-07-19 18:00:32.361, 0.3487539, 9.654142, -0.73011, 0.0022906773, 0.04566083, 0.007864659, -0.11586254, 9.805096, 0.1306595, 16.63125, -204.84377, -10.387501, 4.574347, -74.1539875
2024-07-19 18:00:33.364, -0.15164514, 8.213064, -0.26799613, 0.009773556, 0.04688253, -0.0028251687, -0.12259641, 9.804633, -0.1565937, 16.5375, -204.80626, -10.70625, 4.574325, -74.1539684
2024-07-19 18:00:34.368, 0.43010986, 9.833903, 0.7639086, 0.00167983, 0.005955761, 5.344914E-4, -0.023436228, 9.806614, -0.01296326, 16.987501, -205.38751, -10.856251, 4.5743041, -74.1539493
2024-07-19 18:00:35.372, -0.35503507, 9.8937235, -0.1268196, 0.020005248, 0.025502874, 0.027106347, -0.010429478, 9.794892, 0.47996268, 16.181252, -205.25626, -11.231251, 4.5742799, -74.1539277
2024-07-19 18:00:36.376, 0.7199405, 9.465109, 0.03619144, -0.0086282175, 0.039857782, -0.002519745, 0.121868744, 9.805882, 0.014082698, 16.25625, -205.14375, -11.475, 4.5742546, -74.1539052
2024-07-19 18:00:37.381, 1.0621141, 9.39811, 1.1494522, -0.0061084726, 0.14614521, 0.011529742, 0.64632076, 9.783286, 0.19992422, 16.3125, -205.21877, -11.025001, 4.5742316, -74.1538817
2024-07-19 18:00:38.385, 0.23868406, 9.778868, 0.91465646, 0.005421269, 0.07009472, 0.024662958, 0.20879969, 9.773579, 0.77714026, 17.19375, -205.63126, -9.09375, 4.5742063, -74.1538515
2024-07-19 18:00:39.390, -1.0133604, 9.890134, 0.7543373, 0.0022906773, -0.0035123718, 0.013667707, -0.29950356, 9.769417, 0.7994862, 19.425001, -204.675, -8.306251, 4.5741758, -74.1538128
2024-07-19 18:00:40.395, -0.05712864, 9.809975, 0.1689931, -2.2906772E-4, -0.035887275, 0.005421269, -0.39257404, 9.785008, 0.519507, 18.900002, -204.4875, -5.5125003, 4.5741376, -74.1537678
2024-07-19 18:00:41.400, 0.78693956, 10.14497, 0.23001008, 0.01007898, 0.027335415, 0.013973131, -0.2718596, 9.796166, 0.36275628, 17.456251, -205.725, -10.40625, 4.574096, -74.1537248
2024-07-19 18:00:42.403, -0.23060828, 9.64457, 0.26470602, 0.015347538, -0.04902049, 0.011529742, -0.24654643, 9.794906, 0.4116111, 17.15625, -205.20001, -10.668751, 4.5740494, -74.1536784
2024-07-19 18:00:43.408, 0.12502499, 9.841082, 0.17377874, 7.635591E-5, 0.0071774554, -3.8177954E-4, -0.040992495, 9.800357, 0.34887636, 17.868752, -205.96877, -9.450001, 4.573999, -74.1536285
2024-07-19 18:00:44.412, 0.45164528, 9.910473, -0.28953153, -0.0036650836, 0.1085781, 0.0014507623, -0.064913586, 9.800825, 0.33166853, 17.23125, -205.46251, -9.95625, 4.5739476, -74.1535777
2024-07-19 18:00:45.417, -0.4758726, 9.669696, 0.82971126, -0.006413896, -0.18890451, -0.011682454, 0.0512359, 9.803764, 0.23230885, 17.79375, -206.08125, -9.525001, 4.573896, -74.1535262
2024-07-19 18:00:46.420, 0.37268212, 10.164112, 0.39511484, 3.8177954E-4, 0.12354386, 0.00633754, 0.021655055, 9.804377, 0.21005793, 17.94375, -205.03127, -9.09375, 4.5738422, -74.1534707
2024-07-19 18:00:47.425, 0.54406804, 10.567602, 0.69212395, -0.023899399, -0.006566608, -0.006795676, 0.032295138, 9.805961, 0.11167657, 17.831251, -205.425, -8.83125, 4.5737878, -74.1534142
2024-07-19 18:00:48.427, -0.12053844, 9.047262, 0.09122636, -0.0014507623, 0.009315421, 0.007864659, 0.0496754, 9.805185, 0.16199337, 18.28125, -205.81876, -8.8125, 4.5737315, -74.1533553
2024-07-19 18:00:49.428, -0.3574279, 8.965906, 0.075673014, 0.009468133, 0.023364907, -0.015958386, -0.045795206, 9.805733, 0.12607282, 18.150002, -205.35, -8.512501, 4.5737315, -74.1533553
2024-07-19 18:00:50.429, 0.4564309, 9.338289, -0.23688944, 0.0035123718, 0.029778805, 0.024052111, 0.021231076, 9.806409, 0.06537968, 18.337502, -205.18126, -8.7375, 4.5737315, -74.1533553
