2024-07-10 02:58:29.368, 2.0509481, 6.2569323, 7.1560354, -0.19508934, -0.42576054, -0.06620057, 1.4929314, 6.1704507, 7.4744287, -38.68125, 36.5625, -37.068752, 0.0, 0.0
2024-07-10 02:58:30.373, 1.5170496, 5.9530435, 7.730612, -0.016874656, 0.005497625, 0.032145835, 1.5475534, 5.864746, 7.705857, -41.662502, 37.612503, -34.48125, 0.0, 0.0
2024-07-10 02:58:31.377, 1.5194423, 5.665606, 7.6516485, -0.09597938, -0.043370154, 0.063299045, 1.6977804, 5.770928, 7.7449536, -42.28125, 37.875, -33.956253, 0.0, 0.0
2024-07-10 02:58:32.381, 2.1681964, 1.9310079, 10.139287, -0.47791162, 0.11178505, -0.18042901, 1.6558797, 2.5908144, 9.31215, -20.79375, 50.9625, -26.643751, 0.0, 0.0
2024-07-10 02:58:33.385, 1.0764711, 3.4630125, 8.94467, 0.11835165, -0.15087928, 0.23189288, 0.6183331, 3.7057395, 9.058452, -22.96875, 48.487503, -29.79375, 0.0, 0.0
2024-07-10 02:58:34.388, 1.1174482, 3.9777687, 9.016455, -0.054899897, 0.72996247, 0.84396183, 0.35532877, 4.650399, 8.626582, -8.962501, 40.143753, -33.393753, 0.0, 0.0
2024-07-10 02:58:35.391, -0.59700924, 9.017352, 3.73729, 0.5077668, 0.59130013, 0.25754848, -1.0628821, 8.43566, 4.886746, 20.38125, 8.19375, -14.306251, 0.0, 0.0
2024-07-10 02:58:36.393, 2.417349, 0.12801601, 9.08824, 0.15950748, 1.0537115, -0.1040731, 3.2200658, 0.061413098, 9.26271, 19.143751, 36.506252, -35.25, 0.0, 0.0
2024-07-10 02:58:37.397, 2.9440691, -1.9905293, 8.623733, -0.7414922, -0.18508671, -0.5255577, 2.0814679, -0.9913898, 9.531791, 9.637501, 38.193752, -27.675001, 0.0, 0.0
2024-07-10 02:58:38.409, -0.7692925, 1.1766706, 9.978668, 0.41117656, 0.020768806, -0.5047889, -1.2465374, 1.776244, 9.56355, 17.79375, 28.968752, -26.04375, 0.0, 0.0
2024-07-10 02:58:39.413, -2.3638096, 3.6164522, 7.2711897, 0.48967043, 0.92604446, -0.0020616094, -3.4135053, 3.551115, 8.479856, 11.34375, 23.362501, -30.562502, 0.0, 0.0
2024-07-10 02:58:40.417, 6.5925255, 5.000102, 6.37089, -0.66177666, -1.5974419, -0.26716933, 5.680545, 4.788778, 6.400734, -38.79375, 8.887501, -13.200001, 0.0, 0.0
2024-07-10 02:58:41.421, 5.3572307, 6.1971116, 4.79073, -0.20692451, 0.2522799, 0.5458684, 6.8889866, 5.2275624, 4.6243744, -37.518753, -8.606251, 18.73125, 0.0, 0.0
2024-07-10 02:58:42.424, 5.462515, 4.8445687, 5.183452, 0.015500249, 0.35245886, -0.75462544, 4.751473, 5.6045017, 6.494878, -41.325, 2.3625002, -0.88125, 0.0, 0.0
2024-07-10 02:58:43.432, 6.3101726, 4.9522457, 2.801397, -0.22868595, -0.30725616, 0.58313006, 5.198641, 6.149135, 5.597558, -40.65, -9.7875, 4.2937503, 0.0, 0.0
2024-07-10 02:58:44.439, 6.760322, 3.6714873, 6.2919273, 0.010537115, 0.20096874, 0.36811182, 6.897367, 3.4312887, 6.0681925, -40.8375, 7.0687504, 5.8125, 0.0, 0.0
2024-07-10 02:58:45.445, 7.155138, 0.5087739, 6.5575304, 0.4479801, -0.014660334, 0.45240876, 6.608833, 1.4104002, 7.1066504, -32.025, 23.38125, -11.94375, 0.0, 0.0
2024-07-10 02:58:46.450, 6.436992, 1.7536399, 7.405188, -0.1551552, -0.1887518, -0.28060797, 6.2506785, 1.6388774, 7.3765507, -35.737503, 19.3875, -9.0375, 0.0, 0.0
2024-07-10 02:58:47.456, 8.481659, 3.173481, 3.126821, -0.10720369, -0.8717554, 0.807311, 8.907049, 2.65662, 3.1268578, -33.3375, 6.4125004, 17.775002, 0.0, 0.0
2024-07-10 02:58:48.461, 8.299505, 3.2117662, 4.4195433, 0.09529217, 0.9736905, -0.43270892, 8.675635, 2.343265, 3.9259183, -35.756252, 4.40625, 24.487501, 0.0, 0.0
2024-07-10 02:58:49.466, 2.3694925, 5.0192447, 9.009276, 0.5002839, 2.0164068, 0.7572215, 2.6406329, 3.9760778, 8.566695, -40.631252, 6.7125, -10.931251, 0.0, 0.0
2024-07-10 02:58:50.473, 2.8196423, -0.75284183, 9.531211, -1.3857833, -1.0635614, 9.926268E-4, 2.6488574, -0.6326326, 9.420918, -22.21875, 36.206253, -22.612501, 0.0, 0.0
2024-07-10 02:58:51.480, 9.740882, 1.7823538, -2.1544378, 0.17065546, -0.85220826, 0.014431266, 9.703212, 1.403449, -0.22000708, -34.275, 18.806252, 27.150002, 0.0, 0.0
2024-07-10 02:58:52.490, 8.744869, 0.23838496, 3.588935, 1.6822734, 1.6737214, 0.5684697, 9.126292, 0.5166406, 3.5516562, -36.075, 26.250002, 18.0, 0.0, 0.0
2024-07-10 02:58:53.502, 1.2993027, 3.3720853, 9.255737, 0.29030517, -0.95910656, 0.24716407, 1.7471366, 2.6370552, 9.282449, -23.643751, 27.075, -27.243752, 0.0, 0.0
2024-07-10 02:58:54.509, 4.514658, 2.6563323, 8.451449, 0.3264215, 0.6126798, 0.53914905, 3.8110976, 2.330922, 8.72999, -26.025002, 28.125002, -23.400002, 0.0, 0.0
2024-07-10 02:58:55.517, -3.3140593, 8.225029, -0.20578274, 4.0300646, 1.0280559, -1.2017657, -2.8157923, 9.325142, 1.1328906, -16.66875, -17.325, -37.74375, 0.0, 0.0
2024-07-10 02:58:56.522, -1.8538394, 9.22822, -0.9550353, -0.69231904, 0.13133216, 0.22639526, -1.9383572, 9.593509, -0.61462504, -16.40625, -32.925003, -28.556252, 0.0, 0.0
2024-07-10 02:58:57.529, -1.5041882, 9.520144, -0.44985065, 0.30152947, -0.15210097, 0.028480753, -1.2139242, 9.730594, 0.11100925, -18.88125, -27.300001, -31.63125, 0.0, 0.0
2024-07-10 02:58:58.535, -0.4962116, 9.634999, 1.285843, 0.06474981, -0.042759307, 0.11338852, -0.59668815, 9.654201, 1.6157908, -20.212502, -22.931252, -33.506252, 0.0, 0.0
2024-07-10 02:58:59.541, -0.16600206, 9.460323, 2.411068, 0.2566322, 0.3268033, -0.058870405, -0.23350556, 9.445108, 2.6278858, -20.175001, -17.1, -37.068752, 0.0, 0.0
2024-07-10 02:59:00.548, -6.6825557, 9.503394, 3.3879378, 0.6620057, 0.033291176, -0.22593713, -3.6551664, 9.022218, 1.1873195, 9.6, -17.212502, -39.300003, 0.0, 0.0
2024-07-10 02:59:01.568, -2.4571297, 8.96471, 3.153142, 0.06536066, -0.23212196, -0.11629005, -2.377866, 8.967858, 3.1770515, 3.35625, -13.2375, -46.3125, 0.0, 0.0
2024-07-10 02:59:02.581, 0.18364914, 8.248957, 4.1587257, 0.489365, -0.3426853, 0.04741702, -0.051227413, 9.346292, 2.968938, -14.906251, -13.89375, -48.0, 0.0, 0.0
2024-07-10 02:59:03.591, -7.307381, 12.055638, 0.9696914, -0.8842014, -1.4224342, -0.32336727, -4.1999226, 8.845084, -0.54362804, -6.7500005, -32.34375, -38.98125, 0.0, 0.0
2024-07-10 02:59:04.597, -0.87936234, 10.28166, 1.6402799, -0.32405448, 0.040010497, 0.22883865, -0.8994861, 9.706487, 1.0702429, -18.393751, -18.900002, -17.550001, 0.0, 0.0
2024-07-10 02:59:05.602, -0.8243274, 9.630214, 0.4621139, 0.029549737, 0.65879875, -0.018249061, -0.836135, 9.746423, 0.69174474, -0.22500001, -16.5, -23.79375, 0.0, 0.0
2024-07-10 02:59:06.609, -1.1763715, 9.654142, 2.3249264, 0.4710396, 0.064138964, 0.16500512, -1.1925905, 9.584312, 1.6997228, 20.325, -6.5625005, -24.0375, 0.0, 0.0
2024-07-10 02:59:07.615, -1.0636097, 9.438788, -0.21296121, 0.013362284, 1.3405043, 0.012598725, -0.2760256, 9.802193, -0.105831765, 39.225002, -16.0125, -2.25, 0.0, 0.0
2024-07-10 02:59:08.621, -0.83389866, 9.757333, 1.2236297, -0.27106348, -0.5938199, -0.09765921, -0.48494488, 9.763813, 0.7766446, 42.05625, -13.9875, 1.3875, 0.0, 0.0
2024-07-10 02:59:09.630, -0.24496523, 9.390931, 1.5466608, 0.2308239, 1.1575556, 0.3626142, -0.5798436, 9.608317, 1.8746747, 41.8875, -9.09375, -2.34375, 0.0, 0.0
2024-07-10 02:59:10.640, -0.8745767, 9.709177, -0.6029913, -0.13835691, 0.016798299, 0.54281414, -0.5097889, 9.788773, -0.30075008, 41.9625, -14.6625, 49.968754, 0.0, 0.0
2024-07-10 02:59:11.653, 0.028115666, 9.599107, -0.4235296, 0.20371756, 0.4046863, 0.05780142, -0.10439629, 9.773111, -0.8036028, 33.131252, -16.7625, 62.362503, 0.0, 0.0
2024-07-10 02:59:12.662, -0.067896344, 9.862617, -0.6197411, -0.020310672, 0.045813546, 0.002519745, -0.068582244, 9.78344, -0.67081606, 29.23125, -18.65625, 66.450005, 0.0, 0.0
2024-07-10 02:59:13.673, 0.066400826, 9.8219385, -0.552742, -0.024052111, 0.02107423, 0.026037365, 0.104510225, 9.787763, -0.59931177, 24.16875, -18.75, 70.21875, 0.0, 0.0
2024-07-10 02:59:14.680, -0.17796618, 9.920045, -0.79471624, 0.018630842, 3.0542363E-4, 0.0019088977, -0.031384226, 9.778187, -0.74596006, 29.00625, -17.53125, 65.381256, 0.0, 0.0
2024-07-10 02:59:15.685, -0.0846461, 9.853045, -0.83060855, -0.012216945, 0.017103724, 0.0086282175, -0.019801198, 9.776632, -0.7664512, 27.281252, -17.75625, 68.006256, 0.0, 0.0
2024-07-10 02:59:16.691, -0.13010973, 9.623035, -0.13878371, -0.13927318, -0.62436223, 0.041003123, -0.08172945, 9.780751, -0.70753205, 31.218752, -16.743752, 63.693752, 0.0, 0.0
2024-07-10 02:59:17.697, -0.2832504, 9.850653, -0.55034924, 0.031764057, 9.162709E-4, 0.0022143214, -0.20278884, 9.786184, -0.59988296, 35.8125, -16.35, 53.756252, 0.0, 0.0
2024-07-10 02:59:18.706, -0.81236327, 9.8219385, -1.338186, -0.02275406, 0.3115321, -0.034436513, -0.20891824, 9.761085, -0.9208531, 35.15625, -15.58125, 58.068752, 0.0, 0.0
2024-07-10 02:59:19.715, -0.37417763, 9.898509, -1.3166506, -0.03245126, -0.02260135, 0.012904149, -0.17248462, 9.755854, -0.98180574, 32.737503, -15.8625, 61.912502, 0.0, 0.0
2024-07-10 02:59:20.729, 0.08315059, 9.752547, -2.2405794, -0.069178455, 0.34329617, 0.026037365, -0.19525848, 9.74584, -1.0727907, 34.0875, -15.50625, 59.850002, 0.0, 0.0
2024-07-10 02:59:21.742, -0.063110694, 9.7908325, -0.27517462, -0.18882816, -0.18814096, 0.0012980504, -0.095397264, 9.773452, -0.8005779, 30.50625, -17.212502, 65.3625, 0.0, 0.0
2024-07-10 02:59:22.755, -0.3909274, 9.771689, -0.37567315, -0.0264955, -0.003970507, -0.014278554, -0.059008773, 9.76752, -0.87319, 31.29375, -16.5375, 64.03125, 0.0, 0.0
2024-07-10 02:59:23.767, -0.26171497, 9.903295, -1.6660028, 0.17600037, -0.5418979, -0.003283304, -0.031041082, 9.73866, -1.152351, 28.612501, -16.1625, 67.03125, 0.0, 0.0
2024-07-10 02:59:24.776, -0.11335997, 9.802796, -1.2855439, 0.004352287, 9.162709E-4, 0.008322794, -0.03499625, 9.727293, -1.2445586, 31.031252, -14.512501, 65.625, 0.0, 0.0
2024-07-10 02:59:25.785, -0.014955142, 9.776475, -1.3621143, 3.0542363E-4, 6.1084726E-4, 0.0086282175, 0.038218237, 9.720221, -1.2985512, 29.906252, -15.31875, 68.11875, 0.0, 0.0
2024-07-10 02:59:26.798, -0.063110694, 9.826724, -1.0459626, 0.013973131, 0.0012216945, 0.007406523, -0.023285458, 9.762018, -0.93425155, 30.656252, -16.2, 62.718754, 0.0, 0.0
2024-07-10 02:59:27.812, -0.180359, 9.838689, -0.83778703, -0.004428643, 0.0012216945, 0.0080173705, -0.1383935, 9.770607, -0.8285318, 35.475002, -16.331251, 57.05625, 0.0, 0.0
2024-07-10 02:59:28.821, 0.4325027, 10.039685, -0.33499518, -0.023059484, -0.08765658, 0.025121093, -0.31183586, 9.789647, -0.48576084, 39.43125, -17.38125, 51.506252, 0.0, 0.0
2024-07-10 02:59:29.832, -0.51056856, 9.953544, -0.41156548, -0.050853033, -0.26083177, -0.037185326, -0.4461782, 9.786757, -0.43667975, 40.78125, -16.95, 49.66875, 0.0, 0.0
2024-07-10 02:59:30.839, 1.023829, 10.097114, -1.9366908, -0.09353599, -0.12155861, -0.44828552, 2.3890226, 9.510041, -0.14856471, 17.19375, -27.50625, 61.537502, 0.0, 0.0
2024-07-10 02:59:31.850, 0.43728834, 10.532907, -0.5886344, 0.0659715, 0.6227588, 0.19096613, 0.31333867, 9.765792, -0.83756137, 24.675001, -17.5125, 69.84375, 0.0, 0.0
2024-07-10 02:59:32.861, -0.30000013, 10.0779705, -1.6827525, -0.017485503, -0.09926268, 0.004046863, 0.2072024, 9.776937, -0.73414755, 25.10625, -17.75625, 69.1125, 0.0, 0.0
2024-07-10 02:59:33.874, -0.12053844, 9.788439, -0.25603202, 0.0077119465, 0.38727716, -0.09521582, 0.051462136, 9.782479, -0.6861774, 26.118752, -17.831251, 68.15625, 4.5926638, -74.1821135
2024-07-10 02:59:34.886, -0.10139586, 10.223933, -1.2951152, -0.09941539, 0.03787253, 0.045584477, -0.014776618, 9.766405, -0.88742125, 28.29375, -17.60625, 67.275, 4.5926631, -74.1821178
2024-07-10 02:59:35.896, -0.12771691, 10.049257, -1.0459626, -0.012827792, 3.0542363E-4, 0.008933641, 0.21979406, 9.77793, -0.71703756, 25.968752, -18.69375, 69.731255, 4.5926611, -74.1821225
2024-07-10 02:59:36.904, -0.2545365, 10.073185, -0.78035927, 0.18653747, -0.098651834, -0.121176824, -0.016662149, 9.80655, 0.04112083, 25.893751, -21.825, 66.39375, 4.5926575, -74.1821434
2024-07-10 02:59:37.909, -0.12771691, 9.833903, -0.919143, -0.058259558, -0.0036650836, 0.0092390645, 0.08836431, 9.745632, -1.0886892, 27.075, -15.056251, 63.562504, 4.5926565, -74.1821514
2024-07-10 02:59:38.915, 0.0065802624, 9.833903, -1.0507482, 0.17378604, 0.20371756, 0.03397838, 0.06282299, 9.773437, -0.8039666, 25.85625, -16.06875, 62.756252, 4.5926555, -74.1821567
2024-07-10 02:59:39.923, -0.019740786, 9.88176, -0.61016977, -0.01565296, -6.1084726E-4, 0.014736691, -0.018109467, 9.789739, -0.5753813, 25.10625, -16.181252, 61.237503, 4.5926532, -74.1821618
2024-07-10 02:59:40.934, -0.043968115, 9.872188, -0.53599226, 0.006795676, 0.0219905, 0.010155336, -0.016623143, 9.790552, -0.56142783, 24.843752, -15.8625, 61.275, 4.5926457, -74.1821552
2024-07-10 02:59:41.946, 0.008973085, 9.800404, -0.5455636, 0.002443389, 3.0542363E-4, -8.39915E-4, -0.01420749, 9.791624, -0.54248744, 24.900002, -15.562501, 60.937504, 4.5926427, -74.1821561
2024-07-10 02:59:42.960, -0.08225328, 9.898509, -0.40677986, -0.017485503, -0.0387888, 0.0031305922, -0.048671447, 9.793186, -0.5113995, 26.7, -15.918751, 59.49375, 4.5926405, -74.1821561
2024-07-10 02:59:43.972, -0.15643078, 9.912866, -1.5320047, 0.02519745, -0.0012216945, 0.032756682, -0.027380576, 9.787526, -0.6115276, 26.56875, -15.243751, 60.54375, 4.5926395, -74.1821553
2024-07-10 02:59:44.983, 0.08075777, 9.833903, 0.27068806, 0.13392825, 0.002443389, 0.015958386, 0.05366313, 9.798533, 0.39527914, 20.19375, -18.206251, 59.775, 4.5926394, -74.1821543
2024-07-10 02:59:45.996, 0.0065802624, 9.900902, 0.13908282, -0.020005248, 0.020463383, -2.2906772E-4, 0.051002357, 9.802917, 0.26569405, 20.212502, -18.581251, 59.7, 4.5926398, -74.1821532
2024-07-10 02:59:47.009, -0.067896344, 9.872188, 0.1271187, 0.077501245, 0.11606098, 0.004963134, 0.046554685, 9.805181, 0.16322923, 19.650002, -18.337502, 60.468754, 4.5926404, -74.1821523
2024-07-10 02:59:48.018, 0.16689938, 9.81476, -0.27038896, 0.02741177, 0.006413896, 0.03825431, 0.024274217, 9.8054, -0.15470712, 20.56875, -17.2875, 62.23125, 4.5926425, -74.1821512
2024-07-10 02:59:49.031, -0.029312078, 9.999007, -0.70618176, 0.21616358, -0.042759307, -0.031076854, 0.04957098, 9.805674, -0.12916128, 19.81875, -17.79375, 61.968754, 4.5926425, -74.1821506
2024-07-10 02:59:50.044, 0.14536397, 9.87458, -0.57188463, 0.009009997, -0.13621894, 0.023288552, 6.816403E-4, 9.791431, -0.546123, 24.4125, -15.918751, 61.256252, 4.5926426, -74.1821503
2024-07-10 02:59:51.056, 0.07597212, 9.786046, -0.4211368, -0.18447587, 0.14171657, 0.014125843, 0.018689178, 9.774428, -0.7940904, 25.575, -15.20625, 61.55625, 4.5926427, -74.1821501
2024-07-10 02:59:52.069, -0.25932217, 9.819546, -0.33499518, -0.0031305922, -0.19486028, 0.23922306, -0.3259535, 9.781575, -0.6204144, 27.6, -14.83125, 59.86875, 4.5926428, -74.18215
2024-07-10 02:59:53.080, -0.23539393, 10.082756, -1.2424731, -0.24334627, -0.4043809, -0.10193513, 0.2609216, 9.748744, -1.031647, 16.78125, -14.325001, 69.43125, 4.5926429, -74.18215
2024-07-10 02:59:54.090, -0.17318054, 9.92483, -0.2321038, -0.01809635, 6.1084726E-4, 0.0055739814, 0.18144749, 9.781243, -0.6817267, 20.1375, -15.825001, 65.15625, 4.5926429, -74.18215
2024-07-10 02:59:55.100, -0.11335997, 9.572786, 0.06011967, 0.1731752, 0.23761958, -0.064978875, -0.21678494, 9.792043, -0.48917404, 29.60625, -15.543751, 56.925003, 4.592643, -74.1821501
2024-07-10 02:59:56.110, 0.11425728, 9.867402, -0.9837492, 0.04573719, 0.10048437, 0.02481567, -0.010911882, 9.788824, -0.5909093, 28.10625, -15.69375, 57.45, 4.592643, -74.1821499
2024-07-10 02:59:57.122, 0.008973085, 10.288838, -0.7923234, -0.11934429, -0.09743014, 0.016569233, -0.021135671, 9.796977, -0.43494242, 27.6375, -15.543751, 57.506252, 4.5926431, -74.1821498
2024-07-10 02:59:58.134, 0.0017946169, 9.872188, -0.22731815, 0.18592663, -0.0021379655, 0.014736691, 0.02755673, 9.796996, -0.43417397, 26.8875, -16.556252, 56.531254, 4.5926431, -74.1821496
2024-07-10 02:59:59.143, 0.13339986, 9.826724, -0.72771716, 0.0659715, 0.34909922, 0.01901262, 0.025763508, 9.784743, -0.65460724, 27.187502, -14.85, 57.881252, 4.5926432, -74.1821494
