2024-07-25 21:00:14.163, 1.064507, 9.476176, -0.5210371, 7.635591E-5, 9.926268E-4, -2.2906772E-4, 0.80699277, 9.759532, -0.5202731, -52.7625, -88.36875, -5.7562504, 4.5928114, -74.1818785
2024-07-25 21:08:15.631, 1.064507, 9.476176, -0.5210371, 7.635591E-5, 9.926268E-4, -2.2906772E-4, 0.80699277, 9.759532, -0.5202731, -52.7625, -88.36875, -5.7562504, 4.5928114, -74.1818785
2024-07-25 21:09:49.147, 1.064507, 9.476176, -0.5210371, 7.635591E-5, 9.926268E-4, -2.2906772E-4, 0.80699277, 9.759532, -0.5202731, -52.7625, -88.36875, -5.7562504, 4.5928114, -74.1818785
2024-07-25 21:09:50.150, 1.064507, 9.476176, -0.5210371, 7.635591E-5, 9.926268E-4, -2.2906772E-4, 0.80699277, 9.759532, -0.5202731, -52.7625, -88.36875, -5.7562504, 4.5928114, -74.1818785
2024-07-25 21:23:48.815, 1.064507, 9.476176, -0.5210371, 7.635591E-5, 9.926268E-4, -2.2906772E-4, 0.80699277, 9.759532, -0.5202731, -52.7625, -88.36875, -5.7562504, 4.5928114, -74.1818785
2024-07-25 21:23:49.819, 1.064507, 9.476176, -0.5210371, 7.635591E-5, 9.926268E-4, -2.2906772E-4, 0.80699277, 9.759532, -0.5202731, -52.7625, -88.36875, -5.7562504, 4.5928114, -74.1818785
2024-07-25 21:25:11.280, 1.0453644, 9.465408, -0.5270192, 7.635591E-5, 9.926268E-4, -2.2906772E-4, 0.80699277, 9.759532, -0.5202731, -52.7625, -88.36875, -5.7562504, 4.5928114, -74.1818785
2024-07-25 21:25:12.284, 1.0453644, 9.468997, -0.5270192, 7.635591E-5, 9.926268E-4, -2.2906772E-4, 0.80699277, 9.759532, -0.5202731, -52.7625, -88.36875, -5.7562504, 4.5928114, -74.1818785
2024-07-25 21:25:13.288, 1.0453644, 9.470194, -0.51864433, 7.635591E-5, 9.926268E-4, -2.2906772E-4, 0.80699277, 9.759532, -0.5202731, -52.7625, -88.36875, -5.7562504, 4.5928114, -74.1818785
2024-07-25 21:25:14.291, 1.0453644, 9.472587, -0.5198407, 7.635591E-5, 9.926268E-4, -2.2906772E-4, 0.80699277, 9.759532, -0.5202731, -52.7625, -88.36875, -5.7562504, 4.5928114, -74.1818785
2024-07-25 21:25:15.299, 1.0429716, 9.474979, -0.52342993, 7.635591E-5, 9.926268E-4, -2.2906772E-4, 0.80699277, 9.759532, -0.5202731, -52.7625, -88.36875, -5.7562504, 4.5928114, -74.1818785
2024-07-25 21:25:16.304, 1.0345967, 9.466604, -0.5270192, 7.635591E-5, 9.926268E-4, -2.2906772E-4, 0.80699277, 9.759532, -0.5202731, -52.7625, -88.36875, -5.7562504, 4.5928114, -74.1818785
2024-07-25 21:25:17.308, 1.0393823, 9.472587, -0.52582276, 7.635591E-5, 9.926268E-4, -2.2906772E-4, 0.80699277, 9.759532, -0.5202731, -52.7625, -88.36875, -5.7562504, 4.5928114, -74.1818785
2024-07-25 21:25:18.314, 1.0453644, 9.47139, -0.5282156, 7.635591E-5, 9.926268E-4, -2.2906772E-4, 0.80699277, 9.759532, -0.5202731, -52.7625, -88.36875, -5.7562504, 4.5928114, -74.1818785
2024-07-25 21:25:19.319, 1.0477573, 9.472587, -0.5162515, 7.635591E-5, 9.926268E-4, -2.2906772E-4, 0.80699277, 9.759532, -0.5202731, -52.7625, -88.36875, -5.7562504, 4.5928114, -74.1818785
2024-07-25 21:25:20.324, 1.0369896, 9.477372, -0.51266223, 7.635591E-5, 9.926268E-4, -2.2906772E-4, 0.80699277, 9.759532, -0.5202731, -52.7625, -88.36875, -5.7562504, 4.5928114, -74.1818785
2024-07-25 21:25:21.330, 1.0369896, 9.477372, -0.51266223, 7.635591E-5, 9.926268E-4, -2.2906772E-4, 0.80699277, 9.759532, -0.5202731, -52.7625, -88.36875, -5.7562504, 4.5928114, -74.1818785
2024-07-25 21:25:22.338, 1.0369896, 9.477372, -0.51266223, 7.635591E-5, 9.926268E-4, -2.2906772E-4, 0.80699277, 9.759532, -0.5202731, -52.7625, -88.36875, -5.7562504, 4.5928114, -74.1818785
2024-07-25 21:25:23.343, 1.0369896, 9.477372, -0.51266223, 7.635591E-5, 9.926268E-4, -2.2906772E-4, 0.80699277, 9.759532, -0.5202731, -52.7625, -88.36875, -5.7562504, 4.5928253, -74.1818963
2024-07-25 21:25:24.357, 1.0369896, 9.477372, -0.51266223, 7.635591E-5, 9.926268E-4, -2.2906772E-4, 0.80699277, 9.759532, -0.5202731, -52.7625, -88.36875, -5.7562504, 4.5928199, -74.1819163
2024-07-25 21:25:25.365, 1.0369896, 9.477372, -0.51266223, 7.635591E-5, 9.926268E-4, -2.2906772E-4, 0.80699277, 9.759532, -0.5202731, -52.7625, -88.36875, -5.7562504, 4.592808, -74.1819343
2024-07-25 21:25:26.372, 1.0369896, 9.477372, -0.51266223, 7.635591E-5, 9.926268E-4, -2.2906772E-4, 0.80699277, 9.759532, -0.5202731, -52.7625, -88.36875, -5.7562504, 4.5928033, -74.1819348
2024-07-25 21:25:27.378, 1.0369896, 9.477372, -0.51266223, 7.635591E-5, 9.926268E-4, -2.2906772E-4, 0.80699277, 9.759532, -0.5202731, -52.7625, -88.36875, -5.7562504, 4.5928037, -74.1819329
2024-07-25 21:25:28.386, 1.0369896, 9.477372, -0.51266223, 7.635591E-5, 9.926268E-4, -2.2906772E-4, 0.80699277, 9.759532, -0.5202731, -52.7625, -88.36875, -5.7562504, 4.5928012, -74.1819385
2024-07-25 21:25:29.391, 1.0369896, 9.477372, -0.51266223, 7.635591E-5, 9.926268E-4, -2.2906772E-4, 0.80699277, 9.759532, -0.5202731, -52.7625, -88.36875, -5.7562504, 4.5927986, -74.1819424
2024-07-25 21:25:30.400, 1.0369896, 9.477372, -0.51266223, 7.635591E-5, 9.926268E-4, -2.2906772E-4, 0.80699277, 9.759532, -0.5202731, -52.7625, -88.36875, -5.7562504, 4.5927963, -74.1819465
2024-07-25 21:25:31.413, 1.0369896, 9.477372, -0.51266223, 7.635591E-5, 9.926268E-4, -2.2906772E-4, 0.80699277, 9.759532, -0.5202731, -52.7625, -88.36875, -5.7562504, 4.5927957, -74.1819477
2024-07-25 21:25:32.421, 1.0369896, 9.477372, -0.51266223, 7.635591E-5, 9.926268E-4, -2.2906772E-4, 0.80699277, 9.759532, -0.5202731, -52.7625, -88.36875, -5.7562504, 4.5927954, -74.1819484
2024-07-25 21:25:33.429, 1.0369896, 9.477372, -0.51266223, 7.635591E-5, 9.926268E-4, -2.2906772E-4, 0.80699277, 9.759532, -0.5202731, -52.7625, -88.36875, -5.7562504, 4.5927956, -74.1819475
2024-07-25 21:25:34.433, 1.0453644, 9.461819, -0.5066802, 7.635591E-5, 9.926268E-4, -2.2906772E-4, 0.80699277, 9.759532, -0.5202731, -45.862503, -90.65625, -4.8187504, 4.5927958, -74.1819464
2024-07-25 21:25:35.438, 1.0477573, 9.483355, -0.53300124, 7.635591E-5, 9.926268E-4, -2.2906772E-4, 0.80699277, 9.759532, -0.5202731, -44.943752, -90.3, -4.1625004, 4.5927961, -74.1819458
2024-07-25 21:25:36.442, 1.064507, 9.476176, -0.5162515, 7.635591E-5, 9.926268E-4, -2.2906772E-4, 0.80699277, 9.759532, -0.5202731, -45.5625, -90.675, -4.0125003, 4.5927964, -74.1819449
2024-07-25 21:25:37.445, 1.0357931, 9.476176, -0.52342993, 7.635591E-5, 9.926268E-4, -2.2906772E-4, 0.80699277, 9.759532, -0.5202731, -45.75, -90.58125, -4.40625, 4.5927968, -74.1819442
2024-07-25 21:25:38.450, 1.0453644, 9.476176, -0.52342993, 7.635591E-5, 9.926268E-4, -2.2906772E-4, 0.80699277, 9.759532, -0.5202731, -45.43125, -90.543755, -4.425, 4.592797, -74.1819437
2024-07-25 21:25:39.453, 1.0525428, 9.461819, -0.5162515, 7.635591E-5, 9.926268E-4, -2.2906772E-4, 0.80699277, 9.759532, -0.5202731, -46.21875, -90.675, -5.08125, 4.5927971, -74.1819434
2024-07-25 21:25:40.457, 1.0525428, 9.461819, -0.509073, 7.635591E-5, 9.926268E-4, -2.2906772E-4, 0.80699277, 9.759532, -0.5202731, -45.112503, -89.9625, -4.05, 4.5927971, -74.1819432
2024-07-25 21:25:42.300, 1.0334003, 9.464211, -0.51146585, 7.635591E-5, 9.926268E-4, -2.2906772E-4, 0.80699277, 9.759532, -0.5202731, -45.61875, -90.24375, -3.825, 4.5927971, -74.1819431
2024-07-25 21:25:43.303, 1.0262218, 9.468997, -0.5138587, 7.635591E-5, 9.926268E-4, -2.2906772E-4, 0.80699277, 9.759532, -0.5202731, -44.081253, -89.981255, -4.0125003, 4.5927971, -74.181943
2024-07-25 21:25:44.308, 1.0405787, 9.4737835, -0.5210371, 7.635591E-5, 9.926268E-4, -2.2906772E-4, 0.80699277, 9.759532, -0.5202731, -45.43125, -90.15, -4.4812503, 4.5927972, -74.1819428
2024-07-25 21:25:46.127, 1.0286146, 9.4737835, -0.5138587, 7.635591E-5, 9.926268E-4, -2.2906772E-4, 0.80699277, 9.759532, -0.5202731, -45.43125, -90.693756, -4.6312504, 4.5927971, -74.1819427
2024-07-25 21:25:47.725, 1.0190433, 9.483355, -0.5306084, 7.635591E-5, 9.926268E-4, -2.2906772E-4, 0.80699277, 9.759532, -0.5202731, -45.881252, -90.7125, -4.3875003, 4.5927973, -74.1819423
2024-07-25 21:25:48.730, 1.0453644, 9.483355, -0.51864433, 7.635591E-5, 9.926268E-4, -2.2906772E-4, 0.80699277, 9.759532, -0.5202731, -45.693752, -89.943756, -3.9375002, 4.5927975, -74.1819421
2024-07-25 21:25:49.734, 1.0405787, 9.4737835, -0.5210371, 7.635591E-5, 9.926268E-4, -2.2906772E-4, 0.80699277, 9.759532, -0.5202731, -45.16875, -90.675, -4.5375004, 4.5927976, -74.1819418
2024-07-25 21:25:51.141, 1.0405787, 9.468997, -0.5210371, 7.635591E-5, 9.926268E-4, -2.2906772E-4, 0.80699277, 9.759532, -0.5202731, -45.45, -90.01875, -4.05, 4.5927977, -74.1819416
2024-07-25 21:25:52.752, 1.0142577, 9.461819, -0.5138587, 7.635591E-5, 9.926268E-4, -2.2906772E-4, 0.80699277, 9.759532, -0.5202731, -45.45, -90.09375, -3.9562502, 4.592798, -74.1819412
2024-07-25 21:25:53.757, 1.0525428, 9.476176, -0.5138587, 7.635591E-5, 9.926268E-4, -2.2906772E-4, 0.80699277, 9.759532, -0.5202731, -45.393753, -89.8125, -3.9750001, 4.5927981, -74.181941
2024-07-25 21:25:54.762, 1.0334003, 9.466604, -0.52342993, 7.635591E-5, 9.926268E-4, -2.2906772E-4, 0.80699277, 9.759532, -0.5202731, -45.581253, -90.61875, -5.26875, 4.5927982, -74.1819409
2024-07-25 21:25:57.161, 1.0453644, 9.47139, -0.51146585, 7.635591E-5, 9.926268E-4, -2.2906772E-4, 0.80699277, 9.759532, -0.5202731, -45.45, -90.131256, -4.55625, 4.5927982, -74.1819409
2024-07-25 21:25:58.168, 1.0310074, 9.464211, -0.51864433, 7.635591E-5, 9.926268E-4, -2.2906772E-4, 0.80699277, 9.759532, -0.5202731, -45.9, -90.39375, -4.0125003, 4.5927982, -74.1819408
2024-07-25 21:25:59.172, 1.023829, 9.47139, -0.5138587, 7.635591E-5, 9.926268E-4, -2.2906772E-4, 0.80699277, 9.759532, -0.5202731, -45.54375, -90.7125, -4.36875, 4.5927983, -74.1819407
2024-07-25 21:26:00.499, 1.0477573, 9.480962, -0.5210371, 7.635591E-5, 9.926268E-4, -2.2906772E-4, 0.80699277, 9.759532, -0.5202731, -45.54375, -90.3, -4.65, 4.592798, -74.1819404
2024-07-25 21:26:02.240, 1.05015, 9.48814, -0.5162515, 7.635591E-5, 9.926268E-4, -2.2906772E-4, 0.80699277, 9.759532, -0.5202731, -45.1875, -89.925, -4.425, 4.5927976, -74.1819397
2024-07-25 21:26:03.244, 1.0621141, 9.4737835, -0.5138587, 7.635591E-5, 9.926268E-4, -2.2906772E-4, 0.80699277, 9.759532, -0.5202731, -45.206253, -89.64375, -4.2937503, 4.5927975, -74.1819393
2024-07-25 21:26:04.248, 1.05015, 9.464211, -0.5210371, 7.635591E-5, 9.926268E-4, -2.2906772E-4, 0.80699277, 9.759532, -0.5202731, -45.16875, -90.65625, -3.9562502, 4.5927975, -74.181939
2024-07-25 21:26:06.126, 1.0286146, 9.468997, -0.52582276, 7.635591E-5, 9.926268E-4, -2.2906772E-4, 0.80699277, 9.759532, -0.5202731, -45.600002, -90.4875, -3.54375, 4.5927975, -74.1819387
2024-07-25 21:26:07.698, 1.05015, 9.4737835, -0.51864433, 7.635591E-5, 9.926268E-4, -2.2906772E-4, 0.80699277, 9.759532, -0.5202731, -44.8125, -90.09375, -4.0687504, 4.5927982, -74.181937
2024-07-25 21:26:08.703, 1.0429716, 9.47139, -0.5162515, 7.635591E-5, 9.926268E-4, -2.2906772E-4, 0.80699277, 9.759532, -0.5202731, -45.2625, -90.5625, -4.51875, 4.5927989, -74.1819356
2024-07-25 21:26:09.707, 1.0429716, 9.47139, -0.51146585, 7.635591E-5, 9.926268E-4, -2.2906772E-4, 0.80699277, 9.759532, -0.5202731, -45.28125, -90.637505, -4.8562503, 4.5927997, -74.1819338
2024-07-25 21:26:11.153, 1.0357931, 9.461819, -0.51864433, 7.635591E-5, 9.926268E-4, -2.2906772E-4, 0.80699277, 9.759532, -0.5202731, -44.643753, -90.39375, -4.9125004, 4.5928003, -74.1819325
2024-07-25 21:26:12.708, 1.0357931, 9.459426, -0.51864433, 7.635591E-5, 9.926268E-4, -2.2906772E-4, 0.80699277, 9.759532, -0.5202731, -44.90625, -90.75, -3.9375002, 4.5928018, -74.1819294
2024-07-25 21:26:13.712, 1.0405787, 9.478569, -0.5162515, 7.635591E-5, 9.926268E-4, -2.2906772E-4, 0.80699277, 9.759532, -0.5202731, -44.737503, -90.131256, -3.6562502, 4.5928025, -74.1819279
2024-07-25 21:26:14.716, 1.0405787, 9.468997, -0.51146585, 7.635591E-5, 9.926268E-4, -2.2906772E-4, 0.80699277, 9.759532, -0.5202731, -45.6375, -90.75, -4.51875, 4.5928029, -74.1819273
2024-07-25 21:26:17.162, 1.038186, 9.4737835, -0.52582276, 7.635591E-5, 9.926268E-4, -2.2906772E-4, 0.80699277, 9.759532, -0.5202731, -45.487503, -90.15, -4.2937503, 4.5928039, -74.1819256
2024-07-25 21:26:18.165, 1.0334003, 9.47139, -0.52342993, 7.635591E-5, 9.926268E-4, -2.2906772E-4, 0.80699277, 9.759532, -0.5202731, -44.625, -90.693756, -4.70625, 4.5928042, -74.1819252
2024-07-25 21:26:19.168, 1.0334003, 9.478569, -0.51864433, 7.635591E-5, 9.926268E-4, -2.2906772E-4, 0.80699277, 9.759532, -0.5202731, -44.737503, -90.825005, -4.0125003, 4.5928043, -74.1819252
2024-07-25 21:26:20.507, 1.0597214, 9.4737835, -0.53300124, 7.635591E-5, 9.926268E-4, -2.2906772E-4, 0.80699277, 9.759532, -0.5202731, -44.9625, -90.693756, -4.14375, 4.5928043, -74.1819252
2024-07-25 21:26:22.432, 1.038186, 9.483355, -0.5138587, 7.635591E-5, 9.926268E-4, -2.2906772E-4, 0.80699277, 9.759532, -0.5202731, -45.075, -90.58125, -4.425, 4.5928043, -74.1819252
2024-07-25 21:26:23.437, 1.0334003, 9.4737835, -0.51864433, 7.635591E-5, 9.926268E-4, -2.2906772E-4, 0.80699277, 9.759532, -0.5202731, -44.831253, -90.1875, -4.5, 4.5928043, -74.1819252
2024-07-25 21:26:24.442, 1.0477573, 9.461819, -0.5162515, 7.635591E-5, 9.926268E-4, -2.2906772E-4, 0.80699277, 9.759532, -0.5202731, -44.8875, -90.7125, -4.6312504, 4.5928043, -74.1819252
2024-07-25 21:26:27.132, 1.0453644, 9.464211, -0.51864433, 7.635591E-5, 9.926268E-4, -2.2906772E-4, 0.80699277, 9.759532, -0.5202731, -45.037502, -91.05, -4.59375, 4.5928044, -74.1819251
2024-07-25 21:26:28.135, 1.0310074, 9.47139, -0.51864433, 7.635591E-5, 9.926268E-4, -2.2906772E-4, 0.80699277, 9.759532, -0.5202731, -44.53125, -90.24375, -4.5750003, 4.5928044, -74.1819251
2024-07-25 21:26:29.140, 1.0477573, 9.478569, -0.51146585, 7.635591E-5, 9.926268E-4, -2.2906772E-4, 0.80699277, 9.759532, -0.5202731, -45.15, -90.46875, -4.4625, 4.5928043, -74.1819252
2024-07-25 21:26:30.143, 1.0597214, 9.490533, -0.5138587, 7.635591E-5, 9.926268E-4, -2.2906772E-4, 0.80699277, 9.759532, -0.5202731, -44.850002, -90.412506, -4.425, 4.5928043, -74.1819251
2024-07-25 21:26:32.127, 1.0286146, 9.4737835, -0.5162515, 7.635591E-5, 9.926268E-4, -2.2906772E-4, 0.80699277, 9.759532, -0.5202731, -45.225002, -90.3375, -4.18125, 4.5928043, -74.1819251
2024-07-25 21:26:33.140, 1.0429716, 9.466604, -0.5162515, 7.635591E-5, 9.926268E-4, -2.2906772E-4, 0.80699277, 9.759532, -0.5202731, -44.550003, -90.412506, -4.8375, 4.5928043, -74.1819248
2024-07-25 21:26:34.145, 1.0310074, 9.454341, -0.509073, 7.635591E-5, 9.926268E-4, -2.2906772E-4, 0.80699277, 9.759532, -0.5202731, -44.7, -90.28125, -4.3500004, 4.5928044, -74.1819245
2024-07-25 21:26:35.149, 1.064507, 9.485747, -0.52342993, 7.635591E-5, 9.926268E-4, -2.2906772E-4, 0.80699277, 9.759532, -0.5202731, -45.35625, -90.881256, -4.6875, 4.5928045, -74.1819243
2024-07-25 21:26:37.585, 1.0573285, 9.459426, -0.50428736, 7.635591E-5, 9.926268E-4, -2.2906772E-4, 0.80699277, 9.759532, -0.5202731, -45.15, -90.24375, -4.65, 4.5928046, -74.1819239
2024-07-25 21:26:38.590, 1.0525428, 9.466604, -0.509073, 7.635591E-5, 9.926268E-4, -2.2906772E-4, 0.80699277, 9.759532, -0.5202731, -44.568752, -90.262505, -4.36875, 4.5928046, -74.1819238
2024-07-25 21:26:39.594, 1.0477573, 9.461819, -0.52582276, 7.635591E-5, 9.926268E-4, -2.2906772E-4, 0.80699277, 9.759532, -0.5202731, -45.16875, -90.3, -4.6312504, 4.5928047, -74.1819235
2024-07-25 21:26:41.113, 1.0334003, 9.47139, -0.51146585, 7.635591E-5, 9.926268E-4, -2.2906772E-4, 0.80699277, 9.759532, -0.5202731, -44.5875, -90.24375, -5.025, 4.5928047, -74.1819234
2024-07-25 21:26:42.556, 1.0357931, 9.476176, -0.5377869, 7.635591E-5, 9.926268E-4, -2.2906772E-4, 0.80699277, 9.759532, -0.5202731, -44.362503, -90.43125, -4.6312504, 4.5928047, -74.1819231
2024-07-25 21:26:43.561, 1.0549357, 9.478569, -0.509073, 7.635591E-5, 9.926268E-4, -2.2906772E-4, 0.80699277, 9.759532, -0.5202731, -44.625, -89.887505, -4.0687504, 4.5928047, -74.181923
2024-07-25 21:26:44.566, 1.0429716, 9.47139, -0.5162515, 7.635591E-5, 9.926268E-4, -2.2906772E-4, 0.80699277, 9.759532, -0.5202731, -45.45, -90.543755, -4.05, 4.5928047, -74.181923
2024-07-25 21:26:46.307, 1.0453644, 9.461819, -0.5210371, 7.635591E-5, 9.926268E-4, -2.2906772E-4, 0.80699277, 9.759532, -0.5202731, -44.8875, -89.86875, -3.7875001, 4.5928046, -74.1819229
2024-07-25 21:26:47.861, 1.023829, 9.461819, -0.50428736, 7.635591E-5, 9.926268E-4, -2.2906772E-4, 0.80699277, 9.759532, -0.5202731, -44.4, -90.5625, -4.6875, 4.5928046, -74.1819229
2024-07-25 21:26:48.866, 1.064507, 9.478569, -0.5162515, 7.635591E-5, 9.926268E-4, -2.2906772E-4, 0.80699277, 9.759532, -0.5202731, -44.86875, -90.8625, -4.125, 4.5928046, -74.1819229
2024-07-25 21:26:49.871, 1.0405787, 9.47139, -0.5138587, 7.635591E-5, 9.926268E-4, -2.2906772E-4, 0.80699277, 9.759532, -0.5202731, -44.831253, -90.525, -5.0437503, 4.5928045, -74.1819229
2024-07-25 21:26:51.203, 1.0405787, 9.483355, -0.5138587, 7.635591E-5, 9.926268E-4, -2.2906772E-4, 0.80699277, 9.759532, -0.5202731, -44.193752, -89.90625, -4.4437504, 4.5928044, -74.1819229
2024-07-25 21:26:52.770, 1.0334003, 9.464211, -0.51146585, 7.635591E-5, 9.926268E-4, -2.2906772E-4, 0.80699277, 9.759532, -0.5202731, -44.475002, -90.375, -4.3875003, 4.5928044, -74.181923
2024-07-25 21:26:53.776, 1.0286146, 9.4737835, -0.51864433, 7.635591E-5, 9.926268E-4, -2.2906772E-4, 0.80699277, 9.759532, -0.5202731, -44.71875, -90.450005, -4.4437504, 4.5928044, -74.1819229
2024-07-25 21:26:54.780, 1.0453644, 9.476176, -0.5210371, 7.635591E-5, 9.926268E-4, -2.2906772E-4, 0.80699277, 9.759532, -0.5202731, -45.375, -90.75, -5.0437503, 4.5928044, -74.181923
2024-07-25 21:26:57.132, 1.038186, 9.466604, -0.5138587, 7.635591E-5, 9.926268E-4, -2.2906772E-4, 0.80699277, 9.759532, -0.5202731, -44.5875, -90.24375, -4.14375, 4.5928043, -74.1819231
2024-07-25 21:26:58.134, 1.0477573, 9.461819, -0.51146585, 7.635591E-5, 9.926268E-4, -2.2906772E-4, 0.80699277, 9.759532, -0.5202731, -44.98125, -89.49375, -4.4437504, 4.5928043, -74.1819232
2024-07-25 21:26:59.139, 1.0477573, 9.47139, -0.5162515, 7.635591E-5, 9.926268E-4, -2.2906772E-4, 0.80699277, 9.759532, -0.5202731, -44.86875, -90.037506, -4.4812503, 4.5928043, -74.1819233
2024-07-25 21:27:00.142, 1.0525428, 9.466604, -0.51146585, 7.635591E-5, 9.926268E-4, -2.2906772E-4, 0.80699277, 9.759532, -0.5202731, -44.5875, -90.450005, -4.65, 4.592804, -74.1819237
2024-07-25 21:27:02.139, 1.0453644, 9.459426, -0.5162515, 7.635591E-5, 9.926268E-4, -2.2906772E-4, 0.80699277, 9.759532, -0.5202731, -44.79375, -91.0875, -4.6125, 4.5928039, -74.1819241
2024-07-25 21:27:03.142, 1.0310074, 9.459426, -0.52342993, 7.635591E-5, 9.926268E-4, -2.2906772E-4, 0.80699277, 9.759532, -0.5202731, -44.943752, -90.262505, -4.2562504, 4.5928038, -74.1819243
2024-07-25 21:27:04.147, 1.0286146, 9.476176, -0.51146585, 7.635591E-5, 9.926268E-4, -2.2906772E-4, 0.80699277, 9.759532, -0.5202731, -44.4375, -90.075005, -4.4812503, 4.5928037, -74.1819244
2024-07-25 21:27:05.150, 1.038186, 9.468997, -0.51864433, 7.635591E-5, 9.926268E-4, -2.2906772E-4, 0.80699277, 9.759532, -0.5202731, -44.268753, -90.43125, -5.1937504, 4.5928036, -74.1819247
2024-07-25 21:27:07.476, 1.0357931, 9.464211, -0.5066802, 7.635591E-5, 9.926268E-4, -2.2906772E-4, 0.80699277, 9.759532, -0.5202731, -44.53125, -90.43125, -4.3500004, 4.5928033, -74.1819251
2024-07-25 21:27:08.481, 1.0310074, 9.466604, -0.5282156, 7.635591E-5, 9.926268E-4, -2.2906772E-4, 0.80699277, 9.759532, -0.5202731, -44.41875, -90.262505, -4.5375004, 4.5928033, -74.1819253
2024-07-25 21:27:09.485, 1.0262218, 9.468997, -0.5306084, 7.635591E-5, 9.926268E-4, -2.2906772E-4, 0.80699277, 9.759532, -0.5202731, -44.71875, -90.881256, -3.80625, 4.5928032, -74.1819254
2024-07-25 21:27:10.575, 1.0405787, 9.476176, -0.5353941, 7.635591E-5, 9.926268E-4, -2.2906772E-4, 0.80699277, 9.759532, -0.5202731, -44.268753, -90.168755, -4.05, 4.5928032, -74.1819255
2024-07-25 21:27:12.513, 1.038186, 9.476176, -0.5066802, 7.635591E-5, 9.926268E-4, -2.2906772E-4, 0.80699277, 9.759532, -0.5202731, -44.34375, -90.65625, -4.6125, 4.5928032, -74.1819256
2024-07-25 21:27:13.517, 1.038186, 9.47139, -0.5162515, 7.635591E-5, 9.926268E-4, -2.2906772E-4, 0.80699277, 9.759532, -0.5202731, -44.456253, -90.39375, -4.3875003, 4.5928031, -74.1819257
2024-07-25 21:27:14.521, 1.05015, 9.47139, -0.5162515, 7.635591E-5, 9.926268E-4, -2.2906772E-4, 0.80699277, 9.759532, -0.5202731, -44.5875, -90.15, -4.7625003, 4.5928031, -74.1819258
2024-07-25 21:27:16.198, 1.0549357, 9.461819, -0.51864433, 7.635591E-5, 9.926268E-4, -2.2906772E-4, 0.80699277, 9.759532, -0.5202731, -44.1375, -90.4875, -4.70625, 4.5928031, -74.1819259
2024-07-25 21:27:17.823, 1.0310074, 9.466604, -0.5138587, 7.635591E-5, 9.926268E-4, -2.2906772E-4, 0.80699277, 9.759532, -0.5202731, -44.100002, -90.4875, -4.9125004, 4.592803, -74.1819262
2024-07-25 21:27:18.830, 1.05015, 9.466604, -0.5138587, 7.635591E-5, 9.926268E-4, -2.2906772E-4, 0.80699277, 9.759532, -0.5202731, -44.4375, -90.450005, -4.14375, 4.592803, -74.1819263
2024-07-25 21:27:19.834, 1.0429716, 9.466604, -0.51864433, 7.635591E-5, 9.926268E-4, -2.2906772E-4, 0.80699277, 9.759532, -0.5202731, -44.5125, -91.3125, -4.425, 4.592803, -74.1819263
2024-07-25 21:27:21.133, 1.0214362, 9.466604, -0.509073, 7.635591E-5, 9.926268E-4, -2.2906772E-4, 0.80699277, 9.759532, -0.5202731, -43.85625, -90.543755, -4.2375, 4.592803, -74.1819263
2024-07-25 21:27:22.720, 1.0429716, 9.47139, -0.52342993, 7.635591E-5, 9.926268E-4, -2.2906772E-4, 0.80699277, 9.759532, -0.5202731, -44.0625, -90.262505, -3.91875, 4.5928031, -74.1819264
2024-07-25 21:27:23.725, 1.0357931, 9.4737835, -0.509073, 7.635591E-5, 9.926268E-4, -2.2906772E-4, 0.80699277, 9.759532, -0.5202731, -44.0625, -89.5875, -4.4437504, 4.5928031, -74.1819263
2024-07-25 21:27:24.730, 1.0453644, 9.451948, -0.51146585, 7.635591E-5, 9.926268E-4, -2.2906772E-4, 0.80699277, 9.759532, -0.5202731, -44.643753, -90.450005, -4.1625004, 4.5928031, -74.1819263
2024-07-25 21:27:27.138, 1.0286146, 9.466604, -0.5066802, 7.635591E-5, 9.926268E-4, -2.2906772E-4, 0.80699277, 9.759532, -0.5202731, -44.831253, -90.975006, -4.33125, 4.5928031, -74.1819265
2024-07-25 21:27:28.156, 1.0357931, 9.47139, -0.5138587, 7.635591E-5, 9.926268E-4, -2.2906772E-4, 0.80699277, 9.759532, -0.5202731, -44.5875, -90.7125, -5.025, 4.5928032, -74.1819266
2024-07-25 21:27:29.160, 1.038186, 9.476176, -0.5162515, 7.635591E-5, 9.926268E-4, -2.2906772E-4, 0.80699277, 9.759532, -0.5202731, -44.175003, -90.24375, -4.6125, 4.5928032, -74.1819266
2024-07-25 21:27:30.164, 1.0549357, 9.454341, -0.5138587, 7.635591E-5, 9.926268E-4, -2.2906772E-4, 0.80699277, 9.759532, -0.5202731, -44.53125, -90.225006, -5.11875, 4.5928032, -74.1819267
2024-07-25 21:27:31.335, 1.038186, 9.466604, -0.5066802, 7.635591E-5, 9.926268E-4, -2.2906772E-4, 0.80699277, 9.759532, -0.5202731, -44.175003, -89.887505, -4.51875, 4.5928032, -74.1819267
2024-07-25 21:27:32.872, 1.0357931, 9.464211, -0.5210371, 7.635591E-5, 9.926268E-4, -2.2906772E-4, 0.80699277, 9.759532, -0.5202731, -44.175003, -90.450005, -4.14375, 4.5928032, -74.1819267
2024-07-25 21:27:33.876, 1.0477573, 9.485747, -0.52342993, 7.635591E-5, 9.926268E-4, -2.2906772E-4, 0.80699277, 9.759532, -0.5202731, -44.287502, -90.675, -4.03125, 4.5928032, -74.1819267
2024-07-25 21:27:34.881, 1.038186, 9.468997, -0.5066802, 7.635591E-5, 9.926268E-4, -2.2906772E-4, 0.80699277, 9.759532, -0.5202731, -44.756252, -90.75, -4.6125, 4.5928032, -74.1819267
2024-07-25 21:27:37.119, 1.0453644, 9.466604, -0.52342993, 7.635591E-5, 9.926268E-4, -2.2906772E-4, 0.80699277, 9.759532, -0.5202731, -44.362503, -90.450005, -4.14375, 4.5928032, -74.1819268
2024-07-25 21:27:38.124, 1.0429716, 9.459426, -0.5138587, 7.635591E-5, 9.926268E-4, -2.2906772E-4, 0.80699277, 9.759532, -0.5202731, -44.381252, -90.506256, -4.14375, 4.5928032, -74.1819269
2024-07-25 21:27:39.128, 1.0477573, 9.480962, -0.5210371, 7.635591E-5, 9.926268E-4, -2.2906772E-4, 0.80699277, 9.759532, -0.5202731, -44.15625, -90.975006, -3.99375, 4.5928032, -74.181927
2024-07-25 21:27:40.131, 1.0405787, 9.478569, -0.52342993, 7.635591E-5, 9.926268E-4, -2.2906772E-4, 0.80699277, 9.759532, -0.5202731, -44.5875, -90.168755, -4.55625, 4.5928032, -74.1819271
2024-07-25 21:27:41.236, 1.0310074, 9.48814, -0.5138587, 7.635591E-5, 9.926268E-4, -2.2906772E-4, 0.80699277, 9.759532, -0.5202731, -44.5125, -90.675, -4.275, 4.5928032, -74.1819272
2024-07-25 21:27:42.815, 1.0262218, 9.47139, -0.5210371, 7.635591E-5, 9.926268E-4, -2.2906772E-4, 0.80699277, 9.759532, -0.5202731, -44.287502, -90.450005, -4.5, 4.5928032, -74.1819272
2024-07-25 21:27:43.820, 1.038186, 9.468997, -0.52342993, 7.635591E-5, 9.926268E-4, -2.2906772E-4, 0.80699277, 9.759532, -0.5202731, -44.006252, -90.356255, -4.40625, 4.5928031, -74.1819274
2024-07-25 21:27:44.824, 1.0357931, 9.466604, -0.50428736, 7.635591E-5, 9.926268E-4, -2.2906772E-4, 0.80699277, 9.759532, -0.5202731, -44.49375, -90.637505, -4.9125004, 4.5928032, -74.1819275
2024-07-25 21:27:47.137, 1.0453644, 9.456735, -0.509073, 7.635591E-5, 9.926268E-4, -2.2906772E-4, 0.80699277, 9.759532, -0.5202731, -44.100002, -90.0, -4.2562504, 4.5928032, -74.1819276
2024-07-25 21:27:48.727, 1.0429716, 9.478569, -0.51146585, 7.635591E-5, 9.926268E-4, -2.2906772E-4, 0.80699277, 9.759532, -0.5202731, -44.4, -90.412506, -4.6687503, 4.5928031, -74.1819277
2024-07-25 21:27:49.731, 1.0334003, 9.468997, -0.5066802, 7.635591E-5, 9.926268E-4, -2.2906772E-4, 0.80699277, 9.759532, -0.5202731, -44.41875, -90.84375, -4.2375, 4.5928031, -74.1819277
2024-07-25 21:27:51.201, 1.0597214, 9.476176, -0.51864433, 7.635591E-5, 9.926268E-4, -2.2906772E-4, 0.80699277, 9.759532, -0.5202731, -44.4375, -90.693756, -4.3125, 4.592803, -74.1819278
2024-07-25 21:27:52.835, 1.0405787, 9.4737835, -0.5162515, 7.635591E-5, 9.926268E-4, -2.2906772E-4, 0.80699277, 9.759532, -0.5202731, -43.85625, -90.825005, -4.8, 4.5928028, -74.181928
2024-07-25 21:27:53.839, 1.0357931, 9.480962, -0.5162515, 7.635591E-5, 9.926268E-4, -2.2906772E-4, 0.80699277, 9.759532, -0.5202731, -44.53125, -89.662506, -4.8375, 4.5928028, -74.181928
2024-07-25 21:27:54.846, 1.0262218, 9.468997, -0.509073, 7.635591E-5, 9.926268E-4, -2.2906772E-4, 0.80699277, 9.759532, -0.5202731, -44.381252, -90.506256, -4.6875, 4.5928028, -74.1819281
2024-07-25 21:27:57.134, 1.0573285, 9.4737835, -0.52582276, 7.635591E-5, 9.926268E-4, -2.2906772E-4, 0.80699277, 9.759532, -0.5202731, -45.131252, -90.39375, -4.2562504, 4.5928028, -74.1819282
2024-07-25 21:27:58.724, 1.0334003, 9.485747, -0.52342993, 7.635591E-5, 9.926268E-4, -2.2906772E-4, 0.80699277, 9.759532, -0.5202731, -44.850002, -90.450005, -4.6125, 4.5928028, -74.1819282
2024-07-25 21:27:59.729, 1.0357931, 9.468997, -0.52342993, 7.635591E-5, 9.926268E-4, -2.2906772E-4, 0.80699277, 9.759532, -0.5202731, -44.9625, -90.3, -4.51875, 4.5928028, -74.1819282
2024-07-25 21:28:01.199, 1.0334003, 9.466604, -0.5210371, 7.635591E-5, 9.926268E-4, -2.2906772E-4, 0.80699277, 9.759532, -0.5202731, -44.60625, -90.3375, -4.2375, 4.5928022, -74.1819285
2024-07-25 21:28:03.407, 1.0549357, 9.466604, -0.5138587, 7.635591E-5, 9.926268E-4, -2.2906772E-4, 0.80699277, 9.759532, -0.5202731, -45.05625, -90.731255, -3.99375, 4.5928017, -74.181929
2024-07-25 21:28:04.411, 1.05015, 9.468997, -0.5282156, 7.635591E-5, 9.926268E-4, -2.2906772E-4, 0.80699277, 9.759532, -0.5202731, -44.475002, -90.225006, -4.36875, 4.5928016, -74.1819291
2024-07-25 21:28:06.139, 1.0477573, 9.464211, -0.5162515, 7.635591E-5, 9.926268E-4, -2.2906772E-4, 0.80699277, 9.759532, -0.5202731, -44.8875, -90.15, -4.74375, 4.5928016, -74.1819291
2024-07-25 21:28:08.291, 1.0525428, 9.466604, -0.5138587, 7.635591E-5, 9.926268E-4, -2.2906772E-4, 0.80699277, 9.759532, -0.5202731, -44.662502, -90.76875, -3.9562502, 4.5928013, -74.1819294
2024-07-25 21:28:09.301, 1.038186, 9.480962, -0.52582276, 7.635591E-5, 9.926268E-4, -2.2906772E-4, 0.80699277, 9.759532, -0.5202731, -44.5125, -90.356255, -3.6375, 4.5928012, -74.1819296
2024-07-25 21:28:10.306, 1.0357931, 9.466604, -0.50428736, 7.635591E-5, 9.926268E-4, -2.2906772E-4, 0.80699277, 9.759532, -0.5202731, -44.287502, -90.356255, -4.3500004, 4.5928011, -74.1819297
2024-07-25 21:28:13.131, 1.0453644, 9.478569, -0.52342993, 7.635591E-5, 9.926268E-4, -2.2906772E-4, 0.80699277, 9.759532, -0.5202731, -44.8125, -90.637505, -3.8812501, 4.5928009, -74.1819299
2024-07-25 21:28:14.134, 1.038186, 9.483355, -0.5282156, 7.635591E-5, 9.926268E-4, -2.2906772E-4, 0.80699277, 9.759532, -0.5202731, -45.300003, -90.356255, -4.425, 4.5928008, -74.18193
2024-07-25 21:28:15.137, 1.0405787, 9.4737835, -0.52342993, 7.635591E-5, 9.926268E-4, -2.2906772E-4, 0.80699277, 9.759532, -0.5202731, -44.7, -90.3375, -4.9125004, 4.5928008, -74.1819301
2024-07-25 21:28:17.147, 1.023829, 9.48814, -0.5162515, 7.635591E-5, 9.926268E-4, -2.2906772E-4, 0.80699277, 9.759532, -0.5202731, -44.15625, -90.4875, -4.1062503, 4.5928006, -74.1819303
2024-07-25 21:28:18.752, 1.0166506, 9.4737835, -0.5138587, 7.635591E-5, 9.926268E-4, -2.2906772E-4, 0.80699277, 9.759532, -0.5202731, -44.381252, -90.28125, -3.80625, 4.5928005, -74.1819303
2024-07-25 21:28:19.757, 1.0573285, 9.480962, -0.5162515, 7.635591E-5, 9.926268E-4, -2.2906772E-4, 0.80699277, 9.759532, -0.5202731, -44.34375, -90.09375, -4.5375004, 4.5928005, -74.1819303
2024-07-25 21:28:21.157, 1.0477573, 9.466604, -0.5138587, 7.635591E-5, 9.926268E-4, -2.2906772E-4, 0.80699277, 9.759532, -0.5202731, -44.925003, -90.9, -4.3125, 4.5928005, -74.1819304
2024-07-25 21:28:23.257, 1.0429716, 9.478569, -0.51146585, 7.635591E-5, 9.926268E-4, -2.2906772E-4, 0.80699277, 9.759532, -0.5202731, -44.90625, -90.412506, -4.2375, 4.5928004, -74.1819305
2024-07-25 21:28:24.262, 1.0429716, 9.468997, -0.5162515, 7.635591E-5, 9.926268E-4, -2.2906772E-4, 0.80699277, 9.759532, -0.5202731, -44.925003, -90.506256, -4.4437504, 4.5928004, -74.1819306
2024-07-25 21:28:25.267, 1.0453644, 9.468997, -0.51146585, 7.635591E-5, 9.926268E-4, -2.2906772E-4, 0.80699277, 9.759532, -0.5202731, -44.7, -90.225006, -4.55625, 4.5928004, -74.1819308
2024-07-25 21:28:28.140, 1.064507, 9.4737835, -0.5138587, 7.635591E-5, 9.926268E-4, -2.2906772E-4, 0.80699277, 9.759532, -0.5202731, -45.05625, -90.075005, -4.7250004, 4.5928004, -74.1819307
2024-07-25 21:28:29.143, 1.0429716, 9.483355, -0.5210371, 7.635591E-5, 9.926268E-4, -2.2906772E-4, 0.80699277, 9.759532, -0.5202731, -46.068752, -90.24375, -6.0750003, 4.5928004, -74.1819306
2024-07-25 21:28:30.147, 1.0190433, 9.468997, -0.5282156, 7.635591E-5, 9.926268E-4, -2.2906772E-4, 0.80699277, 9.759532, -0.5202731, -47.175003, -90.3375, -6.1125, 4.5928003, -74.1819308
2024-07-25 21:28:31.347, 1.0334003, 9.47139, -0.5162515, 7.635591E-5, 9.926268E-4, -2.2906772E-4, 0.80699277, 9.759532, -0.5202731, -47.756252, -90.075005, -4.4625, 4.5928003, -74.1819309
2024-07-25 21:28:33.170, 1.0334003, 9.48814, -0.52342993, 7.635591E-5, 9.926268E-4, -2.2906772E-4, 0.80699277, 9.759532, -0.5202731, -46.96875, -89.86875, -2.8500001, 4.5928002, -74.181931
2024-07-25 21:28:34.174, 1.0262218, 9.454341, -0.51146585, 7.635591E-5, 9.926268E-4, -2.2906772E-4, 0.80699277, 9.759532, -0.5202731, -46.48125, -89.0625, -2.53125, 4.5928002, -74.181931
2024-07-25 21:28:35.178, 1.0262218, 9.468997, -0.5138587, 7.635591E-5, 9.926268E-4, -2.2906772E-4, 0.80699277, 9.759532, -0.5202731, -46.706253, -90.075005, -2.3812501, 4.5928002, -74.1819311
2024-07-25 21:28:37.224, 1.0429716, 9.478569, -0.51864433, 7.635591E-5, 9.926268E-4, -2.2906772E-4, 0.80699277, 9.759532, -0.5202731, -45.9375, -89.83125, -1.7812501, 4.5928002, -74.1819313
2024-07-25 21:28:38.796, 1.0405787, 9.47139, -0.509073, 7.635591E-5, 9.926268E-4, -2.2906772E-4, 0.80699277, 9.759532, -0.5202731, -45.412502, -89.45625, -2.04375, 4.5928001, -74.1819315
2024-07-25 21:28:39.801, 1.038186, 9.485747, -0.5162515, 7.635591E-5, 9.926268E-4, -2.2906772E-4, 0.80699277, 9.759532, -0.5202731, -45.75, -89.5875, -2.49375, 4.5928002, -74.1819316
2024-07-25 21:28:41.262, 1.0549357, 9.466604, -0.51864433, 7.635591E-5, 9.926268E-4, -2.2906772E-4, 0.80699277, 9.759532, -0.5202731, -46.162502, -89.7375, -2.8125, 4.5928003, -74.1819315
2024-07-25 21:28:42.888, 1.0453644, 9.459426, -0.5066802, 7.635591E-5, 9.926268E-4, -2.2906772E-4, 0.80699277, 9.759532, -0.5202731, -45.956253, -89.325005, -2.4375, 4.5928003, -74.1819316
2024-07-25 21:28:43.893, 1.0525428, 9.464211, -0.5138587, 7.635591E-5, 9.926268E-4, -2.2906772E-4, 0.80699277, 9.759532, -0.5202731, -46.21875, -89.64375, -2.4750001, 4.5928003, -74.1819316
2024-07-25 21:28:44.898, 1.0286146, 9.454341, -0.52582276, 7.635591E-5, 9.926268E-4, -2.2906772E-4, 0.80699277, 9.759532, -0.5202731, -46.612503, -90.0, -2.9250002, 4.5928003, -74.1819317
2024-07-25 21:28:47.136, 1.05015, 9.480962, -0.509073, 7.635591E-5, 9.926268E-4, -2.2906772E-4, 0.80699277, 9.759532, -0.5202731, -46.537502, -89.700005, -2.2875001, 4.5928004, -74.1819318
2024-07-25 21:28:48.722, 1.0429716, 9.476176, -0.509073, 7.635591E-5, 9.926268E-4, -2.2906772E-4, 0.80699277, 9.759532, -0.5202731, -45.9, -89.606255, -2.8500001, 4.5928004, -74.181932
2024-07-25 21:28:49.726, 1.0310074, 9.476176, -0.5066802, 7.635591E-5, 9.926268E-4, -2.2906772E-4, 0.80699277, 9.759532, -0.5202731, -46.0125, -89.006256, -2.0812502, 4.5928005, -74.181932
2024-07-25 21:28:51.147, 1.0405787, 9.464211, -0.5210371, 7.635591E-5, 9.926268E-4, -2.2906772E-4, 0.80699277, 9.759532, -0.5202731, -46.350002, -90.0, -2.4375, 4.5928005, -74.181932
2024-07-25 21:28:53.493, 1.0477573, 9.4737835, -0.5162515, 7.635591E-5, 9.926268E-4, -2.2906772E-4, 0.80699277, 9.759532, -0.5202731, -46.65, -89.850006, -2.325, 4.5928005, -74.181932
2024-07-25 21:28:54.497, 1.0310074, 9.466604, -0.5210371, 7.635591E-5, 9.926268E-4, -2.2906772E-4, 0.80699277, 9.759532, -0.5202731, -46.162502, -89.625, -2.79375, 4.5928006, -74.181932
2024-07-25 21:28:55.502, 1.05015, 9.459426, -0.509073, 7.635591E-5, 9.926268E-4, -2.2906772E-4, 0.80699277, 9.759532, -0.5202731, -47.15625, -90.09375, -3.3000002, 4.5928006, -74.181932
2024-07-25 21:28:58.136, 1.0453644, 9.459426, -0.5066802, 7.635591E-5, 9.926268E-4, -2.2906772E-4, 0.80699277, 9.759532, -0.5202731, -46.3125, -88.93125, -2.2687502, 4.5928006, -74.181932
2024-07-25 21:28:59.150, 1.0190433, 9.454341, -0.51864433, 7.635591E-5, 9.926268E-4, -2.2906772E-4, 0.80699277, 9.759532, -0.5202731, -46.40625, -89.756256, -2.5500002, 4.5928007, -74.1819321
2024-07-25 21:29:00.154, 1.0357931, 9.478569, -0.51146585, 7.635591E-5, 9.926268E-4, -2.2906772E-4, 0.80699277, 9.759532, -0.5202731, -46.7625, -89.68125, -2.9437501, 4.5928008, -74.181932
2024-07-25 21:29:02.237, 1.0405787, 9.4737835, -0.5210371, 7.635591E-5, 9.926268E-4, -2.2906772E-4, 0.80699277, 9.759532, -0.5202731, -46.3875, -89.7375, -2.11875, 4.5928009, -74.1819321
2024-07-25 21:29:03.805, 1.0405787, 9.476176, -0.509073, 7.635591E-5, 9.926268E-4, -2.2906772E-4, 0.80699277, 9.759532, -0.5202731, -46.125, -89.568756, -2.53125, 4.5928009, -74.181932
2024-07-25 21:29:04.808, 1.0286146, 9.4737835, -0.5066802, 7.635591E-5, 9.926268E-4, -2.2906772E-4, 0.80699277, 9.759532, -0.5202731, -46.10625, -89.34375, -2.79375, 4.592801, -74.181932
2024-07-25 21:29:06.209, 1.0477573, 9.4737835, -0.52342993, 7.635591E-5, 9.926268E-4, -2.2906772E-4, 0.80699277, 9.759532, -0.5202731, -46.36875, -89.49375, -2.025, 4.5928022, -74.1819346
2024-07-25 21:29:08.365, 1.0429716, 9.476176, -0.5162515, 7.635591E-5, 9.926268E-4, -2.2906772E-4, 0.80699277, 9.759532, -0.5202731, -45.881252, -89.64375, -1.85625, 4.5928024, -74.1819349
2024-07-25 21:29:09.371, 1.0453644, 9.466604, -0.51864433, 7.635591E-5, 9.926268E-4, -2.2906772E-4, 0.80699277, 9.759532, -0.5202731, -46.40625, -89.7375, -2.5687501, 4.5928032, -74.1819367
2024-07-25 21:29:10.375, 1.0357931, 9.4737835, -0.5162515, 7.635591E-5, 9.926268E-4, -2.2906772E-4, 0.80699277, 9.759532, -0.5202731, -46.443752, -89.231255, -2.4562502, 4.5928039, -74.1819381
2024-07-25 21:29:12.314, 1.0477573, 9.456735, -0.5138587, 7.635591E-5, 9.926268E-4, -2.2906772E-4, 0.80699277, 9.759532, -0.5202731, -46.0125, -90.05625, -2.025, 4.592804, -74.181938
2024-07-25 21:29:13.898, 1.0357931, 9.459426, -0.52342993, 7.635591E-5, 9.926268E-4, -2.2906772E-4, 0.80699277, 9.759532, -0.5202731, -46.21875, -89.8125, -2.49375, 4.5928059, -74.181934
2024-07-25 21:29:14.902, 1.0525428, 9.483355, -0.51146585, 7.635591E-5, 9.926268E-4, -2.2906772E-4, 0.80699277, 9.759532, -0.5202731, -46.65, -89.325005, -3.0375001, 4.5928068, -74.1819329
2024-07-25 21:29:16.318, 1.0286146, 9.47139, -0.509073, 7.635591E-5, 9.926268E-4, -2.2906772E-4, 0.80699277, 9.759532, -0.5202731, -46.0875, -89.30625, -2.2875001, 4.5928076, -74.1819328
2024-07-25 21:29:18.466, 1.038186, 9.466604, -0.5162515, 7.635591E-5, 9.926268E-4, -2.2906772E-4, 0.80699277, 9.759532, -0.5202731, -46.256252, -89.45625, -2.2875001, 4.5928082, -74.1819321
2024-07-25 21:29:19.470, 1.0621141, 9.4737835, -0.5138587, 7.635591E-5, 9.926268E-4, -2.2906772E-4, 0.80699277, 9.759532, -0.5202731, -46.162502, -89.568756, -1.6500001, 4.5928087, -74.1819303
2024-07-25 21:29:20.476, 1.0357931, 9.454341, -0.5138587, 7.635591E-5, 9.926268E-4, -2.2906772E-4, 0.80699277, 9.759532, -0.5202731, -46.78125, -89.4375, -2.60625, 4.5928093, -74.1819284
2024-07-25 21:29:23.148, 1.05015, 9.454341, -0.51146585, 7.635591E-5, 9.926268E-4, -2.2906772E-4, 0.80699277, 9.759532, -0.5202731, -46.537502, -89.5875, -2.5500002, 4.5928095, -74.1819273
2024-07-25 21:29:24.170, 1.0597214, 9.461819, -0.50189453, 7.635591E-5, 9.926268E-4, -2.2906772E-4, 0.80699277, 9.759532, -0.5202731, -46.3125, -89.90625, -2.49375, 4.5928097, -74.1819267
2024-07-25 21:29:25.174, 1.0405787, 9.464211, -0.5162515, 7.635591E-5, 9.926268E-4, -2.2906772E-4, 0.80699277, 9.759532, -0.5202731, -46.350002, -89.90625, -2.98125, 4.5928098, -74.1819264
2024-07-25 21:29:27.216, 1.038186, 9.464211, -0.5066802, 7.635591E-5, 9.926268E-4, -2.2906772E-4, 0.80699277, 9.759532, -0.5202731, -46.575, -89.30625, -2.9250002, 4.5928098, -74.1819264
2024-07-25 21:29:28.829, 1.0477573, 9.478569, -0.5210371, 7.635591E-5, 9.926268E-4, -2.2906772E-4, 0.80699277, 9.759532, -0.5202731, -46.425003, -89.71875, -2.34375, 4.5928099, -74.1819264
2024-07-25 21:29:29.833, 1.05015, 9.466604, -0.5138587, 7.635591E-5, 9.926268E-4, -2.2906772E-4, 0.80699277, 9.759532, -0.5202731, -46.518753, -90.3375, -2.90625, 4.5928099, -74.1819263
2024-07-25 21:29:31.159, 1.0573285, 9.48814, -0.5210371, 7.635591E-5, 9.926268E-4, -2.2906772E-4, 0.80699277, 9.759532, -0.5202731, -46.631252, -89.512505, -2.98125, 4.5928099, -74.1819264
2024-07-25 21:29:33.479, 1.0453644, 9.468997, -0.509073, 7.635591E-5, 9.926268E-4, -2.2906772E-4, 0.80699277, 9.759532, -0.5202731, -46.48125, -89.5875, -2.5875, 4.59281, -74.1819265
2024-07-25 21:29:34.483, 1.0621141, 9.456735, -0.51864433, 7.635591E-5, 9.926268E-4, -2.2906772E-4, 0.80699277, 9.759532, -0.5202731, -46.818752, -89.231255, -2.1937501, 4.5928101, -74.1819266
2024-07-25 21:29:35.487, 1.0405787, 9.47139, -0.5138587, 7.635591E-5, 9.926268E-4, -2.2906772E-4, 0.80699277, 9.759532, -0.5202731, -46.6875, -89.68125, -2.4562502, 4.5928101, -74.1819266
2024-07-25 21:29:38.137, 1.038186, 9.464211, -0.50189453, 7.635591E-5, 9.926268E-4, -2.2906772E-4, 0.80699277, 9.759532, -0.5202731, -46.4625, -90.0, -2.8125, 4.5928102, -74.1819267
2024-07-25 21:29:39.140, 1.038186, 9.485747, -0.5210371, 7.635591E-5, 9.926268E-4, -2.2906772E-4, 0.80699277, 9.759532, -0.5202731, -46.55625, -89.606255, -2.34375, 4.5928103, -74.1819267
2024-07-25 21:29:40.143, 1.0621141, 9.480962, -0.51146585, 7.635591E-5, 9.926268E-4, -2.2906772E-4, 0.80699277, 9.759532, -0.5202731, -46.518753, -89.90625, -2.6437502, 4.5928104, -74.1819267
2024-07-25 21:29:42.137, 1.0357931, 9.485747, -0.509073, 7.635591E-5, 9.926268E-4, -2.2906772E-4, 0.80699277, 9.759532, -0.5202731, -46.162502, -89.700005, -2.5500002, 4.5928104, -74.1819267
2024-07-25 21:29:43.713, 1.0429716, 9.454341, -0.5138587, 7.635591E-5, 9.926268E-4, -2.2906772E-4, 0.80699277, 9.759532, -0.5202731, -46.59375, -90.01875, -3.0375001, 4.5928104, -74.1819268
2024-07-25 21:29:44.721, 1.0477573, 9.466604, -0.5282156, 7.635591E-5, 9.926268E-4, -2.2906772E-4, 0.80699277, 9.759532, -0.5202731, -46.66875, -89.34375, -2.79375, 4.5928105, -74.1819268
2024-07-25 21:29:46.132, 1.0429716, 9.4737835, -0.5138587, 7.635591E-5, 9.926268E-4, -2.2906772E-4, 0.80699277, 9.759532, -0.5202731, -46.8375, -89.775, -2.9625, 4.5928105, -74.1819268
2024-07-25 21:29:48.353, 1.0310074, 9.47139, -0.509073, 7.635591E-5, 9.926268E-4, -2.2906772E-4, 0.80699277, 9.759532, -0.5202731, -46.96875, -89.568756, -2.7562501, 4.5928106, -74.1819269
2024-07-25 21:29:49.366, 1.038186, 9.47139, -0.52342993, 7.635591E-5, 9.926268E-4, -2.2906772E-4, 0.80699277, 9.759532, -0.5202731, -47.025, -89.193756, -2.1375, 4.5928106, -74.181927
2024-07-25 21:29:50.370, 1.0357931, 9.464211, -0.5162515, 7.635591E-5, 9.926268E-4, -2.2906772E-4, 0.80699277, 9.759532, -0.5202731, -47.53125, -89.568756, -2.2125, 4.5928106, -74.181927
2024-07-25 21:29:53.120, 1.0357931, 9.4737835, -0.5066802, 7.635591E-5, 9.926268E-4, -2.2906772E-4, 0.80699277, 9.759532, -0.5202731, -46.3875, -89.45625, -1.40625, 4.5928107, -74.1819272
2024-07-25 21:29:54.123, 1.0477573, 9.468997, -0.50428736, 7.635591E-5, 9.926268E-4, -2.2906772E-4, 0.80699277, 9.759532, -0.5202731, -46.631252, -89.193756, -1.8375001, 4.5928107, -74.1819273
2024-07-25 21:29:55.128, 1.0453644, 9.4737835, -0.5210371, 7.635591E-5, 9.926268E-4, -2.2906772E-4, 0.80699277, 9.759532, -0.5202731, -46.537502, -89.86875, -2.2687502, 4.5928108, -74.1819273
2024-07-25 21:29:57.146, 1.0597214, 9.468997, -0.5066802, 7.635591E-5, 9.926268E-4, -2.2906772E-4, 0.80699277, 9.759532, -0.5202731, -46.55625, -89.512505, -2.04375, 4.5928109, -74.1819273
2024-07-25 21:29:58.729, 1.0477573, 9.468997, -0.51146585, 7.635591E-5, 9.926268E-4, -2.2906772E-4, 0.80699277, 9.759532, -0.5202731, -46.3875, -89.86875, -1.5375, 4.5928109, -74.1819275
2024-07-25 21:29:59.734, 1.0573285, 9.468997, -0.51146585, 7.635591E-5, 9.926268E-4, -2.2906772E-4, 0.80699277, 9.759532, -0.5202731, -46.3875, -88.912506, -1.6875001, 4.592811, -74.1819275
2024-07-25 21:30:01.137, 1.0549357, 9.464211, -0.51146585, 7.635591E-5, 9.926268E-4, -2.2906772E-4, 0.80699277, 9.759532, -0.5202731, -46.3125, -89.5875, -1.725, 4.592811, -74.1819275
2024-07-25 21:30:03.493, 1.0597214, 9.478569, -0.5138587, 7.635591E-5, 9.926268E-4, -2.2906772E-4, 0.80699277, 9.759532, -0.5202731, -46.2, -90.037506, -2.625, 4.5928111, -74.1819277
2024-07-25 21:30:04.497, 1.0429716, 9.4737835, -0.5138587, 7.635591E-5, 9.926268E-4, -2.2906772E-4, 0.80699277, 9.759532, -0.5202731, -46.78125, -89.606255, -1.5, 4.5928112, -74.1819277
2024-07-25 21:30:05.502, 1.0549357, 9.459426, -0.5162515, 7.635591E-5, 9.926268E-4, -2.2906772E-4, 0.80699277, 9.759532, -0.5202731, -46.875, -90.1125, -2.0812502, 4.5928113, -74.1819278
2024-07-25 21:30:07.329, 1.0525428, 9.464211, -0.5210371, 7.635591E-5, 9.926268E-4, -2.2906772E-4, 0.80699277, 9.759532, -0.5202731, -46.050003, -89.475006, -1.575, 4.5928113, -74.1819278
2024-07-25 21:30:08.876, 1.0453644, 9.4737835, -0.509073, 7.635591E-5, 9.926268E-4, -2.2906772E-4, 0.80699277, 9.759532, -0.5202731, -46.256252, -89.418755, -1.8375001, 4.5928114, -74.1819279
2024-07-25 21:30:09.881, 1.0429716, 9.468997, -0.5138587, 7.635591E-5, 9.926268E-4, -2.2906772E-4, 0.80699277, 9.759532, -0.5202731, -46.66875, -89.662506, -1.7812501, 4.5928114, -74.1819279
2024-07-25 21:30:11.133, 1.038186, 9.4737835, -0.51864433, 7.635591E-5, 9.926268E-4, -2.2906772E-4, 0.80699277, 9.759532, -0.5202731, -46.40625, -89.64375, -1.81875, 4.5928114, -74.181928
2024-07-25 21:30:13.506, 1.0405787, 9.480962, -0.5162515, 7.635591E-5, 9.926268E-4, -2.2906772E-4, 0.80699277, 9.759532, -0.5202731, -46.143753, -89.45625, -1.3875, 4.5928116, -74.181928
2024-07-25 21:30:14.510, 1.0286146, 9.47139, -0.51146585, 7.635591E-5, 9.926268E-4, -2.2906772E-4, 0.80699277, 9.759532, -0.5202731, -45.91875, -89.4, -1.7437501, 4.5928116, -74.181928
2024-07-25 21:30:15.515, 1.0310074, 9.456735, -0.509073, 7.635591E-5, 9.926268E-4, -2.2906772E-4, 0.80699277, 9.759532, -0.5202731, -46.03125, -89.25, -2.0812502, 4.5928117, -74.181928
2024-07-25 21:30:17.372, 1.0477573, 9.464211, -0.52342993, 7.635591E-5, 9.926268E-4, -2.2906772E-4, 0.80699277, 9.759532, -0.5202731, -46.518753, -89.4375, -1.9312501, 4.5928118, -74.181928
2024-07-25 21:30:18.906, 1.0549357, 9.476176, -0.5138587, 7.635591E-5, 9.926268E-4, -2.2906772E-4, 0.80699277, 9.759532, -0.5202731, -46.55625, -89.512505, -1.8750001, 4.5928119, -74.181928
2024-07-25 21:30:19.914, 1.0357931, 9.4737835, -0.52342993, 7.635591E-5, 9.926268E-4, -2.2906772E-4, 0.80699277, 9.759532, -0.5202731, -46.2, -89.5875, -1.8937501, 4.5928119, -74.1819281
2024-07-25 21:30:21.131, 1.05015, 9.461819, -0.51146585, 7.635591E-5, 9.926268E-4, -2.2906772E-4, 0.80699277, 9.759532, -0.5202731, -45.75, -89.3625, -1.8000001, 4.5928119, -74.1819281
2024-07-25 21:30:23.494, 1.0453644, 9.4737835, -0.5162515, 7.635591E-5, 9.926268E-4, -2.2906772E-4, 0.80699277, 9.759532, -0.5202731, -46.162502, -89.34375, -1.6500001, 4.592812, -74.1819281
2024-07-25 21:30:24.498, 1.0357931, 9.466604, -0.5162515, 7.635591E-5, 9.926268E-4, -2.2906772E-4, 0.80699277, 9.759532, -0.5202731, -46.4625, -89.512505, -1.6875001, 4.592812, -74.1819282
2024-07-25 21:30:25.504, 1.0453644, 9.4737835, -0.51864433, 7.635591E-5, 9.926268E-4, -2.2906772E-4, 0.80699277, 9.759532, -0.5202731, -45.693752, -89.30625, -2.2125, 4.5928121, -74.1819282
2024-07-25 21:30:27.307, 1.0549357, 9.476176, -0.52342993, 7.635591E-5, 9.926268E-4, -2.2906772E-4, 0.80699277, 9.759532, -0.5202731, -46.443752, -89.700005, -1.3875, 4.592812, -74.1819284
2024-07-25 21:30:28.875, 1.0429716, 9.492926, -0.5138587, 7.635591E-5, 9.926268E-4, -2.2906772E-4, 0.80699277, 9.759532, -0.5202731, -46.21875, -89.850006, -1.7437501, 4.592812, -74.1819286
2024-07-25 21:30:29.880, 1.0357931, 9.456735, -0.5162515, 7.635591E-5, 9.926268E-4, -2.2906772E-4, 0.80699277, 9.759532, -0.5202731, -46.143753, -89.193756, -1.4250001, 4.592812, -74.1819286
2024-07-25 21:30:31.125, 1.0405787, 9.464211, -0.5210371, 7.635591E-5, 9.926268E-4, -2.2906772E-4, 0.80699277, 9.759532, -0.5202731, -46.050003, -89.287506, -2.1937501, 4.5928119, -74.1819288
2024-07-25 21:30:33.346, 1.0334003, 9.456735, -0.5162515, 7.635591E-5, 9.926268E-4, -2.2906772E-4, 0.80699277, 9.759532, -0.5202731, -46.331253, -89.55, -1.5187501, 4.5928119, -74.181929
2024-07-25 21:30:34.351, 1.0525428, 9.4737835, -0.50189453, 7.635591E-5, 9.926268E-4, -2.2906772E-4, 0.80699277, 9.759532, -0.5202731, -46.725002, -89.325005, -1.6500001, 4.592812, -74.1819291
2024-07-25 21:30:35.356, 1.064507, 9.4737835, -0.52342993, 7.635591E-5, 9.926268E-4, -2.2906772E-4, 0.80699277, 9.759532, -0.5202731, -46.3125, -89.662506, -1.9312501, 4.5928119, -74.1819292
2024-07-25 21:30:37.113, 1.0405787, 9.466604, -0.52342993, 7.635591E-5, 9.926268E-4, -2.2906772E-4, 0.80699277, 9.759532, -0.5202731, -45.9, -89.850006, -1.125, 4.5928119, -74.1819293
2024-07-25 21:30:38.691, 1.0429716, 9.466604, -0.52342993, 7.635591E-5, 9.926268E-4, -2.2906772E-4, 0.80699277, 9.759532, -0.5202731, -46.40625, -90.3, -1.1812501, 4.5928119, -74.1819294
2024-07-25 21:30:39.696, 1.0597214, 9.468997, -0.52342993, 7.635591E-5, 9.926268E-4, -2.2906772E-4, 0.80699277, 9.759532, -0.5202731, -46.050003, -89.8125, -1.6500001, 4.592812, -74.1819294
2024-07-25 21:30:40.702, 1.0429716, 9.454341, -0.5138587, 7.635591E-5, 9.926268E-4, -2.2906772E-4, 0.80699277, 9.759532, -0.5202731, -45.975002, -89.625, -2.68125, 4.592812, -74.1819295
2024-07-25 21:30:42.266, 1.0668998, 9.466604, -0.5138587, 7.635591E-5, 9.926268E-4, -2.2906772E-4, 0.80699277, 9.759532, -0.5202731, -46.4625, -90.28125, -2.775, 4.5928121, -74.1819295
2024-07-25 21:30:43.835, 1.0549357, 9.476176, -0.51146585, 7.635591E-5, 9.926268E-4, -2.2906772E-4, 0.80699277, 9.759532, -0.5202731, -46.36875, -88.78125, -2.11875, 4.592812, -74.1819295
2024-07-25 21:30:44.840, 1.05015, 9.459426, -0.5066802, 7.635591E-5, 9.926268E-4, -2.2906772E-4, 0.80699277, 9.759532, -0.5202731, -46.3875, -89.30625, -1.8750001, 4.5928121, -74.1819296
2024-07-25 21:30:46.127, 1.0405787, 9.478569, -0.52342993, 7.635591E-5, 9.926268E-4, -2.2906772E-4, 0.80699277, 9.759532, -0.5202731, -46.36875, -90.05625, -2.2875001, 4.5928121, -74.1819296
2024-07-25 21:30:48.409, 1.0453644, 9.480962, -0.52342993, 7.635591E-5, 9.926268E-4, -2.2906772E-4, 0.80699277, 9.759532, -0.5202731, -46.36875, -89.606255, -1.5562501, 4.5928121, -74.1819298
2024-07-25 21:30:49.412, 1.05015, 9.468997, -0.52342993, 7.635591E-5, 9.926268E-4, -2.2906772E-4, 0.80699277, 9.759532, -0.5202731, -46.237503, -89.30625, -2.025, 4.5928122, -74.1819298
2024-07-25 21:30:50.420, 1.0334003, 9.476176, -0.51146585, 7.635591E-5, 9.926268E-4, -2.2906772E-4, 0.80699277, 9.759532, -0.5202731, -46.575, -89.49375, -2.86875, 4.5928122, -74.1819298
2024-07-25 21:30:52.154, 1.0429716, 9.468997, -0.5162515, 7.635591E-5, 9.926268E-4, -2.2906772E-4, 0.80699277, 9.759532, -0.5202731, -46.29375, -89.45625, -1.5937501, 4.5928123, -74.1819298
2024-07-25 21:30:53.509, 1.0525428, 9.48814, -0.5162515, 7.635591E-5, 9.926268E-4, -2.2906772E-4, 0.80699277, 9.759532, -0.5202731, -46.237503, -89.7375, -1.40625, 4.5928123, -74.1819299
2024-07-25 21:30:54.513, 1.0549357, 9.466604, -0.49950173, 7.635591E-5, 9.926268E-4, -2.2906772E-4, 0.80699277, 9.759532, -0.5202731, -46.631252, -89.418755, -1.81875, 4.5928122, -74.18193
2024-07-25 21:30:55.518, 1.0429716, 9.464211, -0.51864433, 7.635591E-5, 9.926268E-4, -2.2906772E-4, 0.80699277, 9.759532, -0.5202731, -46.21875, -88.875, -1.81875, 4.5928123, -74.1819301
2024-07-25 21:30:57.189, 1.0549357, 9.490533, -0.5138587, 7.635591E-5, 9.926268E-4, -2.2906772E-4, 0.80699277, 9.759532, -0.5202731, -46.21875, -89.5875, -2.41875, 4.5928124, -74.1819301
2024-07-25 21:30:58.771, 1.0214362, 9.459426, -0.51864433, 7.635591E-5, 9.926268E-4, -2.2906772E-4, 0.80699277, 9.759532, -0.5202731, -46.425003, -89.83125, -1.7062501, 4.5928124, -74.1819301
2024-07-25 21:30:59.777, 1.0453644, 9.476176, -0.5138587, 7.635591E-5, 9.926268E-4, -2.2906772E-4, 0.80699277, 9.759532, -0.5202731, -45.956253, -89.662506, -1.66875, 4.5928124, -74.1819301
2024-07-25 21:31:00.789, 1.0334003, 9.485747, -0.52342993, 7.635591E-5, 9.926268E-4, -2.2906772E-4, 0.80699277, 9.759532, -0.5202731, -46.3125, -89.26875, -2.0062501, 4.5928125, -74.1819302
2024-07-25 21:31:03.139, 1.0405787, 9.461819, -0.5210371, 7.635591E-5, 9.926268E-4, -2.2906772E-4, 0.80699277, 9.759532, -0.5202731, -45.91875, -89.3625, -1.5375, 4.5928126, -74.1819302
2024-07-25 21:31:04.143, 1.0549357, 9.468997, -0.51864433, 7.635591E-5, 9.926268E-4, -2.2906772E-4, 0.80699277, 9.759532, -0.5202731, -46.237503, -89.925, -1.4625001, 4.5928128, -74.1819303
2024-07-25 21:31:05.147, 1.0549357, 9.464211, -0.52342993, 7.635591E-5, 9.926268E-4, -2.2906772E-4, 0.80699277, 9.759532, -0.5202731, -46.2, -89.418755, -2.0062501, 4.5928129, -74.1819303
2024-07-25 21:31:06.233, 1.05015, 9.480962, -0.50189453, 7.635591E-5, 9.926268E-4, -2.2906772E-4, 0.80699277, 9.759532, -0.5202731, -46.162502, -89.512505, -2.1750002, 4.5928129, -74.1819302
2024-07-25 21:31:08.494, 1.0453644, 9.468997, -0.51864433, 7.635591E-5, 9.926268E-4, -2.2906772E-4, 0.80699277, 9.759532, -0.5202731, -46.4625, -89.775, -1.66875, 4.592813, -74.1819302
2024-07-25 21:31:09.498, 1.0549357, 9.476176, -0.5162515, 7.635591E-5, 9.926268E-4, -2.2906772E-4, 0.80699277, 9.759532, -0.5202731, -46.4625, -89.381256, -1.81875, 4.5928131, -74.1819302
2024-07-25 21:31:10.502, 1.0334003, 9.456735, -0.509073, 7.635591E-5, 9.926268E-4, -2.2906772E-4, 0.80699277, 9.759532, -0.5202731, -46.425003, -89.662506, -2.1937501, 4.5928132, -74.1819302
2024-07-25 21:31:12.790, 1.038186, 9.476176, -0.51864433, 7.635591E-5, 9.926268E-4, -2.2906772E-4, 0.80699277, 9.759532, -0.5202731, -46.631252, -89.45625, -1.44375, 4.5928132, -74.1819302
2024-07-25 21:32:16.200, 1.0477573, 9.476176, -0.51146585, 7.635591E-5, 9.926268E-4, -2.2906772E-4, 0.80699277, 9.759532, -0.5202731, -45.99375, -89.71875, -1.6875001, 4.5928132, -74.1819302
2024-07-25 21:32:31.113, 1.0429716, 9.480962, -0.5138587, 7.635591E-5, 9.926268E-4, -2.2906772E-4, 0.80699277, 9.759532, -0.5202731, -45.99375, -89.71875, -1.6875001, 4.5928132, -74.1819302
2024-07-25 21:35:13.816, 1.0429716, 9.480962, -0.5138587, 7.635591E-5, 9.926268E-4, -2.2906772E-4, 0.80699277, 9.759532, -0.5202731, -45.99375, -89.71875, -1.6875001, 4.5928132, -74.1819302
2024-07-25 21:40:23.424, 1.0429716, 9.480962, -0.5138587, 7.635591E-5, 9.926268E-4, -2.2906772E-4, 0.80699277, 9.759532, -0.5202731, -45.99375, -89.71875, -1.6875001, 4.5928132, -74.1819302
2024-07-25 21:42:52.252, 1.0429716, 9.480962, -0.5138587, 7.635591E-5, 9.926268E-4, -2.2906772E-4, 0.80699277, 9.759532, -0.5202731, -45.99375, -89.71875, -1.6875001, 4.5928132, -74.1819302
2024-07-25 21:43:07.800, 1.0429716, 9.480962, -0.5138587, 7.635591E-5, 9.926268E-4, -2.2906772E-4, 0.80699277, 9.759532, -0.5202731, -45.99375, -89.71875, -1.6875001, 4.5928132, -74.1819302
2024-07-25 21:43:08.807, 1.0429716, 9.480962, -0.5138587, 7.635591E-5, 9.926268E-4, -2.2906772E-4, 0.80699277, 9.759532, -0.5202731, -45.99375, -89.71875, -1.6875001, 4.5928132, -74.1819302
2024-07-25 21:45:31.721, 1.0429716, 9.480962, -0.5138587, 7.635591E-5, 9.926268E-4, -2.2906772E-4, 0.80699277, 9.759532, -0.5202731, -45.99375, -89.71875, -1.6875001, 4.5928132, -74.1819302
2024-07-25 21:50:16.961, 1.0429716, 9.480962, -0.5138587, 7.635591E-5, 9.926268E-4, -2.2906772E-4, 0.80699277, 9.759532, -0.5202731, -45.99375, -89.71875, -1.6875001, 4.5928132, -74.1819302
2024-07-25 21:50:17.968, 1.0429716, 9.480962, -0.5138587, 7.635591E-5, 9.926268E-4, -2.2906772E-4, 0.80699277, 9.759532, -0.5202731, -45.99375, -89.71875, -1.6875001, 4.5928132, -74.1819302
2024-07-25 21:51:28.836, 1.0429716, 9.480962, -0.5138587, 7.635591E-5, 9.926268E-4, -2.2906772E-4, 0.80699277, 9.759532, -0.5202731, -45.99375, -89.71875, -1.6875001, 4.5928132, -74.1819302
2024-07-25 21:55:00.246, 1.0429716, 9.480962, -0.5138587, 7.635591E-5, 9.926268E-4, -2.2906772E-4, 0.80699277, 9.759532, -0.5202731, -45.99375, -89.71875, -1.6875001, 4.5928132, -74.1819302
2024-07-25 21:55:12.786, 1.0429716, 9.480962, -0.5138587, 7.635591E-5, 9.926268E-4, -2.2906772E-4, 0.80699277, 9.759532, -0.5202731, -45.99375, -89.71875, -1.6875001, 4.5928132, -74.1819302
2024-07-25 21:58:16.730, 1.0429716, 9.480962, -0.5138587, 7.635591E-5, 9.926268E-4, -2.2906772E-4, 0.80699277, 9.759532, -0.5202731, -45.99375, -89.71875, -1.6875001, 4.5928132, -74.1819302
2024-07-25 21:59:30.386, 1.0429716, 9.480962, -0.5138587, 7.635591E-5, 9.926268E-4, -2.2906772E-4, 0.80699277, 9.759532, -0.5202731, -45.99375, -89.71875, -1.6875001, 4.5928132, -74.1819302
2024-07-25 21:59:46.760, 1.0429716, 9.480962, -0.5138587, 7.635591E-5, 9.926268E-4, -2.2906772E-4, 0.80699277, 9.759532, -0.5202731, -45.99375, -89.71875, -1.6875001, 4.5928132, -74.1819302
