2024-07-22 23:00:27.767, -0.47946185, 9.564711, 0.07986046, -0.0061848285, -0.07574506, -0.011835165, -0.5932638, 9.786629, -0.20078811, -25.987501, 579.9, 25.575, 4.5928346, -74.1822434
2024-07-22 23:03:34.552, -0.47946185, 9.564711, 0.07986046, -0.0061848285, -0.07574506, -0.011835165, -0.5932638, 9.786629, -0.20078811, -25.987501, 579.9, 25.575, 4.5928346, -74.1822434
2024-07-22 23:12:22.680, -0.47946185, 9.564711, 0.07986046, -0.0061848285, -0.07574506, -0.011835165, -0.5932638, 9.786629, -0.20078811, -25.987501, 579.9, 25.575, 4.5928346, -74.1822434
2024-07-22 23:12:23.694, -0.47946185, 9.564711, 0.07986046, -0.0061848285, -0.07574506, -0.011835165, -0.5932638, 9.786629, -0.20078811, -25.987501, 579.9, 25.575, 4.5928346, -74.1822434
2024-07-22 23:19:16.120, -0.47946185, 9.564711, 0.07986046, -0.0061848285, -0.07574506, -0.011835165, -0.5932638, 9.786629, -0.20078811, -25.987501, 579.9, 25.575, 4.5928346, -74.1822434
2024-07-22 23:20:28.297, -0.47946185, 9.564711, 0.07986046, -0.0061848285, -0.07574506, -0.011835165, -0.5932638, 9.786629, -0.20078811, -25.987501, 579.9, 25.575, 4.5928346, -74.1822434
2024-07-22 23:27:38.757, -0.47946185, 9.564711, 0.07986046, -0.0061848285, -0.07574506, -0.011835165, -0.5932638, 9.786629, -0.20078811, -25.987501, 579.9, 25.575, 4.5928346, -74.1822434
2024-07-22 23:27:39.831, -0.47946185, 9.564711, 0.07986046, -0.0061848285, -0.07574506, -0.011835165, -0.5932638, 9.786629, -0.20078811, -25.987501, 579.9, 25.575, 4.5928346, -74.1822434
2024-07-22 23:32:04.404, -0.47946185, 9.564711, 0.07986046, -0.0061848285, -0.07574506, -0.011835165, -0.5932638, 9.786629, -0.20078811, -25.987501, 579.9, 25.575, 4.5928346, -74.1822434
2024-07-22 23:33:35.355, -0.47946185, 9.564711, 0.07986046, -0.0061848285, -0.07574506, -0.011835165, -0.5932638, 9.786629, -0.20078811, -25.987501, 579.9, 25.575, 4.5928346, -74.1822434
2024-07-22 23:38:46.544, -0.47946185, 9.564711, 0.07986046, -0.0061848285, -0.07574506, -0.011835165, -0.5932638, 9.786629, -0.20078811, -25.987501, 579.9, 25.575, 4.5928346, -74.1822434
2024-07-22 23:38:47.556, -0.47946185, 9.564711, 0.07986046, -0.0061848285, -0.07574506, -0.011835165, -0.5932638, 9.786629, -0.20078811, -25.987501, 579.9, 25.575, 4.5928346, -74.1822434
2024-07-22 23:41:43.953, -0.497408, 9.565907, 0.04995017, -0.0061848285, -0.07574506, -0.011835165, -0.5932638, 9.786629, -0.20078811, -25.987501, 579.9, 25.575, 4.5928346, -74.1822434
2024-07-22 23:41:44.957, -0.48783672, 9.58505, 0.06430711, -0.0061848285, -0.07574506, -0.011835165, -0.5932638, 9.786629, -0.20078811, -25.987501, 579.9, 25.575, 4.5928346, -74.1822434
2024-07-22 23:41:45.961, -0.48903313, 9.569496, 0.055932228, -0.0061848285, -0.07574506, -0.011835165, -0.5932638, 9.786629, -0.20078811, -27.300001, 580.275, 31.63125, 4.5930498, -74.1821939
2024-07-22 23:41:46.964, -0.48185465, 9.576674, 0.063110694, -0.0061848285, -0.07574506, -0.011835165, -0.5932638, 9.786629, -0.20078811, -27.525002, 580.0125, 31.706251, 4.5930498, -74.1821939
2024-07-22 23:41:47.967, -0.50099725, 9.583853, 0.041575294, -0.0061848285, -0.07574506, -0.011835165, -0.5932638, 9.786629, -0.20078811, -27.6, 580.1438, 31.9125, 4.5930223, -74.1821681
2024-07-22 23:41:48.972, -0.48424748, 9.562318, 0.04636094, -0.0061848285, -0.07574506, -0.011835165, -0.5932638, 9.786629, -0.20078811, -27.393751, 579.97504, 31.612501, 4.5929951, -74.1821582
2024-07-22 23:41:49.978, -0.4746762, 9.58146, 0.063110694, -0.0061848285, -0.07574506, -0.011835165, -0.5932638, 9.786629, -0.20078811, -27.35625, 580.29376, 32.0625, 4.5929858, -74.1821655
2024-07-22 23:41:50.985, -0.48903313, 9.593424, 0.058325052, -0.0061848285, -0.07574506, -0.011835165, -0.5932638, 9.786629, -0.20078811, -27.093752, 580.5188, 32.006252, 4.5929834, -74.1821641
2024-07-22 23:41:51.992, -0.50099725, 9.569496, 0.060717873, -0.0061848285, -0.07574506, -0.011835165, -0.5932638, 9.786629, -0.20078811, -27.187502, 580.10626, 31.406252, 4.5929824, -74.1821686
2024-07-22 23:41:52.995, -0.4746762, 9.593424, 0.051146585, -0.0061848285, -0.07574506, -0.011835165, -0.5932638, 9.786629, -0.20078811, -27.187502, 580.72504, 31.66875, 4.5929912, -74.1821793
2024-07-22 23:41:54.001, -0.50099725, 9.588638, 0.067896344, -0.0061848285, -0.07574506, -0.011835165, -0.5932638, 9.786629, -0.20078811, -27.243752, 580.125, 31.518751, 4.5929909, -74.182188
2024-07-22 23:41:55.007, -0.49142596, 9.567103, 0.058325052, -0.0061848285, -0.07574506, -0.011835165, -0.5932638, 9.786629, -0.20078811, -26.906252, 580.3125, 31.85625, 4.5929818, -74.1821788
2024-07-22 23:41:56.011, -0.49381876, 9.564711, 0.043968115, -0.0061848285, -0.07574506, -0.011835165, -0.5932638, 9.786629, -0.20078811, -26.85, 580.1813, 31.968752, 4.5929676, -74.1821698
2024-07-22 23:41:57.015, -0.5273183, 9.610174, 0.053539407, -0.0061848285, -0.07574506, -0.011835165, -0.5932638, 9.786629, -0.20078811, -26.343752, 580.48126, 31.650002, 4.5929566, -74.182165
2024-07-22 23:41:58.021, -0.49860442, 9.588638, 0.041575294, -0.0061848285, -0.07574506, -0.011835165, -0.5932638, 9.786629, -0.20078811, -27.31875, 580.35004, 31.25625, 4.59295, -74.1821641
2024-07-22 23:41:59.026, -0.47706902, 9.576674, 0.04875376, -0.0061848285, -0.07574506, -0.011835165, -0.5932638, 9.786629, -0.20078811, -27.468752, 580.03125, 30.69375, 4.5929446, -74.182162
2024-07-22 23:42:00.031, -0.4962116, 9.574282, 0.058325052, -0.0061848285, -0.07574506, -0.011835165, -0.5932638, 9.786629, -0.20078811, -27.675001, 579.6938, 31.95, 4.5929398, -74.1821605
2024-07-22 23:42:01.036, -0.47946185, 9.574282, 0.060717873, -0.0061848285, -0.07574506, -0.011835165, -0.5932638, 9.786629, -0.20078811, -26.7, 580.95, 31.462502, 4.5929364, -74.1821595
2024-07-22 23:42:02.044, -0.48424748, 9.574282, 0.060717873, -0.0061848285, -0.07574506, -0.011835165, -0.5932638, 9.786629, -0.20078811, -27.225, 580.40625, 32.193752, 4.5929327, -74.1821578
2024-07-22 23:42:03.049, -0.49142596, 9.588638, 0.06550352, -0.0061848285, -0.07574506, -0.011835165, -0.5932638, 9.786629, -0.20078811, -27.056252, 580.2563, 31.518751, 4.5929292, -74.1821563
2024-07-22 23:42:04.056, -0.4651049, 9.574282, 0.06550352, -0.0061848285, -0.07574506, -0.011835165, -0.5932638, 9.786629, -0.20078811, -27.581251, 580.3125, 31.125002, 4.5929263, -74.1821554
2024-07-22 23:42:05.061, -0.51056856, 9.571889, 0.072681986, -0.0061848285, -0.07574506, -0.011835165, -0.5932638, 9.786629, -0.20078811, -27.393751, 580.16254, 31.650002, 4.5929239, -74.1821543
2024-07-22 23:42:06.066, -0.4651049, 9.571889, 0.063110694, -0.0061848285, -0.07574506, -0.011835165, -0.5932638, 9.786629, -0.20078811, -27.31875, 579.9375, 32.23125, 4.5929229, -74.1821539
2024-07-22 23:42:07.070, -0.50817573, 9.583853, 0.067896344, -0.0061848285, -0.07574506, -0.011835165, -0.5932638, 9.786629, -0.20078811, -27.206251, 579.9938, 31.706251, 4.5929225, -74.1821537
2024-07-22 23:42:08.076, -0.48185465, 9.574282, 0.063110694, -0.0061848285, -0.07574506, -0.011835165, -0.5932638, 9.786629, -0.20078811, -27.562502, 579.75, 31.968752, 4.5929235, -74.182154
2024-07-22 23:42:09.080, -0.46749774, 9.579067, 0.070289165, -0.0061848285, -0.07574506, -0.011835165, -0.5932638, 9.786629, -0.20078811, -26.925001, 580.2563, 32.006252, 4.5929237, -74.1821532
2024-07-22 23:42:10.086, -0.5033901, 9.583853, 0.053539407, -0.0061848285, -0.07574506, -0.011835165, -0.5932638, 9.786629, -0.20078811, -27.150002, 580.66876, 32.23125, 4.5929242, -74.1821526
2024-07-22 23:42:11.092, -0.47706902, 9.579067, 0.060717873, -0.0061848285, -0.07574506, -0.011835165, -0.5932638, 9.786629, -0.20078811, -26.79375, 580.0875, 31.875002, 4.5929245, -74.182152
2024-07-22 23:42:12.097, -0.47228336, 9.571889, 0.055932228, -0.0061848285, -0.07574506, -0.011835165, -0.5932638, 9.786629, -0.20078811, -27.056252, 579.9375, 32.175003, 4.5929247, -74.1821513
2024-07-22 23:42:13.102, -0.48903313, 9.583853, 0.06550352, -0.0061848285, -0.07574506, -0.011835165, -0.5932638, 9.786629, -0.20078811, -27.375002, 580.2, 31.706251, 4.5929243, -74.1821521
2024-07-22 23:42:14.108, -0.46989053, 9.58146, 0.06550352, -0.0061848285, -0.07574506, -0.011835165, -0.5932638, 9.786629, -0.20078811, -26.38125, 580.3313, 31.612501, 4.5929243, -74.1821521
2024-07-22 23:42:15.699, -0.45553362, 9.583853, 0.055932228, -0.0061848285, -0.07574506, -0.011835165, -0.5932638, 9.786629, -0.20078811, -26.8875, 580.1438, 32.625, 4.5929245, -74.1821523
2024-07-22 23:42:17.281, -0.46271208, 9.574282, 0.055932228, -0.0061848285, -0.07574506, -0.011835165, -0.5932638, 9.786629, -0.20078811, -27.075, 580.8375, 31.85625, 4.5929248, -74.1821517
2024-07-22 23:42:18.286, -0.5057829, 9.591031, 0.07986046, -0.0061848285, -0.07574506, -0.011835165, -0.5932638, 9.786629, -0.20078811, -26.962502, 580.2563, 31.575, 4.5929245, -74.1821514
2024-07-22 23:42:19.293, -0.47946185, 9.598209, 0.08225328, -0.0061848285, -0.07574506, -0.011835165, -0.5932638, 9.786629, -0.20078811, -27.69375, 580.16254, 31.612501, 4.592926, -74.1821537
2024-07-22 23:42:21.602, -0.46989053, 9.588638, 0.077467635, -0.0061848285, -0.07574506, -0.011835165, -0.5932638, 9.786629, -0.20078811, -26.8875, 580.65, 31.500002, 4.5929269, -74.1821555
2024-07-22 23:42:22.605, -0.4531408, 9.583853, 0.063110694, -0.0061848285, -0.07574506, -0.011835165, -0.5932638, 9.786629, -0.20078811, -27.13125, 580.1438, 31.85625, 4.5929276, -74.182157
2024-07-22 23:42:23.610, -0.4746762, 9.58146, 0.058325052, -0.0061848285, -0.07574506, -0.011835165, -0.5932638, 9.786629, -0.20078811, -26.98125, 579.9563, 31.743752, 4.5929277, -74.1821573
2024-07-22 23:42:24.616, -0.47706902, 9.583853, 0.077467635, -0.0061848285, -0.07574506, -0.011835165, -0.5932638, 9.786629, -0.20078811, -27.16875, 580.2563, 31.3875, 4.592928, -74.182158
2024-07-22 23:42:26.967, -0.4244269, 9.58146, 0.067896344, -0.0061848285, -0.07574506, -0.011835165, -0.5932638, 9.786629, -0.20078811, -26.6625, 580.5188, 31.800001, 4.5929284, -74.182159
2024-07-22 23:42:27.971, -0.46271208, 9.586246, 0.058325052, -0.0061848285, -0.07574506, -0.011835165, -0.5932638, 9.786629, -0.20078811, -27.2625, 580.03125, 31.2, 4.5929286, -74.1821594
2024-07-22 23:42:28.976, -0.47946185, 9.579067, 0.067896344, -0.0061848285, -0.07574506, -0.011835165, -0.5932638, 9.786629, -0.20078811, -27.000002, 580.29376, 31.44375, 4.5929286, -74.1821596
2024-07-22 23:42:30.646, -0.46749774, 9.562318, 0.067896344, -0.0061848285, -0.07574506, -0.011835165, -0.5932638, 9.786629, -0.20078811, -27.431252, 580.3875, 32.04375, 4.5929294, -74.1821597
2024-07-22 23:42:32.310, -0.46271208, 9.576674, 0.053539407, -0.0061848285, -0.07574506, -0.011835165, -0.5932638, 9.786629, -0.20078811, -27.13125, 580.23755, 31.85625, 4.5929296, -74.1821596
2024-07-22 23:42:33.316, -0.4531408, 9.595817, 0.067896344, -0.0061848285, -0.07574506, -0.011835165, -0.5932638, 9.786629, -0.20078811, -27.206251, 579.97504, 32.006252, 4.5929295, -74.1821596
2024-07-22 23:42:34.322, -0.4531408, 9.598209, 0.060717873, -0.0061848285, -0.07574506, -0.011835165, -0.5932638, 9.786629, -0.20078811, -27.225, 580.2563, 31.781252, 4.5929298, -74.1821594
2024-07-22 23:42:36.646, -0.47946185, 9.593424, 0.053539407, -0.0061848285, -0.07574506, -0.011835165, -0.5932638, 9.786629, -0.20078811, -27.69375, 580.16254, 31.9125, 4.5929302, -74.182159
2024-07-22 23:42:37.650, -0.49860442, 9.588638, 0.08703893, -0.0061848285, -0.07574506, -0.011835165, -0.5932638, 9.786629, -0.20078811, -27.337502, 580.59375, 31.987501, 4.5929299, -74.1821588
2024-07-22 23:42:38.654, -0.4459623, 9.567103, 0.058325052, -0.0061848285, -0.07574506, -0.011835165, -0.5932638, 9.786629, -0.20078811, -27.187502, 580.2, 31.800001, 4.5929298, -74.1821587
2024-07-22 23:42:39.658, -0.4746762, 9.583853, 0.070289165, -0.0061848285, -0.07574506, -0.011835165, -0.5932638, 9.786629, -0.20078811, -27.2625, 579.91876, 31.743752, 4.59293, -74.1821587
2024-07-22 23:42:42.039, -0.4746762, 9.557532, 0.058325052, -0.0061848285, -0.07574506, -0.011835165, -0.5932638, 9.786629, -0.20078811, -26.85, 580.0688, 31.48125, 4.5929298, -74.1821583
2024-07-22 23:42:43.045, -0.50099725, 9.586246, 0.0846461, -0.0061848285, -0.07574506, -0.011835165, -0.5932638, 9.786629, -0.20078811, -27.768751, 579.9938, 31.95, 4.5929299, -74.1821582
2024-07-22 23:42:44.049, -0.45792642, 9.576674, 0.060717873, -0.0061848285, -0.07574506, -0.011835165, -0.5932638, 9.786629, -0.20078811, -27.2625, 580.2563, 31.95, 4.5929298, -74.1821579
2024-07-22 23:42:45.673, -0.47228336, 9.579067, 0.070289165, -0.0061848285, -0.07574506, -0.011835165, -0.5932638, 9.786629, -0.20078811, -27.31875, 581.04376, 31.781252, 4.5929291, -74.1821572
2024-07-22 23:42:47.327, -0.46031925, 9.562318, 0.06550352, -0.0061848285, -0.07574506, -0.011835165, -0.5932638, 9.786629, -0.20078811, -27.525002, 580.35004, 31.500002, 4.5929289, -74.182157
2024-07-22 23:42:48.333, -0.45074797, 9.569496, 0.053539407, -0.0061848285, -0.07574506, -0.011835165, -0.5932638, 9.786629, -0.20078811, -27.31875, 580.59375, 31.85625, 4.5929287, -74.1821567
2024-07-22 23:42:49.339, -0.4651049, 9.58146, 0.06550352, -0.0061848285, -0.07574506, -0.011835165, -0.5932638, 9.786629, -0.20078811, -27.225, 580.1813, 31.85625, 4.592929, -74.1821565
2024-07-22 23:42:51.583, -0.46271208, 9.567103, 0.051146585, -0.0061848285, -0.07574506, -0.011835165, -0.5932638, 9.786629, -0.20078811, -27.375002, 579.97504, 32.287502, 4.5929292, -74.1821563
2024-07-22 23:42:52.588, -0.46271208, 9.586246, 0.060717873, -0.0061848285, -0.07574506, -0.011835165, -0.5932638, 9.786629, -0.20078811, -26.962502, 580.3688, 31.987501, 4.5929298, -74.1821561
2024-07-22 23:42:53.592, -0.47946185, 9.576674, 0.070289165, -0.0061848285, -0.07574506, -0.011835165, -0.5932638, 9.786629, -0.20078811, -26.962502, 579.7688, 31.987501, 4.5929302, -74.1821559
2024-07-22 23:42:54.597, -0.48424748, 9.595817, 0.058325052, -0.0061848285, -0.07574506, -0.011835165, -0.5932638, 9.786629, -0.20078811, -27.656252, 580.3875, 31.500002, 4.5929302, -74.1821558
2024-07-22 23:42:56.771, -0.48424748, 9.576674, 0.063110694, -0.0061848285, -0.07574506, -0.011835165, -0.5932638, 9.786629, -0.20078811, -27.243752, 580.35004, 32.568752, 4.5929303, -74.1821556
2024-07-22 23:42:57.775, -0.44835514, 9.552746, 0.07507481, -0.0061848285, -0.07574506, -0.011835165, -0.5932638, 9.786629, -0.20078811, -27.225, 580.3125, 32.006252, 4.5929304, -74.1821555
2024-07-22 23:42:58.779, -0.46989053, 9.588638, 0.0846461, -0.0061848285, -0.07574506, -0.011835165, -0.5932638, 9.786629, -0.20078811, -28.031252, 580.1438, 31.743752, 4.5929305, -74.1821554
2024-07-22 23:43:14.062, -0.46989053, 9.555139, 0.063110694, -0.0061848285, -0.07574506, -0.011835165, -0.5932638, 9.786629, -0.20078811, -27.206251, 580.21875, 31.725, 4.5929305, -74.1821554
2024-07-22 23:47:24.016, -0.46989053, 9.555139, 0.063110694, -0.0061848285, -0.07574506, -0.011835165, -0.5932638, 9.786629, -0.20078811, -27.206251, 580.21875, 31.725, 4.5929305, -74.1821554
2024-07-22 23:48:30.531, -0.46989053, 9.555139, 0.063110694, -0.0061848285, -0.07574506, -0.011835165, -0.5932638, 9.786629, -0.20078811, -27.206251, 580.21875, 31.725, 4.5929305, -74.1821554
2024-07-22 23:58:30.557, -0.46989053, 9.555139, 0.063110694, -0.0061848285, -0.07574506, -0.011835165, -0.5932638, 9.786629, -0.20078811, -27.206251, 580.21875, 31.725, 4.5929305, -74.1821554
