2024-07-22 05:00:25.185, -0.56829536, 9.571889, -0.19292133, -3.8177954E-4, 0.0010689828, -2.2906772E-4, -0.5932638, 9.786629, -0.20078811, -12.562501, -37.03125, 59.456253, 4.5925648, -74.1818827
2024-07-22 05:02:02.034, -0.5946164, 9.555139, -0.2000998, -3.8177954E-4, 0.0010689828, -2.2906772E-4, -0.5932638, 9.786629, -0.20078811, -13.312501, -37.18125, 59.30625, 4.5925648, -74.1818827
2024-07-22 05:03:29.658, -0.57547385, 9.557532, -0.2000998, -3.8177954E-4, 0.0010689828, -2.2906772E-4, -0.5932638, 9.786629, -0.20078811, -12.843751, -36.825, 59.250004, 4.5925648, -74.1818827
2024-07-22 05:04:16.820, -0.573081, 9.557532, -0.20249261, -3.8177954E-4, 0.0010689828, -2.2906772E-4, -0.5932638, 9.786629, -0.20078811, -13.275001, -37.03125, 58.687504, 4.5925648, -74.1818827
2024-07-22 05:06:27.640, -0.56829536, 9.571889, -0.1905285, -3.8177954E-4, 0.0010689828, -2.2906772E-4, -0.5932638, 9.786629, -0.20078811, -13.44375, -37.40625, 59.156254, 4.5925648, -74.1818827
2024-07-22 05:07:53.374, -0.573081, 9.557532, -0.19292133, -3.8177954E-4, 0.0010689828, -2.2906772E-4, -0.5932638, 9.786629, -0.20078811, -12.712501, -36.91875, 59.062504, 4.5925648, -74.1818827
2024-07-22 05:07:54.377, -0.5946164, 9.555139, -0.19531415, -3.8177954E-4, 0.0010689828, -2.2906772E-4, -0.5932638, 9.786629, -0.20078811, -13.462501, -37.6875, 58.800003, 4.5925648, -74.1818827
2024-07-22 05:09:57.289, -0.58265233, 9.555139, -0.18813568, -3.8177954E-4, 0.0010689828, -2.2906772E-4, -0.5932638, 9.786629, -0.20078811, -13.500001, -36.693752, 58.875004, 4.5925648, -74.1818827
2024-07-22 05:12:02.017, -0.587438, 9.555139, -0.19770697, -3.8177954E-4, 0.0010689828, -2.2906772E-4, -0.5932638, 9.786629, -0.20078811, -13.593751, -37.050003, 59.100002, 4.5925648, -74.1818827
2024-07-22 05:13:49.158, -0.5922236, 9.562318, -0.20967108, -3.8177954E-4, 0.0010689828, -2.2906772E-4, -0.5932638, 9.786629, -0.20078811, -13.106251, -37.050003, 59.11875, 4.5925648, -74.1818827
2024-07-22 05:15:59.585, -0.57547385, 9.557532, -0.19770697, -3.8177954E-4, 0.0010689828, -2.2906772E-4, -0.5932638, 9.786629, -0.20078811, -13.218751, -37.162502, 59.193752, 4.5925648, -74.1818827
2024-07-22 05:17:45.153, -0.587438, 9.559925, -0.18095721, -3.8177954E-4, 0.0010689828, -2.2906772E-4, -0.5932638, 9.786629, -0.20078811, -13.762501, -37.21875, 59.193752, 4.5925648, -74.1818827
2024-07-22 05:17:46.158, -0.56829536, 9.555139, -0.1905285, -3.8177954E-4, 0.0010689828, -2.2906772E-4, -0.5932638, 9.786629, -0.20078811, -12.562501, -37.050003, 59.175003, 4.5925648, -74.1818827
2024-07-22 05:17:47.164, -0.56590253, 9.562318, -0.20488544, -3.8177954E-4, 0.0010689828, -2.2906772E-4, -0.5932638, 9.786629, -0.20078811, -13.575001, -36.825, 58.93125, 4.5926646, -74.1817638
2024-07-22 05:17:48.174, -0.58265233, 9.559925, -0.2000998, -3.8177954E-4, 0.0010689828, -2.2906772E-4, -0.5932638, 9.786629, -0.20078811, -13.106251, -36.956253, 58.631252, 4.5926023, -74.1818456
2024-07-22 05:17:49.179, -0.5946164, 9.557532, -0.20488544, -3.8177954E-4, 0.0010689828, -2.2906772E-4, -0.5932638, 9.786629, -0.20078811, -13.05, -37.18125, 59.30625, 4.5925843, -74.1818745
2024-07-22 05:17:50.189, -0.57547385, 9.543175, -0.1905285, -3.8177954E-4, 0.0010689828, -2.2906772E-4, -0.5932638, 9.786629, -0.20078811, -12.76875, -36.84375, 59.062504, 4.592568, -74.1818959
2024-07-22 05:17:51.193, -0.57547385, 9.562318, -0.19292133, -3.8177954E-4, 0.0010689828, -2.2906772E-4, -0.5932638, 9.786629, -0.20078811, -13.687501, -36.75, 59.268753, 4.5925575, -74.1819098
2024-07-22 05:17:52.199, -0.5778667, 9.552746, -0.20249261, -3.8177954E-4, 0.0010689828, -2.2906772E-4, -0.5932638, 9.786629, -0.20078811, -12.562501, -36.506252, 58.7625, 4.5925491, -74.1819189
2024-07-22 05:17:53.204, -0.5802595, 9.550353, -0.19770697, -3.8177954E-4, 0.0010689828, -2.2906772E-4, -0.5932638, 9.786629, -0.20078811, -12.58125, -37.162502, 59.381252, 4.5925467, -74.1819232
2024-07-22 05:17:54.209, -0.5778667, 9.567103, -0.19770697, -3.8177954E-4, 0.0010689828, -2.2906772E-4, -0.5932638, 9.786629, -0.20078811, -13.106251, -37.068752, 58.800003, 4.5925433, -74.1819268
2024-07-22 05:17:55.214, -0.58265233, 9.5455675, -0.2000998, -3.8177954E-4, 0.0010689828, -2.2906772E-4, -0.5932638, 9.786629, -0.20078811, -13.312501, -37.03125, 59.30625, 4.5925399, -74.1819294
2024-07-22 05:17:56.221, -0.56590253, 9.574282, -0.19292133, -3.8177954E-4, 0.0010689828, -2.2906772E-4, -0.5932638, 9.786629, -0.20078811, -12.993751, -36.956253, 58.781254, 4.5925342, -74.181933
2024-07-22 05:17:57.227, -0.57547385, 9.567103, -0.18095721, -3.8177954E-4, 0.0010689828, -2.2906772E-4, -0.5932638, 9.786629, -0.20078811, -12.95625, -37.2, 59.41875, 4.5925286, -74.1819355
2024-07-22 05:17:58.235, -0.56590253, 9.559925, -0.18574286, -3.8177954E-4, 0.0010689828, -2.2906772E-4, -0.5932638, 9.786629, -0.20078811, -12.993751, -37.8375, 59.812504, 4.5925272, -74.1819342
2024-07-22 05:17:59.242, -0.58265233, 9.535996, -0.2000998, -3.8177954E-4, 0.0010689828, -2.2906772E-4, -0.5932638, 9.786629, -0.20078811, -12.918751, -36.65625, 59.531254, 4.5925282, -74.1819293
2024-07-22 05:18:00.251, -0.58504516, 9.562318, -0.1905285, -3.8177954E-4, 0.0010689828, -2.2906772E-4, -0.5932638, 9.786629, -0.20078811, -13.368751, -37.275, 59.343754, 4.5925306, -74.1819246
2024-07-22 05:18:01.257, -0.57547385, 9.555139, -0.18813568, -3.8177954E-4, 0.0010689828, -2.2906772E-4, -0.5932638, 9.786629, -0.20078811, -12.69375, -37.29375, 58.74375, 4.5925323, -74.1819214
2024-07-22 05:18:02.264, -0.5922236, 9.559925, -0.20249261, -3.8177954E-4, 0.0010689828, -2.2906772E-4, -0.5932638, 9.786629, -0.20078811, -13.125001, -36.956253, 59.5875, 4.5925333, -74.1819189
2024-07-22 05:18:03.270, -0.587438, 9.571889, -0.19770697, -3.8177954E-4, 0.0010689828, -2.2906772E-4, -0.5932638, 9.786629, -0.20078811, -13.125001, -36.881252, 60.16875, 4.5925344, -74.1819168
2024-07-22 05:18:04.275, -0.5802595, 9.555139, -0.1905285, -3.8177954E-4, 0.0010689828, -2.2906772E-4, -0.5932638, 9.786629, -0.20078811, -13.1625, -37.143753, 59.381252, 4.5925354, -74.1819151
2024-07-22 05:18:05.280, -0.58983076, 9.567103, -0.1905285, -3.8177954E-4, 0.0010689828, -2.2906772E-4, -0.5932638, 9.786629, -0.20078811, -13.031251, -36.7125, 59.1375, 4.5925364, -74.1819131
2024-07-22 05:18:06.288, -0.5706882, 9.567103, -0.19770697, -3.8177954E-4, 0.0010689828, -2.2906772E-4, -0.5932638, 9.786629, -0.20078811, -13.14375, -36.65625, 59.737503, 4.5925367, -74.181912
2024-07-22 05:18:07.295, -0.5706882, 9.567103, -0.20967108, -3.8177954E-4, 0.0010689828, -2.2906772E-4, -0.5932638, 9.786629, -0.20078811, -12.675, -36.881252, 59.081253, 4.5925372, -74.1819104
2024-07-22 05:18:08.300, -0.56111693, 9.559925, -0.20249261, -3.8177954E-4, 0.0010689828, -2.2906772E-4, -0.5932638, 9.786629, -0.20078811, -12.937501, -37.631252, 59.362503, 4.5925371, -74.1819102
2024-07-22 05:18:09.305, -0.57547385, 9.550353, -0.19292133, -3.8177954E-4, 0.0010689828, -2.2906772E-4, -0.5932638, 9.786629, -0.20078811, -13.012501, -37.256252, 59.775, 4.5925368, -74.1819102
2024-07-22 05:18:10.310, -0.57547385, 9.569496, -0.20249261, -3.8177954E-4, 0.0010689828, -2.2906772E-4, -0.5932638, 9.786629, -0.20078811, -12.975, -37.125, 59.04375, 4.5925366, -74.1819105
2024-07-22 05:18:11.316, -0.56829536, 9.550353, -0.19770697, -3.8177954E-4, 0.0010689828, -2.2906772E-4, -0.5932638, 9.786629, -0.20078811, -13.06875, -37.237503, 59.343754, 4.5925365, -74.1819108
2024-07-22 05:18:12.321, -0.573081, 9.564711, -0.2000998, -3.8177954E-4, 0.0010689828, -2.2906772E-4, -0.5932638, 9.786629, -0.20078811, -13.293751, -37.275, 59.49375, 4.5925369, -74.1819111
2024-07-22 05:18:13.328, -0.5802595, 9.557532, -0.20249261, -3.8177954E-4, 0.0010689828, -2.2906772E-4, -0.5932638, 9.786629, -0.20078811, -13.106251, -36.768753, 59.193752, 4.5925376, -74.1819116
2024-07-22 05:18:14.335, -0.58983076, 9.564711, -0.19770697, -3.8177954E-4, 0.0010689828, -2.2906772E-4, -0.5932638, 9.786629, -0.20078811, -12.900001, -36.881252, 59.268753, 4.5925375, -74.1819117
2024-07-22 05:18:15.338, -0.58265233, 9.550353, -0.19292133, -3.8177954E-4, 0.0010689828, -2.2906772E-4, -0.5932638, 9.786629, -0.20078811, -13.125001, -37.40625, 59.268753, 4.592537, -74.1819113
2024-07-22 05:19:13.871, -0.58504516, 9.562318, -0.20249261, -3.8177954E-4, 0.0010689828, -2.2906772E-4, -0.5932638, 9.786629, -0.20078811, -13.462501, -37.3875, 58.987503, 4.5925369, -74.1819113
2024-07-22 05:19:46.343, -0.57547385, 9.552746, -0.19531415, -3.8177954E-4, 0.0010689828, -2.2906772E-4, -0.5932638, 9.786629, -0.20078811, -12.88125, -37.237503, 59.381252, 4.5925369, -74.1819113
2024-07-22 05:21:57.255, -0.5706882, 9.559925, -0.19292133, -3.8177954E-4, 0.0010689828, -2.2906772E-4, -0.5932638, 9.786629, -0.20078811, -13.012501, -37.03125, 59.062504, 4.5925369, -74.1819113
2024-07-22 05:22:01.795, -0.587438, 9.562318, -0.1905285, -3.8177954E-4, 0.0010689828, -2.2906772E-4, -0.5932638, 9.786629, -0.20078811, -13.63125, -37.237503, 59.1375, 4.5925369, -74.1819113
2024-07-22 05:22:45.335, -0.56111693, 9.555139, -0.19770697, -3.8177954E-4, 0.0010689828, -2.2906772E-4, -0.5932638, 9.786629, -0.20078811, -12.95625, -37.350002, 59.625004, 4.5925369, -74.1819113
2024-07-22 05:24:55.904, -0.5802595, 9.552746, -0.20967108, -3.8177954E-4, 0.0010689828, -2.2906772E-4, -0.5932638, 9.786629, -0.20078811, -13.44375, -36.99375, 58.85625, 4.5925369, -74.1819113
2024-07-22 05:27:06.785, -0.58265233, 9.540782, -0.19770697, -3.8177954E-4, 0.0010689828, -2.2906772E-4, -0.5932638, 9.786629, -0.20078811, -12.937501, -36.768753, 58.95, 4.5925369, -74.1819113
2024-07-22 05:29:13.563, -0.5706882, 9.54796, -0.20249261, -3.8177954E-4, 0.0010689828, -2.2906772E-4, -0.5932638, 9.786629, -0.20078811, -13.200001, -36.80625, 59.1375, 4.5925369, -74.1819113
2024-07-22 05:31:24.289, -0.58504516, 9.559925, -0.19770697, -3.8177954E-4, 0.0010689828, -2.2906772E-4, -0.5932638, 9.786629, -0.20078811, -13.06875, -37.10625, 59.062504, 4.5925369, -74.1819113
2024-07-22 05:31:43.766, -0.56829536, 9.564711, -0.18813568, -3.8177954E-4, 0.0010689828, -2.2906772E-4, -0.5932638, 9.786629, -0.20078811, -13.275001, -37.275, 58.893753, 4.5925369, -74.1819113
2024-07-22 05:32:02.174, -0.573081, 9.564711, -0.1905285, -3.8177954E-4, 0.0010689828, -2.2906772E-4, -0.5932638, 9.786629, -0.20078811, -13.218751, -36.99375, 58.85625, 4.5925369, -74.1819113
2024-07-22 05:33:29.705, -0.56829536, 9.559925, -0.20249261, -3.8177954E-4, 0.0010689828, -2.2906772E-4, -0.5932638, 9.786629, -0.20078811, -13.743751, -37.59375, 58.66875, 4.5925369, -74.1819113
2024-07-22 05:35:40.235, -0.5778667, 9.54796, -0.2000998, -3.8177954E-4, 0.0010689828, -2.2906772E-4, -0.5932638, 9.786629, -0.20078811, -14.493751, -37.0875, 58.875004, 4.5925369, -74.1819113
2024-07-22 05:37:50.988, -0.5778667, 9.564711, -0.1905285, -3.8177954E-4, 0.0010689828, -2.2906772E-4, -0.5932638, 9.786629, -0.20078811, -14.437501, -37.18125, 59.100002, 4.5925369, -74.1819113
2024-07-22 05:39:57.129, -0.56829536, 9.559925, -0.19770697, -3.8177954E-4, 0.0010689828, -2.2906772E-4, -0.5932638, 9.786629, -0.20078811, -13.856251, -37.0125, 58.968754, 4.5925369, -74.1819113
2024-07-22 05:42:02.011, -0.5778667, 9.543175, -0.23838496, -3.8177954E-4, 0.0010689828, -2.2906772E-4, -0.5932638, 9.786629, -0.20078811, -11.34375, -36.5625, 55.050003, 4.5925369, -74.1819113
2024-07-22 05:43:34.511, -0.6448657, 9.564711, -0.1905285, -3.8177954E-4, 0.0010689828, -2.2906772E-4, -0.5932638, 9.786629, -0.20078811, -11.887501, -35.925003, 54.61875, 4.5925369, -74.1819113
2024-07-22 05:45:10.517, -0.0846461, 9.538389, -0.023030918, -3.8177954E-4, 0.0010689828, -2.2906772E-4, -0.5932638, 9.786629, -0.20078811, -10.51875, -39.91875, 37.537502, 4.5925369, -74.1819113
2024-07-22 05:45:36.833, -0.5344968, 9.646067, -0.039780676, -3.8177954E-4, 0.0010689828, -2.2906772E-4, -0.5932638, 9.786629, -0.20078811, -9.450001, -37.96875, 39.73125, 4.5925369, -74.1819113
2024-07-22 05:46:23.748, -0.70947194, 9.552746, -0.07088737, -3.8177954E-4, 0.0010689828, -2.2906772E-4, -0.5932638, 9.786629, -0.20078811, -9.637501, -35.268753, 60.975002, 4.5925369, -74.1819113
2024-07-22 05:48:30.185, -0.74536425, 9.555139, -0.037387855, -3.8177954E-4, 0.0010689828, -2.2906772E-4, -0.5932638, 9.786629, -0.20078811, -11.118751, -35.2125, 61.350002, 4.5925369, -74.1819113
2024-07-22 05:49:57.720, -0.73340017, 9.555139, -0.0637089, -3.8177954E-4, 0.0010689828, -2.2906772E-4, -0.5932638, 9.786629, -0.20078811, -10.78125, -35.100002, 61.350002, 4.5925369, -74.1819113
2024-07-22 05:51:35.453, -0.70947194, 9.555139, -0.0637089, -3.8177954E-4, 0.0010689828, -2.2906772E-4, -0.5932638, 9.786629, -0.20078811, -10.668751, -35.04375, 61.518753, 4.5925369, -74.1819113
2024-07-22 05:52:45.774, -0.7190432, 9.5455675, -0.06610172, -3.8177954E-4, 0.0010689828, -2.2906772E-4, -0.5932638, 9.786629, -0.20078811, -10.837501, -35.268753, 61.7625, 4.5925369, -74.1819113
2024-07-22 05:53:20.905, -0.7286145, 9.552746, -0.0637089, -3.8177954E-4, 0.0010689828, -2.2906772E-4, -0.5932638, 9.786629, -0.20078811, -11.00625, -35.0625, 61.518753, 4.5925369, -74.1819113
2024-07-22 05:54:50.976, -0.695115, 9.54796, -0.056530435, -3.8177954E-4, 0.0010689828, -2.2906772E-4, -0.5932638, 9.786629, -0.20078811, -10.2375, -35.287502, 62.362503, 4.5925369, -74.1819113
2024-07-22 05:56:29.741, -0.71665037, 9.552746, -0.07328019, -3.8177954E-4, 0.0010689828, -2.2906772E-4, -0.5932638, 9.786629, -0.20078811, -9.4125, -35.4, 61.050003, 4.5925369, -74.1819113
2024-07-22 05:58:30.246, -0.73818576, 9.557532, -0.075673014, -3.8177954E-4, 0.0010689828, -2.2906772E-4, -0.5932638, 9.786629, -0.20078811, -9.168751, -34.5, 61.237503, 4.5925369, -74.1819113
